"gbifID","datasetKey","occurrenceID","kingdom","phylum","class","order","family","genus","species","infraspecificEpithet","taxonRank","scientificName","verbatimScientificName","verbatimScientificNameAuthorship","countryCode","locality","stateProvince","occurrenceStatus","individualCount","publishingOrgKey","decimalLatitude","decimalLongitude","coordinateUncertaintyInMeters","coordinatePrecision","elevation","elevationAccuracy","depth","depthAccuracy","eventDate","day","month","year","taxonKey","speciesKey","basisOfRecord","institutionCode","collectionCode","catalogNumber","recordNumber","identifiedBy","dateIdentified","license","rightsHolder","recordedBy","typeStatus","establishmentMeans","lastInterpreted","mediaType","issue"
5167021957,"50c9509d-22c7-4a22-a47d-8c48425ef4a7","https://www.inaturalist.org/observations/282593682","Animalia","Arthropoda","Malacostraca","Decapoda","Portunidae","Callinectes","Callinectes similis",NA,"SPECIES","Callinectes similis Williams, 1966","Callinectes similis","","US","","South Carolina","PRESENT",NA,"28eb1a3f-1c15-4a95-931a-4af90ecb574d",32.576254,-80.194397,40,NA,NA,NA,NA,NA,"2024-06-09T19:00:57",9,6,2024,2225642,2225642,"HUMAN_OBSERVATION","iNaturalist","Observations",282593682,NA,"Tyler Harris",2025-05-20 09:57:06,"CC_BY_NC_4_0","Tyler Harris","Tyler Harris",NA,NA,2025-06-07 01:04:34.575,"StillImage","COORDINATE_ROUNDED;CONTINENT_DERIVED_FROM_COORDINATES;TAXON_MATCH_TAXON_ID_IGNORED"
5166962842,"50c9509d-22c7-4a22-a47d-8c48425ef4a7","https://www.inaturalist.org/observations/273277196","Animalia","Arthropoda","Malacostraca","Decapoda","Portunidae","Callinectes","Callinectes similis",NA,"SPECIES","Callinectes similis Williams, 1966","Callinectes similis","","US","","Florida","PRESENT",NA,"28eb1a3f-1c15-4a95-931a-4af90ecb574d",29.902248,-81.293091,NA,NA,NA,NA,NA,NA,"2025-04-25T10:52:28",25,4,2025,2225642,2225642,"HUMAN_OBSERVATION","iNaturalist","Observations",273277196,NA,"ed_flagler",2025-05-15 01:38:09,"CC_BY_NC_4_0","dawnmmw","dawnmmw",NA,NA,2025-06-07 00:32:51.162,"StillImage","COORDINATE_ROUNDED;CONTINENT_DERIVED_FROM_COORDINATES;TAXON_MATCH_TAXON_ID_IGNORED"
5139941200,"50c9509d-22c7-4a22-a47d-8c48425ef4a7","https://www.inaturalist.org/observations/234449950","Animalia","Arthropoda","Malacostraca","Decapoda","Portunidae","Callinectes","Callinectes similis",NA,"SPECIES","Callinectes similis Williams, 1966","Callinectes similis","","US","","Florida","PRESENT",NA,"28eb1a3f-1c15-4a95-931a-4af90ecb574d",30.33051,-87.320387,27,NA,NA,NA,NA,NA,"2024-07-29T12:05",29,7,2024,2225642,2225642,"HUMAN_OBSERVATION","iNaturalist","Observations",234449950,NA,"Austin Smith",2025-01-17 18:34:14,"CC0_1_0","Lauren Harter","Lauren Harter",NA,NA,2025-06-07 00:38:02.277,"StillImage","COORDINATE_ROUNDED;CONTINENT_DERIVED_FROM_COORDINATES;TAXON_MATCH_TAXON_ID_IGNORED"
5133104649,"50c9509d-22c7-4a22-a47d-8c48425ef4a7","https://www.inaturalist.org/observations/40456028","Animalia","Arthropoda","Malacostraca","Decapoda","Portunidae","Callinectes","Callinectes similis",NA,"SPECIES","Callinectes similis Williams, 1966","Callinectes similis","","MX","","Quintana Roo","PRESENT",NA,"28eb1a3f-1c15-4a95-931a-4af90ecb574d",21.136998,-86.754533,NA,NA,NA,NA,NA,NA,"2020-01-31T16:12",31,1,2020,2225642,2225642,"HUMAN_OBSERVATION","iNaturalist","Observations",40456028,NA,"awakida",2020-06-19 14:53:42,"CC_BY_NC_4_0","Diego Almendras G.","Diego Almendras G.",NA,NA,2025-06-07 00:26:54.565,"StillImage","COORDINATE_ROUNDED;CONTINENT_DERIVED_FROM_COORDINATES;TAXON_MATCH_TAXON_ID_IGNORED"
5076718446,"50c9509d-22c7-4a22-a47d-8c48425ef4a7","https://www.inaturalist.org/observations/52590767","Animalia","Arthropoda","Malacostraca","Decapoda","Portunidae","Callinectes","Callinectes similis",NA,"SPECIES","Callinectes similis Williams, 1966","Callinectes similis","","US","","Georgia","PRESENT",NA,"28eb1a3f-1c15-4a95-931a-4af90ecb574d",31.033231,-81.416687,6,NA,NA,NA,NA,NA,"2020-07-10T12:28:06",10,7,2020,2225642,2225642,"HUMAN_OBSERVATION","iNaturalist","Observations",52590767,NA,"Austin Smith",2022-05-25 13:40:50,"CC0_1_0","Madison Gover","Madison Gover",NA,NA,2025-06-06 23:53:46.227,"StillImage","COORDINATE_ROUNDED;CONTINENT_DERIVED_FROM_COORDINATES;TAXON_MATCH_TAXON_ID_IGNORED"
5069706969,"50c9509d-22c7-4a22-a47d-8c48425ef4a7","https://www.inaturalist.org/observations/180301501","Animalia","Arthropoda","Malacostraca","Decapoda","Portunidae","Callinectes","Callinectes similis",NA,"SPECIES","Callinectes similis Williams, 1966","Callinectes similis","","US","","South Carolina","PRESENT",NA,"28eb1a3f-1c15-4a95-931a-4af90ecb574d",32.218933,-80.667022,4,NA,NA,NA,NA,NA,"2023-08-26T08:52:25",26,8,2023,2225642,2225642,"HUMAN_OBSERVATION","iNaturalist","Observations",180301501,NA,"Cameron T. C.",2025-01-17 10:15:16,"CC_BY_NC_4_0","E Bak","E Bak",NA,NA,2025-06-07 01:35:53.372,"StillImage","COORDINATE_ROUNDED;CONTINENT_DERIVED_FROM_COORDINATES;TAXON_MATCH_TAXON_ID_IGNORED"
5062796466,"50c9509d-22c7-4a22-a47d-8c48425ef4a7","https://www.inaturalist.org/observations/222677204","Animalia","Arthropoda","Malacostraca","Decapoda","Portunidae","Callinectes","Callinectes similis",NA,"SPECIES","Callinectes similis Williams, 1966","Callinectes similis","","US","","Florida","PRESENT",NA,"28eb1a3f-1c15-4a95-931a-4af90ecb574d",29.711991,-81.231568,3,NA,NA,NA,NA,NA,"2024-06-14T13:02:32",14,6,2024,2225642,2225642,"HUMAN_OBSERVATION","iNaturalist","Observations",222677204,NA,"Levi F. C. Smith",2024-06-14 17:02:42,"CC_BY_NC_4_0","Levi F. C. Smith","Levi F. C. Smith",NA,NA,2025-06-07 01:27:26.887,"StillImage","COORDINATE_ROUNDED;CONTINENT_DERIVED_FROM_COORDINATES;TAXON_MATCH_TAXON_ID_IGNORED"
5062780047,"50c9509d-22c7-4a22-a47d-8c48425ef4a7","https://www.inaturalist.org/observations/229158143","Animalia","Arthropoda","Malacostraca","Decapoda","Portunidae","Callinectes","Callinectes similis",NA,"SPECIES","Callinectes similis Williams, 1966","Callinectes similis","","US","","Florida","PRESENT",NA,"28eb1a3f-1c15-4a95-931a-4af90ecb574d",30.31033,-87.406753,310,NA,NA,NA,NA,NA,"2024-07-13T19:29:21",13,7,2024,2225642,2225642,"HUMAN_OBSERVATION","iNaturalist","Observations",229158143,NA,"Ava T.",2024-07-14 01:09:42,"CC_BY_NC_4_0","Ava T.","Ava T.",NA,NA,2025-06-07 01:14:41.277,"StillImage","COORDINATE_ROUNDED;CONTINENT_DERIVED_FROM_COORDINATES;TAXON_MATCH_TAXON_ID_IGNORED"
5062767792,"50c9509d-22c7-4a22-a47d-8c48425ef4a7","https://www.inaturalist.org/observations/224499206","Animalia","Arthropoda","Malacostraca","Decapoda","Portunidae","Callinectes","Callinectes similis",NA,"SPECIES","Callinectes similis Williams, 1966","Callinectes similis","","US","","North Carolina","PRESENT",NA,"28eb1a3f-1c15-4a95-931a-4af90ecb574d",33.915804,-78.23195,122,NA,NA,NA,NA,NA,"2024-06-19T17:33",19,6,2024,2225642,2225642,"HUMAN_OBSERVATION","iNaturalist","Observations",224499206,NA,"Siobhan O'Neill",2024-06-22 21:53:52,"CC_BY_NC_4_0","Siobhan O'Neill","Siobhan O'Neill",NA,NA,2025-06-07 02:56:19.304,"StillImage","COORDINATE_ROUNDED;CONTINENT_DERIVED_FROM_COORDINATES;TAXON_MATCH_TAXON_ID_IGNORED"
5062751947,"50c9509d-22c7-4a22-a47d-8c48425ef4a7","https://www.inaturalist.org/observations/228883800","Animalia","Arthropoda","Malacostraca","Decapoda","Portunidae","Callinectes","Callinectes similis",NA,"SPECIES","Callinectes similis Williams, 1966","Callinectes similis","","US","","South Carolina","PRESENT",NA,"28eb1a3f-1c15-4a95-931a-4af90ecb574d",32.243008,-80.684897,4,NA,NA,NA,NA,NA,"2024-07-11T17:54:15",11,7,2024,2225642,2225642,"HUMAN_OBSERVATION","iNaturalist","Observations",228883800,NA,"Sawyer Baran",2024-07-12 19:29:38,"CC_BY_4_0","Sawyer Baran","Sawyer Baran",NA,NA,2025-06-07 00:02:55.942,"StillImage","COORDINATE_ROUNDED;CONTINENT_DERIVED_FROM_COORDINATES;TAXON_MATCH_TAXON_ID_IGNORED"
5062630806,"50c9509d-22c7-4a22-a47d-8c48425ef4a7","https://www.inaturalist.org/observations/170325457","Animalia","Arthropoda","Malacostraca","Decapoda","Portunidae","Callinectes","Callinectes similis",NA,"SPECIES","Callinectes similis Williams, 1966","Callinectes similis","","US","","South Carolina","PRESENT",NA,"28eb1a3f-1c15-4a95-931a-4af90ecb574d",32.307775,-80.502095,4,NA,NA,NA,NA,NA,"2023-06-30T13:55",30,6,2023,2225642,2225642,"HUMAN_OBSERVATION","iNaturalist","Observations",170325457,NA,"Norm Shea",2023-06-30 23:01:47,"CC_BY_4_0","erin henson","erin henson",NA,NA,2025-06-07 00:07:11.389,"StillImage","COORDINATE_ROUNDED;CONTINENT_DERIVED_FROM_COORDINATES;TAXON_MATCH_TAXON_ID_IGNORED"
5062616668,"50c9509d-22c7-4a22-a47d-8c48425ef4a7","https://www.inaturalist.org/observations/170325467","Animalia","Arthropoda","Malacostraca","Decapoda","Portunidae","Callinectes","Callinectes similis",NA,"SPECIES","Callinectes similis Williams, 1966","Callinectes similis","","US","","South Carolina","PRESENT",NA,"28eb1a3f-1c15-4a95-931a-4af90ecb574d",32.307576,-80.501757,4,NA,NA,NA,NA,NA,"2023-06-30T14:28",30,6,2023,2225642,2225642,"HUMAN_OBSERVATION","iNaturalist","Observations",170325467,NA,"Norm Shea",2023-06-30 22:57:30,"CC_BY_4_0","erin henson","erin henson",NA,NA,2025-06-07 02:50:46.309,"StillImage","COORDINATE_ROUNDED;CONTINENT_DERIVED_FROM_COORDINATES;TAXON_MATCH_TAXON_ID_IGNORED"
5062607910,"50c9509d-22c7-4a22-a47d-8c48425ef4a7","https://www.inaturalist.org/observations/177061008","Animalia","Arthropoda","Malacostraca","Decapoda","Portunidae","Callinectes","Callinectes similis",NA,"SPECIES","Callinectes similis Williams, 1966","Callinectes similis","","US","","South Carolina","PRESENT",NA,"28eb1a3f-1c15-4a95-931a-4af90ecb574d",32.68425,-79.897788,5629,NA,NA,NA,NA,NA,"2023-08-05T18:53:29",5,8,2023,2225642,2225642,"HUMAN_OBSERVATION","iNaturalist","Observations",177061008,NA,"Cameron T. C.",2025-01-15 08:12:00,"CC_BY_NC_4_0","Logan Parker","Logan Parker",NA,NA,2025-06-07 02:42:20.474,"StillImage","COORDINATE_ROUNDED;CONTINENT_DERIVED_FROM_COORDINATES;TAXON_MATCH_TAXON_ID_IGNORED"
5062538276,"50c9509d-22c7-4a22-a47d-8c48425ef4a7","https://www.inaturalist.org/observations/151045194","Animalia","Arthropoda","Malacostraca","Decapoda","Portunidae","Callinectes","Callinectes similis",NA,"SPECIES","Callinectes similis Williams, 1966","Callinectes similis","","US","","South Carolina","PRESENT",NA,"28eb1a3f-1c15-4a95-931a-4af90ecb574d",32.53423,-80.4282,4,NA,NA,NA,NA,NA,"2023-03-13T11:28:46",13,3,2023,2225642,2225642,"HUMAN_OBSERVATION","iNaturalist","Observations",151045194,NA,"Norm Shea",2023-03-13 17:09:37,"CC_BY_NC_4_0","Fred","Fred",NA,NA,2025-06-07 00:22:58.539,"StillImage","CONTINENT_DERIVED_FROM_COORDINATES;TAXON_MATCH_TAXON_ID_IGNORED"
5037120888,"50c9509d-22c7-4a22-a47d-8c48425ef4a7","https://www.inaturalist.org/observations/233968365","Animalia","Arthropoda","Malacostraca","Decapoda","Portunidae","Callinectes","Callinectes similis",NA,"SPECIES","Callinectes similis Williams, 1966","Callinectes similis","","US","","North Carolina","PRESENT",NA,"28eb1a3f-1c15-4a95-931a-4af90ecb574d",34.651883,-77.099725,3,NA,NA,NA,NA,NA,"2024-08-03T17:34:55",3,8,2024,2225642,2225642,"HUMAN_OBSERVATION","iNaturalist","Observations",233968365,NA,"Cameron T. C.",2025-01-13 07:15:40,"CC_BY_4_0","Max J. Ford","Max J. Ford",NA,NA,2025-06-07 01:13:14.39,"StillImage","COORDINATE_ROUNDED;CONTINENT_DERIVED_FROM_COORDINATES;TAXON_MATCH_TAXON_ID_IGNORED"
5036921366,"50c9509d-22c7-4a22-a47d-8c48425ef4a7","https://www.inaturalist.org/observations/228156010","Animalia","Arthropoda","Malacostraca","Decapoda","Portunidae","Callinectes","Callinectes similis",NA,"SPECIES","Callinectes similis Williams, 1966","Callinectes similis","","US","","South Carolina","PRESENT",NA,"28eb1a3f-1c15-4a95-931a-4af90ecb574d",33.519828,-79.043161,NA,NA,NA,NA,NA,NA,"2023-12-29T12:22:35",29,12,2023,2225642,2225642,"HUMAN_OBSERVATION","iNaturalist","Observations",228156010,NA,"Norm Shea",2024-07-09 17:03:37,"CC_BY_NC_4_0","Will Bennett","Will Bennett",NA,NA,2025-06-07 01:51:22.465,"StillImage","COORDINATE_ROUNDED;CONTINENT_DERIVED_FROM_COORDINATES;TAXON_MATCH_TAXON_ID_IGNORED"
5007305836,"50c9509d-22c7-4a22-a47d-8c48425ef4a7","https://www.inaturalist.org/observations/245129769","Animalia","Arthropoda","Malacostraca","Decapoda","Portunidae","Callinectes","Callinectes similis",NA,"SPECIES","Callinectes similis Williams, 1966","Callinectes similis","","US","","South Carolina","PRESENT",NA,"28eb1a3f-1c15-4a95-931a-4af90ecb574d",32.27066,-80.694252,2758,NA,NA,NA,NA,NA,"2024-10-01T16:27:13",1,10,2024,2225642,2225642,"HUMAN_OBSERVATION","iNaturalist","Observations",245129769,NA,"Austin Smith",2024-10-05 13:17:36,"CC_BY_NC_4_0","hannahvwarren","hannahvwarren",NA,NA,2025-06-07 01:02:52.4,"StillImage","COORDINATE_ROUNDED;CONTINENT_DERIVED_FROM_COORDINATES;TAXON_MATCH_TAXON_ID_IGNORED"
4993908197,"50c9509d-22c7-4a22-a47d-8c48425ef4a7","https://www.inaturalist.org/observations/252271379","Animalia","Arthropoda","Malacostraca","Decapoda","Portunidae","Callinectes","Callinectes similis",NA,"SPECIES","Callinectes similis Williams, 1966","Callinectes similis","","US","","Georgia","PRESENT",NA,"28eb1a3f-1c15-4a95-931a-4af90ecb574d",31.102406,-81.404007,251,NA,NA,NA,NA,NA,"2024-11-18T16:56:09",18,11,2024,2225642,2225642,"HUMAN_OBSERVATION","iNaturalist","Observations",252271379,NA,"Alexis Rogers",2024-11-19 13:49:06,"CC0_1_0","Alexis Rogers","Alexis Rogers",NA,NA,2025-06-07 00:57:41.074,"StillImage","COORDINATE_ROUNDED;CONTINENT_DERIVED_FROM_COORDINATES;TAXON_MATCH_TAXON_ID_IGNORED"
4987571407,"50c9509d-22c7-4a22-a47d-8c48425ef4a7","https://www.inaturalist.org/observations/252646955","Animalia","Arthropoda","Malacostraca","Decapoda","Portunidae","Callinectes","Callinectes similis",NA,"SPECIES","Callinectes similis Williams, 1966","Callinectes similis","","US","","North Carolina","PRESENT",NA,"28eb1a3f-1c15-4a95-931a-4af90ecb574d",34.641328,-76.643806,4,NA,NA,NA,NA,NA,"2024-09-11T08:41",11,9,2024,2225642,2225642,"HUMAN_OBSERVATION","iNaturalist","Observations",252646955,NA,"gcstraley",2024-11-22 22:22:10,"CC_BY_NC_4_0","gcstraley","gcstraley",NA,NA,2025-06-07 02:10:50.139,"StillImage","COORDINATE_ROUNDED;CONTINENT_DERIVED_FROM_COORDINATES;TAXON_MATCH_TAXON_ID_IGNORED"
4981966089,"50c9509d-22c7-4a22-a47d-8c48425ef4a7","https://www.inaturalist.org/observations/238097089","Animalia","Arthropoda","Malacostraca","Decapoda","Portunidae","Callinectes","Callinectes similis",NA,"SPECIES","Callinectes similis Williams, 1966","Callinectes similis","","US","","Georgia","PRESENT",NA,"28eb1a3f-1c15-4a95-931a-4af90ecb574d",31.022817,-81.434113,15,NA,NA,NA,NA,NA,"2024-08-25T14:57:23",25,8,2024,2225642,2225642,"HUMAN_OBSERVATION","iNaturalist","Observations",238097089,NA,"Sawyer Baran",2024-08-26 16:54:46,"CC_BY_4_0","Sawyer Baran","Sawyer Baran",NA,NA,2025-06-07 01:02:48.089,"StillImage","COORDINATE_ROUNDED;CONTINENT_DERIVED_FROM_COORDINATES;TAXON_MATCH_TAXON_ID_IGNORED"
4981919701,"50c9509d-22c7-4a22-a47d-8c48425ef4a7","https://www.inaturalist.org/observations/237562151","Animalia","Arthropoda","Malacostraca","Decapoda","Portunidae","Callinectes","Callinectes similis",NA,"SPECIES","Callinectes similis Williams, 1966","Callinectes similis","","US","","North Carolina","PRESENT",NA,"28eb1a3f-1c15-4a95-931a-4af90ecb574d",34.205783,-77.797539,NA,NA,NA,NA,NA,NA,"2024-08-23T21:06",23,8,2024,2225642,2225642,"HUMAN_OBSERVATION","iNaturalist","Observations",237562151,NA,"Austin Smith",2024-08-24 13:04:40,"CC_BY_NC_4_0","jingibi","jingibi",NA,NA,2025-06-07 00:50:36.89,"StillImage","COORDINATE_ROUNDED;CONTINENT_DERIVED_FROM_COORDINATES;TAXON_MATCH_TAXON_ID_IGNORED"
4954520238,"50c9509d-22c7-4a22-a47d-8c48425ef4a7","https://www.inaturalist.org/observations/247031316","Animalia","Arthropoda","Malacostraca","Decapoda","Portunidae","Callinectes","Callinectes similis",NA,"SPECIES","Callinectes similis Williams, 1966","Callinectes similis","","US","","New Jersey","PRESENT",NA,"28eb1a3f-1c15-4a95-931a-4af90ecb574d",39.206859,-74.656842,NA,NA,NA,NA,NA,NA,"2024-10-12T12:02:17",12,10,2024,2225642,2225642,"HUMAN_OBSERVATION","iNaturalist","Observations",247031316,NA,"Brian G.",2024-10-13 00:39:43,"CC_BY_NC_4_0","Brian G.","Brian G.",NA,NA,2025-06-07 00:54:39.298,"StillImage","COORDINATE_ROUNDED;CONTINENT_DERIVED_FROM_COORDINATES;TAXON_MATCH_TAXON_ID_IGNORED"
4952315951,"50c9509d-22c7-4a22-a47d-8c48425ef4a7","https://www.inaturalist.org/observations/143471562","Animalia","Arthropoda","Malacostraca","Decapoda","Portunidae","Callinectes","Callinectes similis",NA,"SPECIES","Callinectes similis Williams, 1966","Callinectes similis","","US","","Texas","PRESENT",NA,"28eb1a3f-1c15-4a95-931a-4af90ecb574d",27.825556,-97.152778,NA,NA,NA,NA,NA,NA,"2022-12-01T10:55",1,12,2022,2225642,2225642,"HUMAN_OBSERVATION","iNaturalist","Observations",143471562,NA,"Austin Smith",2022-12-02 13:26:25,"CC_BY_4_0","Alessandro Franchini","Alessandro Franchini",NA,NA,2025-06-07 00:43:37.579,"StillImage","COORDINATE_ROUNDED;CONTINENT_DERIVED_FROM_COORDINATES;TAXON_MATCH_TAXON_ID_IGNORED"
4945865314,"50c9509d-22c7-4a22-a47d-8c48425ef4a7","https://www.inaturalist.org/observations/239514730","Animalia","Arthropoda","Malacostraca","Decapoda","Portunidae","Callinectes","Callinectes similis",NA,"SPECIES","Callinectes similis Williams, 1966","Callinectes similis","","US","","Florida","PRESENT",NA,"28eb1a3f-1c15-4a95-931a-4af90ecb574d",25.715875,-80.148758,12,NA,NA,NA,NA,NA,"2024-09-02T14:05:15",2,9,2024,2225642,2225642,"HUMAN_OBSERVATION","iNaturalist","Observations",239514730,NA,"Ryan Chaffee",2024-09-02 23:56:52,"CC_BY_NC_4_0","Ryan Chaffee","Ryan Chaffee",NA,NA,2025-06-07 03:10:58.676,"StillImage","COORDINATE_ROUNDED;CONTINENT_DERIVED_FROM_COORDINATES;TAXON_MATCH_TAXON_ID_IGNORED"
4921470996,"50c9509d-22c7-4a22-a47d-8c48425ef4a7","https://www.inaturalist.org/observations/152504342","Animalia","Arthropoda","Malacostraca","Decapoda","Portunidae","Callinectes","Callinectes similis",NA,"SPECIES","Callinectes similis Williams, 1966","Callinectes similis","","US","","South Carolina","PRESENT",NA,"28eb1a3f-1c15-4a95-931a-4af90ecb574d",33.840085,-78.599733,164,NA,NA,NA,NA,NA,"2023-03-26T17:06:35",26,3,2023,2225642,2225642,"HUMAN_OBSERVATION","iNaturalist","Observations",152504342,NA,"Laura Lukas",2023-11-30 02:50:27,"CC_BY_NC_4_0","Dale A Morgan","Dale A Morgan",NA,NA,2025-06-07 00:13:03.868,"StillImage","COORDINATE_ROUNDED;CONTINENT_DERIVED_FROM_COORDINATES;TAXON_MATCH_TAXON_ID_IGNORED"
4908392201,"50c9509d-22c7-4a22-a47d-8c48425ef4a7","https://www.inaturalist.org/observations/228957629","Animalia","Arthropoda","Malacostraca","Decapoda","Portunidae","Callinectes","Callinectes similis",NA,"SPECIES","Callinectes similis Williams, 1966","Callinectes similis","","US","","South Carolina","PRESENT",NA,"28eb1a3f-1c15-4a95-931a-4af90ecb574d",32.244622,-80.686012,3,NA,NA,NA,NA,NA,"2024-07-12T18:46:37",12,7,2024,2225642,2225642,"HUMAN_OBSERVATION","iNaturalist","Observations",228957629,NA,"Sawyer Baran",2024-07-13 04:09:55,"CC_BY_4_0","Sawyer Baran","Sawyer Baran",NA,NA,2025-06-07 00:43:31.54,"StillImage","COORDINATE_ROUNDED;CONTINENT_DERIVED_FROM_COORDINATES;TAXON_MATCH_TAXON_ID_IGNORED"
4908309114,"50c9509d-22c7-4a22-a47d-8c48425ef4a7","https://www.inaturalist.org/observations/228698495","Animalia","Arthropoda","Malacostraca","Decapoda","Portunidae","Callinectes","Callinectes similis",NA,"SPECIES","Callinectes similis Williams, 1966","Callinectes similis","","US","","North Carolina","PRESENT",NA,"28eb1a3f-1c15-4a95-931a-4af90ecb574d",33.87193,-78.482746,4,NA,NA,NA,NA,NA,"2024-07-11T16:08:49",11,7,2024,2225642,2225642,"HUMAN_OBSERVATION","iNaturalist","Observations",228698495,NA,"Tim Vespidae",2024-07-11 20:31:27,"CC_BY_NC_4_0","Tim Vespidae","Tim Vespidae",NA,NA,2025-06-07 01:52:20.783,"StillImage","COORDINATE_ROUNDED;CONTINENT_DERIVED_FROM_COORDINATES;TAXON_MATCH_TAXON_ID_IGNORED"
4901731939,"50c9509d-22c7-4a22-a47d-8c48425ef4a7","https://www.inaturalist.org/observations/224521981","Animalia","Arthropoda","Malacostraca","Decapoda","Portunidae","Callinectes","Callinectes similis",NA,"SPECIES","Callinectes similis Williams, 1966","Callinectes similis","","US","","North Carolina","PRESENT",NA,"28eb1a3f-1c15-4a95-931a-4af90ecb574d",34.648383,-77.100517,4,NA,NA,NA,NA,NA,"2024-06-22T18:22:20",22,6,2024,2225642,2225642,"HUMAN_OBSERVATION","iNaturalist","Observations",224521981,NA,"Max J. Ford",2024-06-23 00:02:25,"CC_BY_4_0","Max J. Ford","Max J. Ford",NA,NA,2025-06-07 00:18:16.132,"StillImage","COORDINATE_ROUNDED;CONTINENT_DERIVED_FROM_COORDINATES;TAXON_MATCH_TAXON_ID_IGNORED"
4901309654,"50c9509d-22c7-4a22-a47d-8c48425ef4a7","https://www.inaturalist.org/observations/224542393","Animalia","Arthropoda","Malacostraca","Decapoda","Portunidae","Callinectes","Callinectes similis",NA,"SPECIES","Callinectes similis Williams, 1966","Callinectes similis","","US","","South Carolina","PRESENT",NA,"28eb1a3f-1c15-4a95-931a-4af90ecb574d",33.805437,-78.70253,6,NA,NA,NA,NA,NA,"2023-12-30T10:51",30,12,2023,2225642,2225642,"HUMAN_OBSERVATION","iNaturalist","Observations",224542393,NA,"Norm Shea",2024-06-23 02:34:19,"CC_BY_NC_4_0","siasiabean","siasiabean",NA,NA,2025-06-07 00:36:44.174,"StillImage","COORDINATE_ROUNDED;CONTINENT_DERIVED_FROM_COORDINATES;TAXON_MATCH_TAXON_ID_IGNORED"
4891711054,"50c9509d-22c7-4a22-a47d-8c48425ef4a7","https://www.inaturalist.org/observations/220777114","Animalia","Arthropoda","Malacostraca","Decapoda","Portunidae","Callinectes","Callinectes similis",NA,"SPECIES","Callinectes similis Williams, 1966","Callinectes similis","","US","","South Carolina","PRESENT",NA,"28eb1a3f-1c15-4a95-931a-4af90ecb574d",33.399712,-79.139328,4,NA,NA,NA,NA,NA,"2024-06-05T17:47:01",5,6,2024,2225642,2225642,"HUMAN_OBSERVATION","iNaturalist","Observations",220777114,NA,"Logan Taylor",2024-06-05 22:54:41,"CC_BY_NC_4_0","Logan Taylor","Logan Taylor",NA,NA,2025-06-07 01:48:32.319,"StillImage","COORDINATE_ROUNDED;CONTINENT_DERIVED_FROM_COORDINATES;TAXON_MATCH_TAXON_ID_IGNORED"
4863867698,"50c9509d-22c7-4a22-a47d-8c48425ef4a7","https://www.inaturalist.org/observations/206962862","Animalia","Arthropoda","Malacostraca","Decapoda","Portunidae","Callinectes","Callinectes similis",NA,"SPECIES","Callinectes similis Williams, 1966","Callinectes similis","","US","","Georgia","PRESENT",NA,"28eb1a3f-1c15-4a95-931a-4af90ecb574d",31.431205,-81.23938,4,NA,NA,NA,NA,NA,"2024-04-12T11:59:28",12,4,2024,2225642,2225642,"HUMAN_OBSERVATION","iNaturalist","Observations",206962862,NA,"Sawyer Baran",2024-04-13 14:58:52,"CC_BY_4_0","Sawyer Baran","Sawyer Baran",NA,NA,2025-06-07 02:55:32.999,"StillImage","CONTINENT_DERIVED_FROM_COORDINATES;TAXON_MATCH_TAXON_ID_IGNORED"
4863622053,"50c9509d-22c7-4a22-a47d-8c48425ef4a7","https://www.inaturalist.org/observations/207412858","Animalia","Arthropoda","Malacostraca","Decapoda","Portunidae","Callinectes","Callinectes similis",NA,"SPECIES","Callinectes similis Williams, 1966","Callinectes similis","","US","","Georgia","PRESENT",NA,"28eb1a3f-1c15-4a95-931a-4af90ecb574d",31.991308,-80.847066,244,NA,NA,NA,NA,NA,"2024-04-12T11:56",12,4,2024,2225642,2225642,"HUMAN_OBSERVATION","iNaturalist","Observations",207412858,NA,"lmar1",2024-04-15 16:07:08,"CC_BY_NC_4_0","lmar1","lmar1",NA,NA,2025-06-07 01:21:18.229,"StillImage","COORDINATE_ROUNDED;CONTINENT_DERIVED_FROM_COORDINATES;TAXON_MATCH_TAXON_ID_IGNORED"
4863597511,"50c9509d-22c7-4a22-a47d-8c48425ef4a7","https://www.inaturalist.org/observations/215258287","Animalia","Arthropoda","Malacostraca","Decapoda","Portunidae","Callinectes","Callinectes similis",NA,"SPECIES","Callinectes similis Williams, 1966","Callinectes similis","","US","","Georgia","PRESENT",NA,"28eb1a3f-1c15-4a95-931a-4af90ecb574d",31.134747,-81.386712,3,NA,NA,NA,NA,NA,"2024-05-12T09:30:43",12,5,2024,2225642,2225642,"HUMAN_OBSERVATION","iNaturalist","Observations",215258287,NA,"Ryan Chaffee",2024-05-12 14:48:20,"CC_BY_NC_4_0","Ryan Chaffee","Ryan Chaffee",NA,NA,2025-06-07 00:15:40.285,"StillImage","COORDINATE_ROUNDED;CONTINENT_DERIVED_FROM_COORDINATES;TAXON_MATCH_TAXON_ID_IGNORED"
4863417714,"50c9509d-22c7-4a22-a47d-8c48425ef4a7","https://www.inaturalist.org/observations/215386260","Animalia","Arthropoda","Malacostraca","Decapoda","Portunidae","Callinectes","Callinectes similis",NA,"SPECIES","Callinectes similis Williams, 1966","Callinectes similis","","US","","South Carolina","PRESENT",NA,"28eb1a3f-1c15-4a95-931a-4af90ecb574d",32.584464,-80.131924,326,NA,NA,NA,NA,NA,"2024-05-07T13:22",7,5,2024,2225642,2225642,"HUMAN_OBSERVATION","iNaturalist","Observations",215386260,NA,"Tom Austin",2024-05-12 23:43:51,"CC_BY_4_0","Tom Austin","Tom Austin",NA,NA,2025-06-07 02:01:37.275,"StillImage","COORDINATE_ROUNDED;CONTINENT_DERIVED_FROM_COORDINATES;TAXON_MATCH_TAXON_ID_IGNORED"
4863411165,"50c9509d-22c7-4a22-a47d-8c48425ef4a7","https://www.inaturalist.org/observations/188626532","Animalia","Arthropoda","Malacostraca","Decapoda","Portunidae","Callinectes","Callinectes similis",NA,"SPECIES","Callinectes similis Williams, 1966","Callinectes similis","","US","","South Carolina","PRESENT",NA,"28eb1a3f-1c15-4a95-931a-4af90ecb574d",33.335576,-79.174007,1882,NA,NA,NA,NA,NA,"2023-10-20T10:30:36",20,10,2023,2225642,2225642,"HUMAN_OBSERVATION","iNaturalist","Observations",188626532,NA,"grahamcm",2023-10-23 04:38:56,"CC_BY_NC_4_0","grahamcm","grahamcm",NA,NA,2025-06-07 02:01:22.702,"StillImage","COORDINATE_ROUNDED;CONTINENT_DERIVED_FROM_COORDINATES;TAXON_MATCH_TAXON_ID_IGNORED"
4846749764,"50c9509d-22c7-4a22-a47d-8c48425ef4a7","https://www.inaturalist.org/observations/195386829","Animalia","Arthropoda","Malacostraca","Decapoda","Portunidae","Callinectes","Callinectes similis",NA,"SPECIES","Callinectes similis Williams, 1966","Callinectes similis","","US","","Texas","PRESENT",NA,"28eb1a3f-1c15-4a95-931a-4af90ecb574d",27.831945,-97.123833,4,NA,NA,NA,NA,NA,"2023-12-01T08:47:55",1,12,2023,2225642,2225642,"HUMAN_OBSERVATION","iNaturalist","Observations",195386829,NA,"Alessandro Franchini",2024-04-07 04:17:52,"CC_BY_NC_4_0","Eric Gren","Eric Gren",NA,NA,2025-06-07 00:54:05.642,"StillImage","COORDINATE_ROUNDED;CONTINENT_DERIVED_FROM_COORDINATES;TAXON_MATCH_TAXON_ID_IGNORED"
4607194891,"50c9509d-22c7-4a22-a47d-8c48425ef4a7","https://www.inaturalist.org/observations/205735525","Animalia","Arthropoda","Malacostraca","Decapoda","Portunidae","Callinectes","Callinectes similis",NA,"SPECIES","Callinectes similis Williams, 1966","Callinectes similis","","US","","South Carolina","PRESENT",NA,"28eb1a3f-1c15-4a95-931a-4af90ecb574d",32.516288,-80.410263,4,NA,NA,NA,NA,NA,"2024-04-06T12:02:17",6,4,2024,2225642,2225642,"HUMAN_OBSERVATION","iNaturalist","Observations",205735525,NA,"Joshua Rains",2024-04-06 20:26:19,"CC_BY_NC_4_0","Joshua Rains","Joshua Rains",NA,NA,2025-06-07 02:03:30.217,"StillImage","COORDINATE_ROUNDED;CONTINENT_DERIVED_FROM_COORDINATES;TAXON_MATCH_TAXON_ID_IGNORED"
4606841340,"50c9509d-22c7-4a22-a47d-8c48425ef4a7","https://www.inaturalist.org/observations/194669276","Animalia","Arthropoda","Malacostraca","Decapoda","Portunidae","Callinectes","Callinectes similis",NA,"SPECIES","Callinectes similis Williams, 1966","Callinectes similis","","US","","Virginia","PRESENT",NA,"28eb1a3f-1c15-4a95-931a-4af90ecb574d",37.238707,-76.015874,3,NA,NA,NA,NA,NA,"2023-12-23T12:56:05",23,12,2023,2225642,2225642,"HUMAN_OBSERVATION","iNaturalist","Observations",194669276,NA,"Austin Smith",2024-04-03 00:19:07,"CC_BY_NC_4_0","Marv Elliott","Marv Elliott",NA,NA,2025-06-07 00:13:58.306,"StillImage","COORDINATE_ROUNDED;CONTINENT_DERIVED_FROM_COORDINATES;TAXON_MATCH_TAXON_ID_IGNORED"
4597294220,"50c9509d-22c7-4a22-a47d-8c48425ef4a7","https://www.inaturalist.org/observations/201530547","Animalia","Arthropoda","Malacostraca","Decapoda","Portunidae","Callinectes","Callinectes similis",NA,"SPECIES","Callinectes similis Williams, 1966","Callinectes similis","","US","","Mississippi","PRESENT",NA,"28eb1a3f-1c15-4a95-931a-4af90ecb574d",30.372283,-89.069017,4,NA,NA,NA,NA,NA,"2024-03-06T17:49:22",6,3,2024,2225642,2225642,"HUMAN_OBSERVATION","iNaturalist","Observations",201530547,NA,"jadenhendrix",2024-03-07 05:00:48,"CC_BY_NC_4_0","snymanh","snymanh",NA,NA,2025-06-07 00:06:54.508,"StillImage","COORDINATE_ROUNDED;CONTINENT_DERIVED_FROM_COORDINATES;TAXON_MATCH_TAXON_ID_IGNORED"
4519051243,"50c9509d-22c7-4a22-a47d-8c48425ef4a7","https://www.inaturalist.org/observations/198102513","Animalia","Arthropoda","Malacostraca","Decapoda","Portunidae","Callinectes","Callinectes similis",NA,"SPECIES","Callinectes similis Williams, 1966","Callinectes similis","","US","","Texas","PRESENT",NA,"28eb1a3f-1c15-4a95-931a-4af90ecb574d",27.83798,-97.137567,6,NA,NA,NA,NA,NA,"2023-12-01T22:46",1,12,2023,2225642,2225642,"HUMAN_OBSERVATION","iNaturalist","Observations",198102513,NA,"leeemma_751",2024-02-01 02:08:14,"CC_BY_NC_4_0","leeemma_751","leeemma_751",NA,NA,2025-06-07 01:07:14.667,"StillImage","CONTINENT_DERIVED_FROM_COORDINATES;TAXON_MATCH_TAXON_ID_IGNORED"
4510343540,"50c9509d-22c7-4a22-a47d-8c48425ef4a7","https://www.inaturalist.org/observations/195517856","Animalia","Arthropoda","Malacostraca","Decapoda","Portunidae","Callinectes","Callinectes similis",NA,"SPECIES","Callinectes similis Williams, 1966","Callinectes similis","","US","","South Carolina","PRESENT",NA,"28eb1a3f-1c15-4a95-931a-4af90ecb574d",33.522213,-79.040322,6,NA,NA,NA,NA,NA,"2024-01-01T12:20:18",1,1,2024,2225642,2225642,"HUMAN_OBSERVATION","iNaturalist","Observations",195517856,NA,"Norm Shea",2024-01-02 12:41:03,"CC_BY_NC_4_0","jtuttle","jtuttle",NA,NA,2025-06-07 02:02:53.168,"","COORDINATE_ROUNDED;CONTINENT_DERIVED_FROM_COORDINATES;TAXON_MATCH_TAXON_ID_IGNORED"
4506429247,"50c9509d-22c7-4a22-a47d-8c48425ef4a7","https://www.inaturalist.org/observations/188465666","Animalia","Arthropoda","Malacostraca","Decapoda","Portunidae","Callinectes","Callinectes similis",NA,"SPECIES","Callinectes similis Williams, 1966","Callinectes similis","","US","","Florida","PRESENT",NA,"28eb1a3f-1c15-4a95-931a-4af90ecb574d",29.711167,-81.230637,4,NA,NA,NA,NA,NA,"2023-10-14T15:14:54",14,10,2023,2225642,2225642,"HUMAN_OBSERVATION","iNaturalist","Observations",188465666,NA,"golgia1",2023-10-22 02:32:03,"CC_BY_NC_4_0","golgia1","golgia1",NA,NA,2025-06-07 02:58:53.49,"StillImage","COORDINATE_ROUNDED;CONTINENT_DERIVED_FROM_COORDINATES;TAXON_MATCH_TAXON_ID_IGNORED"
4442716336,"50c9509d-22c7-4a22-a47d-8c48425ef4a7","https://www.inaturalist.org/observations/191616365","Animalia","Arthropoda","Malacostraca","Decapoda","Portunidae","Callinectes","Callinectes similis",NA,"SPECIES","Callinectes similis Williams, 1966","Callinectes similis","","US","","South Carolina","PRESENT",NA,"28eb1a3f-1c15-4a95-931a-4af90ecb574d",33.720212,-78.885521,5645,NA,NA,NA,NA,NA,"2023-06-16T10:30",16,6,2023,2225642,2225642,"HUMAN_OBSERVATION","iNaturalist","Observations",191616365,NA,"Norm Shea",2023-11-20 22:47:07,"CC_BY_NC_4_0","nancyrp10","nancyrp10",NA,NA,2025-06-07 00:39:49.932,"StillImage","CONTINENT_DERIVED_FROM_COORDINATES;TAXON_MATCH_TAXON_ID_IGNORED"
4438646290,"50c9509d-22c7-4a22-a47d-8c48425ef4a7","https://www.inaturalist.org/observations/189630313","Animalia","Arthropoda","Malacostraca","Decapoda","Portunidae","Callinectes","Callinectes similis",NA,"SPECIES","Callinectes similis Williams, 1966","Callinectes similis","","US","","North Carolina","PRESENT",NA,"28eb1a3f-1c15-4a95-931a-4af90ecb574d",33.913917,-78.269388,3793,NA,NA,NA,NA,NA,"2018-06-12",12,6,2018,2225642,2225642,"HUMAN_OBSERVATION","iNaturalist","Observations",189630313,NA,"Sarah Jackson",2023-11-01 03:43:18,"CC_BY_NC_4_0","Sarah Jackson","Sarah Jackson",NA,NA,2025-06-07 00:47:16.082,"StillImage","COORDINATE_ROUNDED;CONTINENT_DERIVED_FROM_COORDINATES;TAXON_MATCH_TAXON_ID_IGNORED"
4430676986,"50c9509d-22c7-4a22-a47d-8c48425ef4a7","https://www.inaturalist.org/observations/188196140","Animalia","Arthropoda","Malacostraca","Decapoda","Portunidae","Callinectes","Callinectes similis",NA,"SPECIES","Callinectes similis Williams, 1966","Callinectes similis","","US","","Florida","PRESENT",NA,"28eb1a3f-1c15-4a95-931a-4af90ecb574d",29.711187,-81.230628,4,NA,NA,NA,NA,NA,"2023-10-14T15:27:48",14,10,2023,2225642,2225642,"HUMAN_OBSERVATION","iNaturalist","Observations",188196140,NA,"ellasvar",2023-10-19 22:25:41,"CC_BY_NC_4_0","ellasvar","ellasvar",NA,NA,2025-06-07 01:30:10.998,"StillImage","COORDINATE_ROUNDED;CONTINENT_DERIVED_FROM_COORDINATES;TAXON_MATCH_TAXON_ID_IGNORED"
4424153782,"50c9509d-22c7-4a22-a47d-8c48425ef4a7","https://www.inaturalist.org/observations/185295953","Animalia","Arthropoda","Malacostraca","Decapoda","Portunidae","Callinectes","Callinectes similis",NA,"SPECIES","Callinectes similis Williams, 1966","Callinectes similis","","US","","North Carolina","PRESENT",NA,"28eb1a3f-1c15-4a95-931a-4af90ecb574d",34.640453,-76.640428,1701,NA,NA,NA,NA,NA,"2023-09-12T08:31:22",12,9,2023,2225642,2225642,"HUMAN_OBSERVATION","iNaturalist","Observations",185295953,NA,"Max J. Ford",2023-10-05 12:54:19,"CC_BY_NC_4_0","kbernaus","kbernaus",NA,NA,2025-06-07 01:35:28.817,"StillImage","COORDINATE_ROUNDED;CONTINENT_DERIVED_FROM_COORDINATES;TAXON_MATCH_TAXON_ID_IGNORED"
4413629895,"50c9509d-22c7-4a22-a47d-8c48425ef4a7","https://www.inaturalist.org/observations/167502522","Animalia","Arthropoda","Malacostraca","Decapoda","Portunidae","Callinectes","Callinectes similis",NA,"SPECIES","Callinectes similis Williams, 1966","Callinectes similis","","US","","Alabama","PRESENT",NA,"28eb1a3f-1c15-4a95-931a-4af90ecb574d",30.285812,-87.550322,3,NA,NA,NA,NA,NA,"2023-06-10T16:13:44",10,6,2023,2225642,2225642,"HUMAN_OBSERVATION","iNaturalist","Observations",167502522,NA,"Jesseholifield",2023-06-15 09:31:51,"CC_BY_NC_4_0","Jesseholifield","Jesseholifield",NA,NA,2025-06-07 00:47:58.82,"StillImage","COORDINATE_ROUNDED;CONTINENT_DERIVED_FROM_COORDINATES;TAXON_MATCH_TAXON_ID_IGNORED"
4405180936,"50c9509d-22c7-4a22-a47d-8c48425ef4a7","https://www.inaturalist.org/observations/179698975","Animalia","Arthropoda","Malacostraca","Decapoda","Portunidae","Callinectes","Callinectes similis",NA,"SPECIES","Callinectes similis Williams, 1966","Callinectes similis","","US","","South Carolina","PRESENT",NA,"28eb1a3f-1c15-4a95-931a-4af90ecb574d",33.647561,-78.927424,16,NA,NA,NA,NA,NA,"2023-08-22T10:09:05",22,8,2023,2225642,2225642,"HUMAN_OBSERVATION","iNaturalist","Observations",179698975,NA,"Norm Shea",2023-08-22 16:57:24,"CC_BY_NC_4_0","jillmbsp","jillmbsp",NA,NA,2025-06-07 00:51:02.246,"StillImage","COORDINATE_ROUNDED;CONTINENT_DERIVED_FROM_COORDINATES;TAXON_MATCH_TAXON_ID_IGNORED"
4400259461,"50c9509d-22c7-4a22-a47d-8c48425ef4a7","https://www.inaturalist.org/observations/178897108","Animalia","Arthropoda","Malacostraca","Decapoda","Portunidae","Callinectes","Callinectes similis",NA,"SPECIES","Callinectes similis Williams, 1966","Callinectes similis","","US","","South Carolina","PRESENT",NA,"28eb1a3f-1c15-4a95-931a-4af90ecb574d",33.655687,-78.917023,34,NA,NA,NA,NA,NA,"2023-08-15T09:38:32",15,8,2023,2225642,2225642,"HUMAN_OBSERVATION","iNaturalist","Observations",178897108,NA,"Norm Shea",2023-08-18 21:36:20,"CC_BY_NC_4_0","jillmbsp","jillmbsp",NA,NA,2025-06-07 00:09:28.773,"StillImage","COORDINATE_ROUNDED;CONTINENT_DERIVED_FROM_COORDINATES;TAXON_MATCH_TAXON_ID_IGNORED"
4400085576,"50c9509d-22c7-4a22-a47d-8c48425ef4a7","https://www.inaturalist.org/observations/177188945","Animalia","Arthropoda","Malacostraca","Decapoda","Portunidae","Callinectes","Callinectes similis",NA,"SPECIES","Callinectes similis Williams, 1966","Callinectes similis","","US","","North Carolina","PRESENT",NA,"28eb1a3f-1c15-4a95-931a-4af90ecb574d",35.17015,-75.818833,4,NA,NA,NA,NA,NA,"2023-08-07T11:08:17",7,8,2023,2225642,2225642,"HUMAN_OBSERVATION","iNaturalist","Observations",177188945,NA,"rowanny",2023-08-07 16:23:04,"CC_BY_NC_4_0","rowanny","rowanny",NA,NA,2025-06-07 01:54:48.635,"StillImage","COORDINATE_ROUNDED;CONTINENT_DERIVED_FROM_COORDINATES;TAXON_MATCH_TAXON_ID_IGNORED"
4171423736,"50c9509d-22c7-4a22-a47d-8c48425ef4a7","https://www.inaturalist.org/observations/176646480","Animalia","Arthropoda","Malacostraca","Decapoda","Portunidae","Callinectes","Callinectes similis",NA,"SPECIES","Callinectes similis Williams, 1966","Callinectes similis","","US","","South Carolina","PRESENT",NA,"28eb1a3f-1c15-4a95-931a-4af90ecb574d",32.149557,-80.842773,523,NA,NA,NA,NA,NA,"2023-08-03T08:48:26",3,8,2023,2225642,2225642,"HUMAN_OBSERVATION","iNaturalist","Observations",176646480,NA,"Norm Shea",2023-08-05 00:34:41,"CC_BY_NC_4_0","nuli","nuli",NA,NA,2025-06-07 01:44:35.054,"StillImage","COORDINATE_ROUNDED;CONTINENT_DERIVED_FROM_COORDINATES;TAXON_MATCH_TAXON_ID_IGNORED"
4165492233,"50c9509d-22c7-4a22-a47d-8c48425ef4a7","https://www.inaturalist.org/observations/174034886","Animalia","Arthropoda","Malacostraca","Decapoda","Portunidae","Callinectes","Callinectes similis",NA,"SPECIES","Callinectes similis Williams, 1966","Callinectes similis","","US","","Florida","PRESENT",NA,"28eb1a3f-1c15-4a95-931a-4af90ecb574d",30.312797,-87.424131,200,NA,NA,NA,NA,NA,"2023-07-20T19:27:55",20,7,2023,2225642,2225642,"HUMAN_OBSERVATION","iNaturalist","Observations",174034886,NA,"Em",2023-07-21 01:48:26,"CC_BY_NC_4_0","Em","Em",NA,NA,2025-06-07 00:47:34.259,"StillImage","COORDINATE_ROUNDED;CONTINENT_DERIVED_FROM_COORDINATES;TAXON_MATCH_TAXON_ID_IGNORED"
4129935119,"50c9509d-22c7-4a22-a47d-8c48425ef4a7","https://www.inaturalist.org/observations/164811965","Animalia","Arthropoda","Malacostraca","Decapoda","Portunidae","Callinectes","Callinectes similis",NA,"SPECIES","Callinectes similis Williams, 1966","Callinectes similis","","US","","Alabama","PRESENT",NA,"28eb1a3f-1c15-4a95-931a-4af90ecb574d",30.257782,-88.09716,7873,NA,NA,NA,NA,NA,"2023-05-31T09:47:11",31,5,2023,2225642,2225642,"HUMAN_OBSERVATION","iNaturalist","Observations",164811965,NA,"poznanrl9",2023-06-02 17:39:05,"CC_BY_NC_4_0","poznanrl9","poznanrl9",NA,NA,2025-06-07 01:36:05.404,"StillImage","COORDINATE_ROUNDED;CONTINENT_DERIVED_FROM_COORDINATES;TAXON_MATCH_TAXON_ID_IGNORED"
4127115747,"50c9509d-22c7-4a22-a47d-8c48425ef4a7","https://www.inaturalist.org/observations/163576232","Animalia","Arthropoda","Malacostraca","Decapoda","Portunidae","Callinectes","Callinectes similis",NA,"SPECIES","Callinectes similis Williams, 1966","Callinectes similis","","US","","Georgia","PRESENT",NA,"28eb1a3f-1c15-4a95-931a-4af90ecb574d",32.025725,-80.85533,6,NA,NA,NA,NA,NA,"2023-05-24T15:45:11",24,5,2023,2225642,2225642,"HUMAN_OBSERVATION","iNaturalist","Observations",163576232,NA,"mcanglin",2023-05-25 00:52:57,"CC_BY_NC_4_0","mcanglin","mcanglin",NA,NA,2025-06-07 02:52:09.143,"StillImage","CONTINENT_DERIVED_FROM_COORDINATES;TAXON_MATCH_TAXON_ID_IGNORED"
4075577318,"50c9509d-22c7-4a22-a47d-8c48425ef4a7","https://www.inaturalist.org/observations/11399338","Animalia","Arthropoda","Malacostraca","Decapoda","Portunidae","Callinectes","Callinectes similis",NA,"SPECIES","Callinectes similis Williams, 1966","Callinectes similis","","US","","South Carolina","PRESENT",NA,"28eb1a3f-1c15-4a95-931a-4af90ecb574d",33.44124,-79.111403,107,NA,NA,NA,NA,NA,"2017-08-13T19:18:09",13,8,2017,2225642,2225642,"HUMAN_OBSERVATION","iNaturalist","Observations",11399338,NA,"Austin Smith",2022-06-21 15:01:43,"CC_BY_NC_4_0","bluecrab","bluecrab",NA,NA,2025-06-07 00:39:48.528,"StillImage","COORDINATE_ROUNDED;CONTINENT_DERIVED_FROM_COORDINATES;TAXON_MATCH_TAXON_ID_IGNORED"
3966652397,"50c9509d-22c7-4a22-a47d-8c48425ef4a7","https://www.inaturalist.org/observations/93604737","Animalia","Arthropoda","Malacostraca","Decapoda","Portunidae","Callinectes","Callinectes similis",NA,"SPECIES","Callinectes similis Williams, 1966","Callinectes similis","","US","","North Carolina","PRESENT",NA,"28eb1a3f-1c15-4a95-931a-4af90ecb574d",33.901539,-78.010277,NA,NA,NA,NA,NA,NA,"2021-09-04T13:01:18",4,9,2021,2225642,2225642,"HUMAN_OBSERVATION","iNaturalist","Observations",93604737,NA,"nxbgan",2021-12-16 23:13:09,"CC_BY_NC_4_0","Joshua Sands","Joshua Sands",NA,NA,2025-06-07 00:11:23.433,"StillImage","COORDINATE_ROUNDED;CONTINENT_DERIVED_FROM_COORDINATES;TAXON_MATCH_TAXON_ID_IGNORED"
3966588485,"50c9509d-22c7-4a22-a47d-8c48425ef4a7","https://www.inaturalist.org/observations/129627235","Animalia","Arthropoda","Malacostraca","Decapoda","Portunidae","Callinectes","Callinectes similis",NA,"SPECIES","Callinectes similis Williams, 1966","Callinectes similis","","US","","North Carolina","PRESENT",NA,"28eb1a3f-1c15-4a95-931a-4af90ecb574d",33.904974,-78.392098,13,NA,NA,NA,NA,NA,"2022-08-05T19:23:11",5,8,2022,2225642,2225642,"HUMAN_OBSERVATION","iNaturalist","Observations",129627235,NA,"Austin Smith",2022-08-08 15:14:17,"CC_BY_4_0","Nick Abbate","Nick Abbate",NA,NA,2025-06-07 01:45:04.489,"StillImage","COORDINATE_ROUNDED;CONTINENT_DERIVED_FROM_COORDINATES;TAXON_MATCH_TAXON_ID_IGNORED"
3961024587,"50c9509d-22c7-4a22-a47d-8c48425ef4a7","https://www.inaturalist.org/observations/137992632","Animalia","Arthropoda","Malacostraca","Decapoda","Portunidae","Callinectes","Callinectes similis",NA,"SPECIES","Callinectes similis Williams, 1966","Callinectes similis","","US","","Georgia","PRESENT",NA,"28eb1a3f-1c15-4a95-931a-4af90ecb574d",31.06367,-81.403625,4,NA,NA,NA,NA,NA,"2020-07-10T08:24:54",10,7,2020,2225642,2225642,"HUMAN_OBSERVATION","iNaturalist","Observations",137992632,NA,"nxbgan",2022-10-14 18:35:01,"CC_BY_NC_4_0","ecrawley","ecrawley",NA,NA,2025-06-07 00:59:51.083,"StillImage","COORDINATE_ROUNDED;CONTINENT_DERIVED_FROM_COORDINATES;TAXON_MATCH_TAXON_ID_IGNORED"
3947483212,"50c9509d-22c7-4a22-a47d-8c48425ef4a7","https://www.inaturalist.org/observations/138584011","Animalia","Arthropoda","Malacostraca","Decapoda","Portunidae","Callinectes","Callinectes similis",NA,"SPECIES","Callinectes similis Williams, 1966","Callinectes similis","","US","","Georgia","PRESENT",NA,"28eb1a3f-1c15-4a95-931a-4af90ecb574d",31.119228,-81.415413,4,NA,NA,NA,NA,NA,"2022-10-12T21:38:40",12,10,2022,2225642,2225642,"HUMAN_OBSERVATION","iNaturalist","Observations",138584011,NA,"Izzy Hoover",2022-10-13 05:31:56,"CC_BY_NC_4_0","Izzy Hoover","Izzy Hoover",NA,NA,2025-06-07 00:35:20.247,"","COORDINATE_ROUNDED;CONTINENT_DERIVED_FROM_COORDINATES;TAXON_MATCH_TAXON_ID_IGNORED"
3925088725,"50c9509d-22c7-4a22-a47d-8c48425ef4a7","https://www.inaturalist.org/observations/137448334","Animalia","Arthropoda","Malacostraca","Decapoda","Portunidae","Callinectes","Callinectes similis",NA,"SPECIES","Callinectes similis Williams, 1966","Callinectes similis","","MX","","Tamaulipas","PRESENT",NA,"28eb1a3f-1c15-4a95-931a-4af90ecb574d",25.262911,-97.437993,30,NA,NA,NA,NA,NA,"2022-09-16T10:52",16,9,2022,2225642,2225642,"HUMAN_OBSERVATION","iNaturalist","Observations",137448334,NA,"nxbgan",2022-10-04 22:31:41,"CC_BY_4_0","José Francisco Colorado-Dapa","José Francisco Colorado-Dapa",NA,NA,2025-06-07 01:18:07.195,"StillImage","COORDINATE_ROUNDED;CONTINENT_DERIVED_FROM_COORDINATES;TAXON_MATCH_TAXON_ID_IGNORED"
3923293087,"50c9509d-22c7-4a22-a47d-8c48425ef4a7","https://www.inaturalist.org/observations/137082155","Animalia","Arthropoda","Malacostraca","Decapoda","Portunidae","Callinectes","Callinectes similis",NA,"SPECIES","Callinectes similis Williams, 1966","Callinectes similis","","US","","Texas","PRESENT",NA,"28eb1a3f-1c15-4a95-931a-4af90ecb574d",27.836425,-97.133955,4,NA,NA,NA,NA,NA,"2022-09-30T14:26:46",30,9,2022,2225642,2225642,"HUMAN_OBSERVATION","iNaturalist","Observations",137082155,NA,"Austin Smith",2022-10-03 12:39:50,"CC_BY_NC_4_0","acruz55","acruz55",NA,NA,2025-06-06 23:58:30.956,"StillImage","COORDINATE_ROUNDED;CONTINENT_DERIVED_FROM_COORDINATES;TAXON_MATCH_TAXON_ID_IGNORED"
3912432825,"50c9509d-22c7-4a22-a47d-8c48425ef4a7","https://www.inaturalist.org/observations/135357854","Animalia","Arthropoda","Malacostraca","Decapoda","Portunidae","Callinectes","Callinectes similis",NA,"SPECIES","Callinectes similis Williams, 1966","Callinectes similis","","US","","South Carolina","PRESENT",NA,"28eb1a3f-1c15-4a95-931a-4af90ecb574d",32.779348,-79.81141,4466,NA,NA,NA,NA,NA,"2022-09-17T07:48:21",17,9,2022,2225642,2225642,"HUMAN_OBSERVATION","iNaturalist","Observations",135357854,NA,"nxbgan",2022-09-17 15:22:56,"CC_BY_NC_4_0","ellamarie_ls","ellamarie_ls",NA,NA,2025-06-07 01:15:44.862,"StillImage","COORDINATE_ROUNDED;CONTINENT_DERIVED_FROM_COORDINATES;TAXON_MATCH_TAXON_ID_IGNORED"
3911994864,"50c9509d-22c7-4a22-a47d-8c48425ef4a7","https://www.inaturalist.org/observations/134026228","Animalia","Arthropoda","Malacostraca","Decapoda","Portunidae","Callinectes","Callinectes similis",NA,"SPECIES","Callinectes similis Williams, 1966","Callinectes similis","","US","","Texas","PRESENT",NA,"28eb1a3f-1c15-4a95-931a-4af90ecb574d",27.382697,-97.314087,4,NA,NA,NA,NA,NA,"2022-09-06T12:09:06",6,9,2022,2225642,2225642,"HUMAN_OBSERVATION","iNaturalist","Observations",134026228,NA,"Austin Smith",2022-09-16 12:33:48,"CC_BY_4_0","CK2AZ","CK2AZ",NA,NA,2025-06-07 02:49:10.825,"StillImage","COORDINATE_ROUNDED;CONTINENT_DERIVED_FROM_COORDINATES;TAXON_MATCH_TAXON_ID_IGNORED"
3911980917,"50c9509d-22c7-4a22-a47d-8c48425ef4a7","https://www.inaturalist.org/observations/134307649","Animalia","Arthropoda","Malacostraca","Decapoda","Portunidae","Callinectes","Callinectes similis",NA,"SPECIES","Callinectes similis Williams, 1966","Callinectes similis","","US","","Virginia","PRESENT",NA,"28eb1a3f-1c15-4a95-931a-4af90ecb574d",37.166547,-75.988181,9,NA,NA,NA,NA,NA,"2022-09-09T11:54:10",9,9,2022,2225642,2225642,"HUMAN_OBSERVATION","iNaturalist","Observations",134307649,NA,"Austin Smith",2022-09-15 13:32:16,"CC_BY_NC_4_0","dboyd351","dboyd351",NA,NA,2025-06-07 00:06:11.898,"StillImage","COORDINATE_ROUNDED;CONTINENT_DERIVED_FROM_COORDINATES;TAXON_MATCH_TAXON_ID_IGNORED"
3903359804,"50c9509d-22c7-4a22-a47d-8c48425ef4a7","https://www.inaturalist.org/observations/134585435","Animalia","Arthropoda","Malacostraca","Decapoda","Portunidae","Callinectes","Callinectes similis",NA,"SPECIES","Callinectes similis Williams, 1966","Callinectes similis","","US","","South Carolina","PRESENT",NA,"28eb1a3f-1c15-4a95-931a-4af90ecb574d",33.580667,-79.003206,34,NA,NA,NA,NA,NA,"2022-09-06T12:46:23",6,9,2022,2225642,2225642,"HUMAN_OBSERVATION","iNaturalist","Observations",134585435,NA,"nxbgan",2022-09-14 18:33:23,"CC_BY_NC_4_0","jordan_browning","jordan_browning",NA,NA,2025-06-07 02:49:30.982,"StillImage","COORDINATE_ROUNDED;CONTINENT_DERIVED_FROM_COORDINATES;TAXON_MATCH_TAXON_ID_IGNORED"
3902181999,"50c9509d-22c7-4a22-a47d-8c48425ef4a7","https://www.inaturalist.org/observations/130839176","Animalia","Arthropoda","Malacostraca","Decapoda","Portunidae","Callinectes","Callinectes similis",NA,"SPECIES","Callinectes similis Williams, 1966","Callinectes similis","","US","","South Carolina","PRESENT",NA,"28eb1a3f-1c15-4a95-931a-4af90ecb574d",32.242978,-80.684517,4,NA,NA,NA,NA,NA,"2022-08-04T08:16:04",4,8,2022,2225642,2225642,"HUMAN_OBSERVATION","iNaturalist","Observations",130839176,NA,"Austin Smith",2022-08-16 12:24:23,"CC_BY_NC_4_0","robnef","robnef",NA,NA,2025-06-07 01:14:21.814,"StillImage","COORDINATE_ROUNDED;CONTINENT_DERIVED_FROM_COORDINATES;TAXON_MATCH_TAXON_ID_IGNORED"
3873769911,"50c9509d-22c7-4a22-a47d-8c48425ef4a7","https://www.inaturalist.org/observations/126912122","Animalia","Arthropoda","Malacostraca","Decapoda","Portunidae","Callinectes","Callinectes similis",NA,"SPECIES","Callinectes similis Williams, 1966","Callinectes similis","","BS","","West Grand Bahama","PRESENT",NA,"28eb1a3f-1c15-4a95-931a-4af90ecb574d",26.544933,-78.570161,714,NA,NA,NA,NA,NA,"2022-07-15T14:26",15,7,2022,2225642,2225642,"HUMAN_OBSERVATION","iNaturalist","Observations",126912122,NA,"Austin Smith",2022-07-19 13:06:01,"CC_BY_NC_4_0","JeffreyGammon","JeffreyGammon",NA,NA,2025-06-07 00:15:35.23,"StillImage","COORDINATE_ROUNDED;CONTINENT_DERIVED_FROM_COORDINATES;TAXON_MATCH_TAXON_ID_IGNORED"
3860433333,"50c9509d-22c7-4a22-a47d-8c48425ef4a7","https://www.inaturalist.org/observations/120192208","Animalia","Arthropoda","Malacostraca","Decapoda","Portunidae","Callinectes","Callinectes similis",NA,"SPECIES","Callinectes similis Williams, 1966","Callinectes similis","","US","","North Carolina","PRESENT",NA,"28eb1a3f-1c15-4a95-931a-4af90ecb574d",34.698738,-77.106889,15,NA,NA,NA,NA,NA,"2022-06-04T09:28",4,6,2022,2225642,2225642,"HUMAN_OBSERVATION","iNaturalist","Observations",120192208,NA,"Austin Smith",2022-06-06 13:37:15,"CC_BY_NC_4_0","Autumn","Autumn",NA,NA,2025-06-06 23:56:08.506,"StillImage","COORDINATE_ROUNDED;CONTINENT_DERIVED_FROM_COORDINATES;TAXON_MATCH_TAXON_ID_IGNORED"
3860118800,"50c9509d-22c7-4a22-a47d-8c48425ef4a7","https://www.inaturalist.org/observations/119457846","Animalia","Arthropoda","Malacostraca","Decapoda","Portunidae","Callinectes","Callinectes similis",NA,"SPECIES","Callinectes similis Williams, 1966","Callinectes similis","","US","","North Carolina","PRESENT",NA,"28eb1a3f-1c15-4a95-931a-4af90ecb574d",34.646862,-77.100814,5,NA,NA,NA,NA,NA,"2022-05-30T10:06:34",30,5,2022,2225642,2225642,"HUMAN_OBSERVATION","iNaturalist","Observations",119457846,NA,"Max J. Ford",2022-05-30 18:13:24,"CC_BY_4_0","Max J. Ford","Max J. Ford",NA,NA,2025-06-06 23:56:18.732,"StillImage","COORDINATE_ROUNDED;CONTINENT_DERIVED_FROM_COORDINATES;TAXON_MATCH_TAXON_ID_IGNORED"
3858928510,"50c9509d-22c7-4a22-a47d-8c48425ef4a7","https://www.inaturalist.org/observations/122742025","Animalia","Arthropoda","Malacostraca","Decapoda","Portunidae","Callinectes","Callinectes similis",NA,"SPECIES","Callinectes similis Williams, 1966","Callinectes similis","","US","","Florida","PRESENT",NA,"28eb1a3f-1c15-4a95-931a-4af90ecb574d",24.838446,-80.758681,768,NA,NA,NA,NA,NA,"2022-06-19T15:33",19,6,2022,2225642,2225642,"HUMAN_OBSERVATION","iNaturalist","Observations",122742025,NA,"Austin Smith",2022-06-21 13:09:52,"CC_BY_4_0","Kent Miller","Kent Miller",NA,NA,2025-06-07 00:04:34.041,"StillImage","COORDINATE_ROUNDED;CONTINENT_DERIVED_FROM_COORDINATES;TAXON_MATCH_TAXON_ID_IGNORED"
3858736538,"50c9509d-22c7-4a22-a47d-8c48425ef4a7","https://www.inaturalist.org/observations/121534543","Animalia","Arthropoda","Malacostraca","Decapoda","Portunidae","Callinectes","Callinectes similis",NA,"SPECIES","Callinectes similis Williams, 1966","Callinectes similis","","US","","Florida","PRESENT",NA,"28eb1a3f-1c15-4a95-931a-4af90ecb574d",29.712044,-81.226897,4,NA,NA,NA,NA,NA,"2022-06-11T12:45",11,6,2022,2225642,2225642,"HUMAN_OBSERVATION","iNaturalist","Observations",121534543,NA,"basil-williams",2022-06-13 03:07:30,"CC_BY_NC_4_0","basil-williams","basil-williams",NA,NA,2025-06-07 01:36:46.4,"StillImage","COORDINATE_ROUNDED;CONTINENT_DERIVED_FROM_COORDINATES;TAXON_MATCH_TAXON_ID_IGNORED"
3802692302,"50c9509d-22c7-4a22-a47d-8c48425ef4a7","https://www.inaturalist.org/observations/7988526","Animalia","Arthropoda","Malacostraca","Decapoda","Portunidae","Callinectes","Callinectes similis",NA,"SPECIES","Callinectes similis Williams, 1966","Callinectes similis","","US","","South Carolina","PRESENT",NA,"28eb1a3f-1c15-4a95-931a-4af90ecb574d",32.244312,-80.686592,NA,NA,NA,NA,NA,NA,"2017-09-18T14:50:25",18,9,2017,2225642,2225642,"HUMAN_OBSERVATION","iNaturalist","Observations",7988526,NA,"nxbgan",2022-05-24 23:49:28,"CC_BY_4_0","Mary Spilman","Mary Spilman",NA,NA,2025-06-07 00:30:03.013,"StillImage","COORDINATE_ROUNDED;CONTINENT_DERIVED_FROM_COORDINATES;TAXON_MATCH_TAXON_ID_IGNORED"
3802597303,"50c9509d-22c7-4a22-a47d-8c48425ef4a7","http://conabio.inaturalist.org/observations/7124117","Animalia","Arthropoda","Malacostraca","Decapoda","Portunidae","Callinectes","Callinectes similis",NA,"SPECIES","Callinectes similis Williams, 1966","Callinectes similis","","MX","","Tamaulipas","PRESENT",NA,"28eb1a3f-1c15-4a95-931a-4af90ecb574d",24.492792,-97.741574,15,NA,NA,NA,NA,NA,"2017-02-17T08:10",17,2,2017,2225642,2225642,"HUMAN_OBSERVATION","iNaturalist","Observations",7124117,NA,"nxbgan",2022-05-25 01:15:08,"CC_BY_NC_4_0","Jonh Esqueda","Jonh Esqueda",NA,NA,2025-06-07 00:45:44.951,"StillImage","COORDINATE_ROUNDED;CONTINENT_DERIVED_FROM_COORDINATES;TAXON_MATCH_TAXON_ID_IGNORED"
3802540357,"50c9509d-22c7-4a22-a47d-8c48425ef4a7","https://www.inaturalist.org/observations/81381436","Animalia","Arthropoda","Malacostraca","Decapoda","Portunidae","Callinectes","Callinectes similis",NA,"SPECIES","Callinectes similis Williams, 1966","Callinectes similis","","US","","Texas","PRESENT",NA,"28eb1a3f-1c15-4a95-931a-4af90ecb574d",27.668668,-97.171658,31,NA,NA,NA,NA,NA,"2021-06-01T13:43",1,6,2021,2225642,2225642,"HUMAN_OBSERVATION","iNaturalist","Observations",81381436,NA,"nxbgan",2021-06-07 21:24:19,"CC_BY_NC_4_0","Philip Woods","Philip Woods",NA,NA,2025-06-07 00:39:07.612,"StillImage","COORDINATE_ROUNDED;CONTINENT_DERIVED_FROM_COORDINATES;TAXON_MATCH_TAXON_ID_IGNORED"
3802338428,"50c9509d-22c7-4a22-a47d-8c48425ef4a7","https://www.inaturalist.org/observations/111986726","Animalia","Arthropoda","Malacostraca","Decapoda","Portunidae","Callinectes","Callinectes similis",NA,"SPECIES","Callinectes similis Williams, 1966","Callinectes similis","","US","","South Carolina","PRESENT",NA,"28eb1a3f-1c15-4a95-931a-4af90ecb574d",33.350047,-79.194731,NA,NA,NA,NA,NA,NA,"2022-04-01T12:55:37",1,4,2022,2225642,2225642,"HUMAN_OBSERVATION","iNaturalist","Observations",111986726,NA,"nxbgan",2022-05-12 06:13:24,"CC_BY_NC_4_0","Kira","Kira",NA,NA,2025-06-07 00:01:51.953,"StillImage","COORDINATE_ROUNDED;CONTINENT_DERIVED_FROM_COORDINATES;TAXON_MATCH_TAXON_ID_IGNORED"
3785069863,"50c9509d-22c7-4a22-a47d-8c48425ef4a7","https://www.inaturalist.org/observations/117470500","Animalia","Arthropoda","Malacostraca","Decapoda","Portunidae","Callinectes","Callinectes similis",NA,"SPECIES","Callinectes similis Williams, 1966","Callinectes similis","","US","","South Carolina","PRESENT",NA,"28eb1a3f-1c15-4a95-931a-4af90ecb574d",32.852353,-79.702317,NA,NA,NA,NA,NA,NA,"2019-08-23T15:02:47",23,8,2019,2225642,2225642,"HUMAN_OBSERVATION","iNaturalist","Observations",117470500,NA,"nxbgan",2022-05-17 21:00:36,"CC_BY_NC_4_0","frogodogo","frogodogo",NA,NA,2025-06-07 01:12:49.969,"StillImage","COORDINATE_ROUNDED;CONTINENT_DERIVED_FROM_COORDINATES;TAXON_MATCH_TAXON_ID_IGNORED"
3784971991,"50c9509d-22c7-4a22-a47d-8c48425ef4a7","https://www.inaturalist.org/observations/117190668","Animalia","Arthropoda","Malacostraca","Decapoda","Portunidae","Callinectes","Callinectes similis",NA,"SPECIES","Callinectes similis Williams, 1966","Callinectes similis","","US","","North Carolina","PRESENT",NA,"28eb1a3f-1c15-4a95-931a-4af90ecb574d",34.651943,-77.101221,3,NA,NA,NA,NA,NA,"2022-05-15T15:22:40",15,5,2022,2225642,2225642,"HUMAN_OBSERVATION","iNaturalist","Observations",117190668,NA,"nxbgan",2022-05-16 02:19:26,"CC_BY_4_0","Max J. Ford","Max J. Ford",NA,NA,2025-06-07 02:01:38.009,"StillImage","COORDINATE_ROUNDED;CONTINENT_DERIVED_FROM_COORDINATES;TAXON_MATCH_TAXON_ID_IGNORED"
3784884665,"50c9509d-22c7-4a22-a47d-8c48425ef4a7","https://www.inaturalist.org/observations/116870482","Animalia","Arthropoda","Malacostraca","Decapoda","Portunidae","Callinectes","Callinectes similis",NA,"SPECIES","Callinectes similis Williams, 1966","Callinectes similis","","US","","Florida","PRESENT",NA,"28eb1a3f-1c15-4a95-931a-4af90ecb574d",24.790577,-80.885101,NA,NA,NA,NA,NA,NA,"2022-05-08T14:02",8,5,2022,2225642,2225642,"HUMAN_OBSERVATION","iNaturalist","Observations",116870482,NA,"nxbgan",2022-05-14 16:38:19,"CC_BY_NC_4_0","David Jeffrey Ringer","David Jeffrey Ringer",NA,NA,2025-06-07 00:51:18.753,"StillImage","CONTINENT_DERIVED_FROM_COORDINATES;TAXON_MATCH_TAXON_ID_IGNORED"
3773048462,"50c9509d-22c7-4a22-a47d-8c48425ef4a7","https://www.inaturalist.org/observations/92398404","Animalia","Arthropoda","Malacostraca","Decapoda","Portunidae","Callinectes","Callinectes similis",NA,"SPECIES","Callinectes similis Williams, 1966","Callinectes similis","","MX","","Tamaulipas","PRESENT",NA,"28eb1a3f-1c15-4a95-931a-4af90ecb574d",23.785622,-97.772758,NA,NA,NA,NA,NA,NA,"2021-08-13T15:35",13,8,2021,2225642,2225642,"HUMAN_OBSERVATION","iNaturalist","Observations",92398404,NA,"Guillermo H. Sosa-Tovar",2021-11-15 04:50:10,"CC_BY_NC_4_0","Marco Zozaya","Marco Zozaya",NA,NA,2025-06-07 00:58:27.907,"StillImage","COORDINATE_ROUNDED;CONTINENT_DERIVED_FROM_COORDINATES;TAXON_MATCH_TAXON_ID_IGNORED"
3773014165,"50c9509d-22c7-4a22-a47d-8c48425ef4a7","https://www.inaturalist.org/observations/116189985","Animalia","Arthropoda","Malacostraca","Decapoda","Portunidae","Callinectes","Callinectes similis",NA,"SPECIES","Callinectes similis Williams, 1966","Callinectes similis","","US","","Georgia","PRESENT",NA,"28eb1a3f-1c15-4a95-931a-4af90ecb574d",32.023483,-80.858955,10,NA,NA,NA,NA,NA,"2022-05-08T09:30:55",8,5,2022,2225642,2225642,"HUMAN_OBSERVATION","iNaturalist","Observations",116189985,NA,"nxbgan",2022-05-09 09:57:55,"CC_BY_NC_4_0","Ander","Ander",NA,NA,2025-06-07 01:06:53.705,"StillImage","COORDINATE_ROUNDED;CONTINENT_DERIVED_FROM_COORDINATES;TAXON_MATCH_TAXON_ID_IGNORED"
3772887943,"50c9509d-22c7-4a22-a47d-8c48425ef4a7","https://www.inaturalist.org/observations/115061303","Animalia","Arthropoda","Malacostraca","Decapoda","Portunidae","Callinectes","Callinectes similis",NA,"SPECIES","Callinectes similis Williams, 1966","Callinectes similis","","US","","","PRESENT",NA,"28eb1a3f-1c15-4a95-931a-4af90ecb574d",30.110706,-88.109413,NA,NA,NA,NA,NA,NA,"2021-07-26T10:45",26,7,2021,2225642,2225642,"HUMAN_OBSERVATION","iNaturalist","Observations",115061303,NA,"nxbgan",2022-05-03 19:30:08,"CC_BY_NC_4_0","lakenswinea","lakenswinea",NA,NA,2025-06-07 02:37:05.647,"StillImage","COORDINATE_ROUNDED;COUNTRY_DERIVED_FROM_COORDINATES;TAXON_MATCH_TAXON_ID_IGNORED"
3760058158,"50c9509d-22c7-4a22-a47d-8c48425ef4a7","https://www.inaturalist.org/observations/111726749","Animalia","Arthropoda","Malacostraca","Decapoda","Portunidae","Callinectes","Callinectes similis",NA,"SPECIES","Callinectes similis Williams, 1966","Callinectes similis","","US","","Texas","PRESENT",NA,"28eb1a3f-1c15-4a95-931a-4af90ecb574d",29.369162,-94.728858,20,NA,NA,NA,NA,NA,"2022-04-15T16:46:41",15,4,2022,2225642,2225642,"HUMAN_OBSERVATION","iNaturalist","Observations",111726749,NA,"Mitchel Buckner",2022-04-23 18:25:16,"CC_BY_NC_4_0","Caleb Helsel","Caleb Helsel",NA,NA,2025-06-07 00:03:15.849,"StillImage","COORDINATE_ROUNDED;CONTINENT_DERIVED_FROM_COORDINATES;TAXON_MATCH_TAXON_ID_IGNORED"
3759382610,"50c9509d-22c7-4a22-a47d-8c48425ef4a7","https://www.inaturalist.org/observations/111113726","Animalia","Arthropoda","Malacostraca","Decapoda","Portunidae","Callinectes","Callinectes similis",NA,"SPECIES","Callinectes similis Williams, 1966","Callinectes similis","","US","","South Carolina","PRESENT",NA,"28eb1a3f-1c15-4a95-931a-4af90ecb574d",32.370663,-80.684608,NA,NA,NA,NA,NA,NA,"2022-04-11T11:04:02",11,4,2022,2225642,2225642,"HUMAN_OBSERVATION","iNaturalist","Observations",111113726,NA,"nxbgan",2022-04-13 15:32:00,"CC_BY_NC_4_0","Matushka Elizabeth Perdomo","Matushka Elizabeth Perdomo",NA,NA,2025-06-07 00:34:59.389,"StillImage","COORDINATE_ROUNDED;CONTINENT_DERIVED_FROM_COORDINATES;TAXON_MATCH_TAXON_ID_IGNORED"
3759254802,"50c9509d-22c7-4a22-a47d-8c48425ef4a7","https://www.inaturalist.org/observations/110389110","Animalia","Arthropoda","Malacostraca","Decapoda","Portunidae","Callinectes","Callinectes similis",NA,"SPECIES","Callinectes similis Williams, 1966","Callinectes similis","","US","","Georgia","PRESENT",NA,"28eb1a3f-1c15-4a95-931a-4af90ecb574d",30.748076,-81.473316,31,NA,NA,NA,NA,NA,"2022-04-02T11:06",2,4,2022,2225642,2225642,"HUMAN_OBSERVATION","iNaturalist","Observations",110389110,NA,"nxbgan",2022-04-08 06:17:24,"CC_BY_NC_4_0","Russ Hoverman","Russ Hoverman",NA,NA,2025-06-07 00:02:16.403,"StillImage","COORDINATE_ROUNDED;CONTINENT_DERIVED_FROM_COORDINATES;TAXON_MATCH_TAXON_ID_IGNORED"
3712649347,"50c9509d-22c7-4a22-a47d-8c48425ef4a7","https://www.inaturalist.org/observations/51335542","Animalia","Arthropoda","Malacostraca","Decapoda","Portunidae","Callinectes","Callinectes similis",NA,"SPECIES","Callinectes similis Williams, 1966","Callinectes similis","","US","","Florida","PRESENT",NA,"28eb1a3f-1c15-4a95-931a-4af90ecb574d",24.732913,-80.993272,4,NA,NA,NA,NA,NA,"2020-06-28T21:42:32",28,6,2020,2225642,2225642,"HUMAN_OBSERVATION","iNaturalist","Observations",51335542,NA,"Austin Smith",2022-03-09 21:29:57,"CC_BY_NC_4_0","Tristan Packard","Tristan Packard",NA,NA,2025-06-07 01:03:42.9,"StillImage","COORDINATE_ROUNDED;CONTINENT_DERIVED_FROM_COORDINATES;TAXON_MATCH_TAXON_ID_IGNORED"
3712589414,"50c9509d-22c7-4a22-a47d-8c48425ef4a7","https://www.inaturalist.org/observations/96090499","Animalia","Arthropoda","Malacostraca","Decapoda","Portunidae","Callinectes","Callinectes similis",NA,"SPECIES","Callinectes similis Williams, 1966","Callinectes similis","","US","","Texas","PRESENT",NA,"28eb1a3f-1c15-4a95-931a-4af90ecb574d",27.789847,-97.390245,38,NA,NA,NA,NA,NA,"2021-09-22T15:20Z",22,9,2021,2225642,2225642,"HUMAN_OBSERVATION","iNaturalist","Observations",96090499,NA,"faithlenhardt",2021-09-25 15:08:57,"CC_BY_NC_4_0","faithlenhardt","faithlenhardt",NA,NA,2025-06-07 01:44:48.233,"StillImage","COORDINATE_ROUNDED;CONTINENT_DERIVED_FROM_COORDINATES;TAXON_MATCH_TAXON_ID_IGNORED"
3712546322,"50c9509d-22c7-4a22-a47d-8c48425ef4a7","https://www.inaturalist.org/observations/26297865","Animalia","Arthropoda","Malacostraca","Decapoda","Portunidae","Callinectes","Callinectes similis",NA,"SPECIES","Callinectes similis Williams, 1966","Callinectes similis","","US","","South Carolina","PRESENT",NA,"28eb1a3f-1c15-4a95-931a-4af90ecb574d",32.245005,-80.688028,5,NA,NA,NA,NA,NA,"2019-06-02T20:06:33",2,6,2019,2225642,2225642,"HUMAN_OBSERVATION","iNaturalist","Observations",26297865,NA,"Austin Smith",2022-03-09 21:23:03,"CC_BY_4_0","Mary Spilman","Mary Spilman",NA,NA,2025-06-07 01:25:48.84,"StillImage","COORDINATE_ROUNDED;CONTINENT_DERIVED_FROM_COORDINATES;TAXON_MATCH_TAXON_ID_IGNORED"
3712441415,"50c9509d-22c7-4a22-a47d-8c48425ef4a7","https://www.inaturalist.org/observations/94499969","Animalia","Arthropoda","Malacostraca","Decapoda","Portunidae","Callinectes","Callinectes similis",NA,"SPECIES","Callinectes similis Williams, 1966","Callinectes similis","","US","","Georgia","PRESENT",NA,"28eb1a3f-1c15-4a95-931a-4af90ecb574d",32.024955,-80.843863,64,NA,NA,NA,NA,NA,"2021-09-11T16:33:54",11,9,2021,2225642,2225642,"HUMAN_OBSERVATION","iNaturalist","Observations",94499969,NA,"nxbgan",2021-09-20 04:51:32,"CC_BY_NC_4_0","Kat","Kat",NA,NA,2025-06-07 00:57:44.295,"StillImage","COORDINATE_ROUNDED;CONTINENT_DERIVED_FROM_COORDINATES;TAXON_MATCH_TAXON_ID_IGNORED"
3712432436,"50c9509d-22c7-4a22-a47d-8c48425ef4a7","https://www.inaturalist.org/observations/97694521","Animalia","Arthropoda","Malacostraca","Decapoda","Portunidae","Callinectes","Callinectes similis",NA,"SPECIES","Callinectes similis Williams, 1966","Callinectes similis","","US","","Texas","PRESENT",NA,"28eb1a3f-1c15-4a95-931a-4af90ecb574d",27.791488,-97.390267,31,NA,NA,NA,NA,NA,"2021-09-22T15:24",22,9,2021,2225642,2225642,"HUMAN_OBSERVATION","iNaturalist","Observations",97694521,NA,"nxbgan",2021-12-08 21:21:16,"CC_BY_NC_4_0","destinygamez21","destinygamez21",NA,NA,2025-06-07 02:45:58.759,"StillImage","COORDINATE_ROUNDED;CONTINENT_DERIVED_FROM_COORDINATES;TAXON_MATCH_TAXON_ID_IGNORED"
3456529458,"50c9509d-22c7-4a22-a47d-8c48425ef4a7","https://www.inaturalist.org/observations/103782230","Animalia","Arthropoda","Malacostraca","Decapoda","Portunidae","Callinectes","Callinectes similis",NA,"SPECIES","Callinectes similis Williams, 1966","Callinectes similis","","US","","Alabama","PRESENT",NA,"28eb1a3f-1c15-4a95-931a-4af90ecb574d",30.277803,-87.550592,7,NA,NA,NA,NA,NA,"2021-11-21T13:58:36",21,11,2021,2225642,2225642,"HUMAN_OBSERVATION","iNaturalist","Observations",103782230,NA,"lightning_whelk",2021-12-27 22:33:32,"CC_BY_NC_4_0","lightning_whelk","lightning_whelk",NA,NA,2025-06-07 01:51:41.934,"StillImage","COORDINATE_ROUNDED;CONTINENT_DERIVED_FROM_COORDINATES;TAXON_MATCH_TAXON_ID_IGNORED"
3456318587,"50c9509d-22c7-4a22-a47d-8c48425ef4a7","https://www.inaturalist.org/observations/100457501","Animalia","Arthropoda","Malacostraca","Decapoda","Portunidae","Callinectes","Callinectes similis",NA,"SPECIES","Callinectes similis Williams, 1966","Callinectes similis","","US","","Texas","PRESENT",NA,"28eb1a3f-1c15-4a95-931a-4af90ecb574d",27.78998,-97.390014,56,NA,NA,NA,NA,NA,"2021-09-22T15:21",22,9,2021,2225642,2225642,"HUMAN_OBSERVATION","iNaturalist","Observations",100457501,NA,"gpepper23",2021-11-07 02:37:51,"CC_BY_NC_4_0","gpepper23","gpepper23",NA,NA,2025-06-07 00:38:28.387,"StillImage","COORDINATE_ROUNDED;CONTINENT_DERIVED_FROM_COORDINATES;TAXON_MATCH_TAXON_ID_IGNORED"
3456209979,"50c9509d-22c7-4a22-a47d-8c48425ef4a7","https://www.inaturalist.org/observations/100177228","Animalia","Arthropoda","Malacostraca","Decapoda","Portunidae","Callinectes","Callinectes similis",NA,"SPECIES","Callinectes similis Williams, 1966","Callinectes similis","","US","","Texas","PRESENT",NA,"28eb1a3f-1c15-4a95-931a-4af90ecb574d",27.71492,-97.3255,65,NA,NA,NA,NA,NA,"2021-10-06T16:13:58Z",6,10,2021,2225642,2225642,"HUMAN_OBSERVATION","iNaturalist","Observations",100177228,NA,"rachelmeza",2021-11-03 20:50:16,"CC_BY_NC_4_0","rachelmeza","rachelmeza",NA,NA,2025-06-07 00:26:00.472,"StillImage","CONTINENT_DERIVED_FROM_COORDINATES;TAXON_MATCH_TAXON_ID_IGNORED"
3456198566,"50c9509d-22c7-4a22-a47d-8c48425ef4a7","https://www.inaturalist.org/observations/85194459","Animalia","Arthropoda","Malacostraca","Decapoda","Portunidae","Callinectes","Callinectes similis",NA,"SPECIES","Callinectes similis Williams, 1966","Callinectes similis","","US","","South Carolina","PRESENT",NA,"28eb1a3f-1c15-4a95-931a-4af90ecb574d",32.123162,-80.786927,4,NA,NA,NA,NA,NA,"2021-07-01T08:26:10",1,7,2021,2225642,2225642,"HUMAN_OBSERVATION","iNaturalist","Observations",85194459,NA,"nxbgan",2021-07-02 00:45:31,"CC_BY_NC_4_0","jcpetez1","jcpetez1",NA,NA,2025-06-07 02:39:15.502,"StillImage","COORDINATE_ROUNDED;CONTINENT_DERIVED_FROM_COORDINATES;TAXON_MATCH_TAXON_ID_IGNORED"
3424929576,"a6e35034-fca7-457f-888b-e6d97030dee5","Station_291_Date_09MAY2007:07:42:00.000_Callinectes_similis","Animalia","Arthropoda","Malacostraca","Decapoda","Portunidae","Callinectes","Callinectes similis",NA,"SPECIES","Callinectes similis Williams, 1966","Callinectes similis","A.B. Williams, 1966","US","Mission-Aransas Estuary","Texas","PRESENT",NA,"c3ad790a-d426-4ac1-8e32-da61f81f0117",27.974722,-96.976667,100,NA,NA,NA,0.75,0.75,"2007-05-09T07:42",9,5,2007,2225642,2225642,"HUMAN_OBSERVATION","TPWD","Aransas Bay Gill Net",NA,NA,"",NA,"CC0_1_0","","",NA,NA,2025-02-06 21:59:48.231,"","CONTINENT_DERIVED_FROM_COORDINATES"
3424908782,"a6e35034-fca7-457f-888b-e6d97030dee5","Station_21_Date_08NOV2006:09:29:00.000_Callinectes_similis","Animalia","Arthropoda","Malacostraca","Decapoda","Portunidae","Callinectes","Callinectes similis",NA,"SPECIES","Callinectes similis Williams, 1966","Callinectes similis","A.B. Williams, 1966","US","Mission-Aransas Estuary","Texas","PRESENT",NA,"c3ad790a-d426-4ac1-8e32-da61f81f0117",28.211944,-96.983611,100,NA,NA,NA,0.5,0.5,"2006-11-08T09:29",8,11,2006,2225642,2225642,"HUMAN_OBSERVATION","TPWD","Aransas Bay Gill Net",NA,NA,"",NA,"CC0_1_0","","",NA,NA,2025-02-06 21:59:47.977,"","CONTINENT_DERIVED_FROM_COORDINATES"
3424831639,"a6e35034-fca7-457f-888b-e6d97030dee5","Station_85_Date_01JUN2006:10:08:00.000_Callinectes_similis","Animalia","Arthropoda","Malacostraca","Decapoda","Portunidae","Callinectes","Callinectes similis",NA,"SPECIES","Callinectes similis Williams, 1966","Callinectes similis","A.B. Williams, 1966","US","Mission-Aransas Estuary","Texas","PRESENT",NA,"c3ad790a-d426-4ac1-8e32-da61f81f0117",28.134167,-97.17,100,NA,NA,NA,0.35,0.35,"2006-06-01T10:08",1,6,2006,2225642,2225642,"HUMAN_OBSERVATION","TPWD","Aransas Bay Gill Net",NA,NA,"",NA,"CC0_1_0","","",NA,NA,2025-02-06 21:59:48.09,"","CONTINENT_DERIVED_FROM_COORDINATES"
3406243825,"9dc24de5-be12-44f9-ab75-c4b62492e8da","Station_72_Date_19JUN2006:16:07:00.000_Callinectes_similis","Animalia","Arthropoda","Malacostraca","Decapoda","Portunidae","Callinectes","Callinectes similis",NA,"SPECIES","Callinectes similis Williams, 1966","Callinectes similis","A.B. Williams, 1966","US","Upper Laguna Madre Estuary","Texas","PRESENT",NA,"c3ad790a-d426-4ac1-8e32-da61f81f0117",27.494444,-97.317778,100,NA,NA,NA,0.1,0.1,"2006-06-19T16:07",19,6,2006,2225642,2225642,"HUMAN_OBSERVATION","TPWD","Upper Laguna Madre Bag Seine",NA,NA,"",NA,"CC0_1_0","","",NA,NA,2025-02-06 21:46:35.161,"","CONTINENT_DERIVED_FROM_COORDINATES"
3406243662,"9dc24de5-be12-44f9-ab75-c4b62492e8da","Station_60_Date_26APR2007:10:25:00.000_Callinectes_similis","Animalia","Arthropoda","Malacostraca","Decapoda","Portunidae","Callinectes","Callinectes similis",NA,"SPECIES","Callinectes similis Williams, 1966","Callinectes similis","A.B. Williams, 1966","US","Upper Laguna Madre Estuary","Texas","PRESENT",NA,"c3ad790a-d426-4ac1-8e32-da61f81f0117",27.545556,-97.282222,100,NA,NA,NA,0.15,0.05,"2007-04-26T10:25",26,4,2007,2225642,2225642,"HUMAN_OBSERVATION","TPWD","Upper Laguna Madre Bag Seine",NA,NA,"",NA,"CC0_1_0","","",NA,NA,2025-02-06 21:46:35.103,"","CONTINENT_DERIVED_FROM_COORDINATES"
3406241751,"9dc24de5-be12-44f9-ab75-c4b62492e8da","Station_60_Date_22MAY2007:11:19:00.000_Callinectes_similis","Animalia","Arthropoda","Malacostraca","Decapoda","Portunidae","Callinectes","Callinectes similis",NA,"SPECIES","Callinectes similis Williams, 1966","Callinectes similis","A.B. Williams, 1966","US","Upper Laguna Madre Estuary","Texas","PRESENT",NA,"c3ad790a-d426-4ac1-8e32-da61f81f0117",27.549167,-97.280278,100,NA,NA,NA,0.15,0.15,"2007-05-22T11:19",22,5,2007,2225642,2225642,"HUMAN_OBSERVATION","TPWD","Upper Laguna Madre Bag Seine",NA,NA,"",NA,"CC0_1_0","","",NA,NA,2025-02-06 21:46:34.022,"","CONTINENT_DERIVED_FROM_COORDINATES"
3406239806,"9dc24de5-be12-44f9-ab75-c4b62492e8da","Station_73_Date_04JUN2007:17:58:00.000_Callinectes_similis","Animalia","Arthropoda","Malacostraca","Decapoda","Portunidae","Callinectes","Callinectes similis",NA,"SPECIES","Callinectes similis Williams, 1966","Callinectes similis","A.B. Williams, 1966","US","Upper Laguna Madre Estuary","Texas","PRESENT",NA,"c3ad790a-d426-4ac1-8e32-da61f81f0117",27.488889,-97.309444,100,NA,NA,NA,0.45,0.15,"2007-06-04T17:58",4,6,2007,2225642,2225642,"HUMAN_OBSERVATION","TPWD","Upper Laguna Madre Bag Seine",NA,NA,"",NA,"CC0_1_0","","",NA,NA,2025-02-06 21:46:35.071,"","CONTINENT_DERIVED_FROM_COORDINATES"
3406236451,"9dc24de5-be12-44f9-ab75-c4b62492e8da","Station_54_Date_11APR2007:14:26:00.000_Callinectes_similis","Animalia","Arthropoda","Malacostraca","Decapoda","Portunidae","Callinectes","Callinectes similis",NA,"SPECIES","Callinectes similis Williams, 1966","Callinectes similis","A.B. Williams, 1966","US","Upper Laguna Madre Estuary","Texas","PRESENT",NA,"c3ad790a-d426-4ac1-8e32-da61f81f0117",27.566389,-97.278056,100,NA,NA,NA,0.3,0.1,"2007-04-11T14:26",11,4,2007,2225642,2225642,"HUMAN_OBSERVATION","TPWD","Upper Laguna Madre Bag Seine",NA,NA,"",NA,"CC0_1_0","","",NA,NA,2025-02-06 21:46:34.992,"","CONTINENT_DERIVED_FROM_COORDINATES"
3406094575,"9dc24de5-be12-44f9-ab75-c4b62492e8da","Station_275_Date_18APR2006:12:15:00.000_Callinectes_similis","Animalia","Arthropoda","Malacostraca","Decapoda","Portunidae","Callinectes","Callinectes similis",NA,"SPECIES","Callinectes similis Williams, 1966","Callinectes similis","A.B. Williams, 1966","US","Upper Laguna Madre Estuary","Texas","PRESENT",NA,"c3ad790a-d426-4ac1-8e32-da61f81f0117",27.152222,-97.437222,100,NA,NA,NA,0.25,0.25,"2006-04-18T12:15",18,4,2006,2225642,2225642,"HUMAN_OBSERVATION","TPWD","Upper Laguna Madre Bag Seine",NA,NA,"",NA,"CC0_1_0","","",NA,NA,2025-02-06 21:46:35.921,"","CONTINENT_DERIVED_FROM_COORDINATES"
3406071294,"9dc24de5-be12-44f9-ab75-c4b62492e8da","Station_164_Date_23DEC2008:13:38:00.000_Callinectes_similis","Animalia","Arthropoda","Malacostraca","Decapoda","Portunidae","Callinectes","Callinectes similis",NA,"SPECIES","Callinectes similis Williams, 1966","Callinectes similis","A.B. Williams, 1966","US","Upper Laguna Madre Estuary","Texas","PRESENT",NA,"c3ad790a-d426-4ac1-8e32-da61f81f0117",27.304722,-97.51,100,NA,NA,NA,2.05,1.95,"2008-12-23T13:38",23,12,2008,2225642,2225642,"HUMAN_OBSERVATION","TPWD","Upper Laguna Madre Bag Seine",NA,NA,"",NA,"CC0_1_0","","",NA,NA,2025-02-06 21:46:35.424,"","CONTINENT_DERIVED_FROM_COORDINATES"
3406064577,"9dc24de5-be12-44f9-ab75-c4b62492e8da","Station_53_Date_26APR2006:12:26:00.000_Callinectes_similis","Animalia","Arthropoda","Malacostraca","Decapoda","Portunidae","Callinectes","Callinectes similis",NA,"SPECIES","Callinectes similis Williams, 1966","Callinectes similis","A.B. Williams, 1966","US","Upper Laguna Madre Estuary","Texas","PRESENT",NA,"c3ad790a-d426-4ac1-8e32-da61f81f0117",27.553889,-97.285,100,NA,NA,NA,0.15,0.15,"2006-04-26T12:26",26,4,2006,2225642,2225642,"HUMAN_OBSERVATION","TPWD","Upper Laguna Madre Bag Seine",NA,NA,"",NA,"CC0_1_0","","",NA,NA,2025-02-06 21:46:34.989,"","CONTINENT_DERIVED_FROM_COORDINATES"
3406064363,"9dc24de5-be12-44f9-ab75-c4b62492e8da","Station_41_Date_09JUN2008:18:19:00.000_Callinectes_similis","Animalia","Arthropoda","Malacostraca","Decapoda","Portunidae","Callinectes","Callinectes similis",NA,"SPECIES","Callinectes similis Williams, 1966","Callinectes similis","A.B. Williams, 1966","US","Upper Laguna Madre Estuary","Texas","PRESENT",NA,"c3ad790a-d426-4ac1-8e32-da61f81f0117",27.597222,-97.273056,100,NA,NA,NA,0.2,0.2,"2008-06-09T18:19",9,6,2008,2225642,2225642,"HUMAN_OBSERVATION","TPWD","Upper Laguna Madre Bag Seine",NA,NA,"",NA,"CC0_1_0","","",NA,NA,2025-02-06 21:46:34.925,"","CONTINENT_DERIVED_FROM_COORDINATES"
3406061544,"9dc24de5-be12-44f9-ab75-c4b62492e8da","Station_63_Date_08MAR2007:11:26:00.000_Callinectes_similis","Animalia","Arthropoda","Malacostraca","Decapoda","Portunidae","Callinectes","Callinectes similis",NA,"SPECIES","Callinectes similis Williams, 1966","Callinectes similis","A.B. Williams, 1966","US","Upper Laguna Madre Estuary","Texas","PRESENT",NA,"c3ad790a-d426-4ac1-8e32-da61f81f0117",27.5275,-97.303333,100,NA,NA,NA,0.15,0.15,"2007-03-08T11:26",8,3,2007,2225642,2225642,"HUMAN_OBSERVATION","TPWD","Upper Laguna Madre Bag Seine",NA,NA,"",NA,"CC0_1_0","","",NA,NA,2025-02-06 21:46:35.191,"","CONTINENT_DERIVED_FROM_COORDINATES"
3406059442,"9dc24de5-be12-44f9-ab75-c4b62492e8da","Station_48_Date_26APR2006:11:43:00.000_Callinectes_similis","Animalia","Arthropoda","Malacostraca","Decapoda","Portunidae","Callinectes","Callinectes similis",NA,"SPECIES","Callinectes similis Williams, 1966","Callinectes similis","A.B. Williams, 1966","US","Upper Laguna Madre Estuary","Texas","PRESENT",NA,"c3ad790a-d426-4ac1-8e32-da61f81f0117",27.572778,-97.270556,100,NA,NA,NA,0.15,0.15,"2006-04-26T11:43",26,4,2006,2225642,2225642,"HUMAN_OBSERVATION","TPWD","Upper Laguna Madre Bag Seine",NA,NA,"",NA,"CC0_1_0","","",NA,NA,2025-02-06 21:46:33.987,"","CONTINENT_DERIVED_FROM_COORDINATES"
3406057723,"9dc24de5-be12-44f9-ab75-c4b62492e8da","Station_72_Date_02JUN2008:15:47:00.000_Callinectes_similis","Animalia","Arthropoda","Malacostraca","Decapoda","Portunidae","Callinectes","Callinectes similis",NA,"SPECIES","Callinectes similis Williams, 1966","Callinectes similis","A.B. Williams, 1966","US","Upper Laguna Madre Estuary","Texas","PRESENT",NA,"c3ad790a-d426-4ac1-8e32-da61f81f0117",27.495556,-97.317222,100,NA,NA,NA,0.1,0.1,"2008-06-02T15:47",2,6,2008,2225642,2225642,"HUMAN_OBSERVATION","TPWD","Upper Laguna Madre Bag Seine",NA,NA,"",NA,"CC0_1_0","","",NA,NA,2025-02-06 21:46:35.066,"","CONTINENT_DERIVED_FROM_COORDINATES"
3406057360,"9dc24de5-be12-44f9-ab75-c4b62492e8da","Station_48_Date_24APR2008:13:17:00.000_Callinectes_similis","Animalia","Arthropoda","Malacostraca","Decapoda","Portunidae","Callinectes","Callinectes similis",NA,"SPECIES","Callinectes similis Williams, 1966","Callinectes similis","A.B. Williams, 1966","US","Upper Laguna Madre Estuary","Texas","PRESENT",NA,"c3ad790a-d426-4ac1-8e32-da61f81f0117",27.566944,-97.278056,100,NA,NA,NA,0.3,0.1,"2008-04-24T13:17",24,4,2008,2225642,2225642,"HUMAN_OBSERVATION","TPWD","Upper Laguna Madre Bag Seine",NA,NA,"",NA,"CC0_1_0","","",NA,NA,2025-02-06 21:46:34.96,"","CONTINENT_DERIVED_FROM_COORDINATES"
3406056581,"9dc24de5-be12-44f9-ab75-c4b62492e8da","Station_59_Date_03MAR2006:12:50:00.000_Callinectes_similis","Animalia","Arthropoda","Malacostraca","Decapoda","Portunidae","Callinectes","Callinectes similis",NA,"SPECIES","Callinectes similis Williams, 1966","Callinectes similis","A.B. Williams, 1966","US","Upper Laguna Madre Estuary","Texas","PRESENT",NA,"c3ad790a-d426-4ac1-8e32-da61f81f0117",27.535278,-97.286944,100,NA,NA,NA,0.05,0.05,"2006-03-03T12:50",3,3,2006,2225642,2225642,"HUMAN_OBSERVATION","TPWD","Upper Laguna Madre Bag Seine",NA,NA,"",NA,"CC0_1_0","","",NA,NA,2025-02-06 21:46:35.086,"","CONTINENT_DERIVED_FROM_COORDINATES"
3406055668,"9dc24de5-be12-44f9-ab75-c4b62492e8da","Station_54_Date_20MAR2008:10:03:00.000_Callinectes_similis","Animalia","Arthropoda","Malacostraca","Decapoda","Portunidae","Callinectes","Callinectes similis",NA,"SPECIES","Callinectes similis Williams, 1966","Callinectes similis","A.B. Williams, 1966","US","Upper Laguna Madre Estuary","Texas","PRESENT",NA,"c3ad790a-d426-4ac1-8e32-da61f81f0117",27.555556,-97.279444,100,NA,NA,NA,0.1,0.1,"2008-03-20T10:03",20,3,2008,2225642,2225642,"HUMAN_OBSERVATION","TPWD","Upper Laguna Madre Bag Seine",NA,NA,"",NA,"CC0_1_0","","",NA,NA,2025-02-06 21:46:34.005,"","CONTINENT_DERIVED_FROM_COORDINATES"
3406054955,"9dc24de5-be12-44f9-ab75-c4b62492e8da","Station_78_Date_04JUN2007:17:22:00.000_Callinectes_similis","Animalia","Arthropoda","Malacostraca","Decapoda","Portunidae","Callinectes","Callinectes similis",NA,"SPECIES","Callinectes similis Williams, 1966","Callinectes similis","A.B. Williams, 1966","US","Upper Laguna Madre Estuary","Texas","PRESENT",NA,"c3ad790a-d426-4ac1-8e32-da61f81f0117",27.474722,-97.309722,100,NA,NA,NA,0.15,0.15,"2007-06-04T17:22",4,6,2007,2225642,2225642,"HUMAN_OBSERVATION","TPWD","Upper Laguna Madre Bag Seine",NA,NA,"",NA,"CC0_1_0","","",NA,NA,2025-02-06 21:46:35.044,"","CONTINENT_DERIVED_FROM_COORDINATES"
3406053263,"9dc24de5-be12-44f9-ab75-c4b62492e8da","Station_34_Date_03MAR2006:11:02:00.000_Callinectes_similis","Animalia","Arthropoda","Malacostraca","Decapoda","Portunidae","Callinectes","Callinectes similis",NA,"SPECIES","Callinectes similis Williams, 1966","Callinectes similis","A.B. Williams, 1966","US","Upper Laguna Madre Estuary","Texas","PRESENT",NA,"c3ad790a-d426-4ac1-8e32-da61f81f0117",27.6025,-97.270556,100,NA,NA,NA,0.25,0.15,"2006-03-03T11:02",3,3,2006,2225642,2225642,"HUMAN_OBSERVATION","TPWD","Upper Laguna Madre Bag Seine",NA,NA,"",NA,"CC0_1_0","","",NA,NA,2025-02-06 21:46:34.898,"","CONTINENT_DERIVED_FROM_COORDINATES"
3405924462,"95b694cd-e9db-4831-b6a9-0a6d433d92c1","Station_286_Date_22MAY2006:18:04:00.000_Callinectes_similis","Animalia","Arthropoda","Malacostraca","Decapoda","Portunidae","Callinectes","Callinectes similis",NA,"SPECIES","Callinectes similis Williams, 1966","Callinectes similis","A.B. Williams, 1966","US","Guadalupe Estuary","Texas","PRESENT",NA,"c3ad790a-d426-4ac1-8e32-da61f81f0117",28.304167,-96.529167,100,NA,NA,NA,0.35,0.05,"2006-05-22T18:04",22,5,2006,2225642,2225642,"HUMAN_OBSERVATION","TPWD","San Antonio Bay Bag Seine",NA,NA,"",NA,"CC0_1_0","","",NA,NA,2025-02-06 21:26:39.905,"","CONTINENT_DERIVED_FROM_COORDINATES"
3405916248,"95b694cd-e9db-4831-b6a9-0a6d433d92c1","Station_257_Date_21APR2008:13:43:00.000_Callinectes_similis","Animalia","Arthropoda","Malacostraca","Decapoda","Portunidae","Callinectes","Callinectes similis",NA,"SPECIES","Callinectes similis Williams, 1966","Callinectes similis","A.B. Williams, 1966","US","Guadalupe Estuary","Texas","PRESENT",NA,"c3ad790a-d426-4ac1-8e32-da61f81f0117",28.3375,-96.629167,100,NA,NA,NA,0.2,0.2,"2008-04-21T13:43",21,4,2008,2225642,2225642,"HUMAN_OBSERVATION","TPWD","San Antonio Bay Bag Seine",NA,NA,"",NA,"CC0_1_0","","",NA,NA,2025-02-06 21:26:40.756,"","CONTINENT_DERIVED_FROM_COORDINATES"
3405915995,"95b694cd-e9db-4831-b6a9-0a6d433d92c1","Station_234_Date_17MAY2005:09:41:00.000_Callinectes_similis","Animalia","Arthropoda","Malacostraca","Decapoda","Portunidae","Callinectes","Callinectes similis",NA,"SPECIES","Callinectes similis Williams, 1966","Callinectes similis","A.B. Williams, 1966","US","Guadalupe Estuary","Texas","PRESENT",NA,"c3ad790a-d426-4ac1-8e32-da61f81f0117",28.380556,-96.516389,100,NA,NA,NA,0.1,0,"2005-05-17T09:41",17,5,2005,2225642,2225642,"HUMAN_OBSERVATION","TPWD","San Antonio Bay Bag Seine",NA,NA,"",NA,"CC0_1_0","","",NA,NA,2025-02-06 21:26:40.701,"","CONTINENT_DERIVED_FROM_COORDINATES"
3405915796,"95b694cd-e9db-4831-b6a9-0a6d433d92c1","Station_223_Date_16AUG2006:15:11:00.000_Callinectes_similis","Animalia","Arthropoda","Malacostraca","Decapoda","Portunidae","Callinectes","Callinectes similis",NA,"SPECIES","Callinectes similis Williams, 1966","Callinectes similis","A.B. Williams, 1966","US","Guadalupe Estuary","Texas","PRESENT",NA,"c3ad790a-d426-4ac1-8e32-da61f81f0117",28.395833,-96.508333,100,NA,NA,NA,0.55,0.45,"2006-08-16T15:11",16,8,2006,2225642,2225642,"HUMAN_OBSERVATION","TPWD","San Antonio Bay Bag Seine",NA,NA,"",NA,"CC0_1_0","","",NA,NA,2025-02-06 21:26:40.653,"","CONTINENT_DERIVED_FROM_COORDINATES"
3405915771,"95b694cd-e9db-4831-b6a9-0a6d433d92c1","Station_221_Date_24APR2006:14:42:00.000_Callinectes_similis","Animalia","Arthropoda","Malacostraca","Decapoda","Portunidae","Callinectes","Callinectes similis",NA,"SPECIES","Callinectes similis Williams, 1966","Callinectes similis","A.B. Williams, 1966","US","Guadalupe Estuary","Texas","PRESENT",NA,"c3ad790a-d426-4ac1-8e32-da61f81f0117",28.385833,-96.535556,100,NA,NA,NA,0.25,0.25,"2006-04-24T14:42",24,4,2006,2225642,2225642,"HUMAN_OBSERVATION","TPWD","San Antonio Bay Bag Seine",NA,NA,"",NA,"CC0_1_0","","",NA,NA,2025-02-06 21:26:40.647,"","CONTINENT_DERIVED_FROM_COORDINATES"
3405915615,"95b694cd-e9db-4831-b6a9-0a6d433d92c1","Station_211_Date_19JUN2006:10:34:00.000_Callinectes_similis","Animalia","Arthropoda","Malacostraca","Decapoda","Portunidae","Callinectes","Callinectes similis",NA,"SPECIES","Callinectes similis Williams, 1966","Callinectes similis","A.B. Williams, 1966","US","Guadalupe Estuary","Texas","PRESENT",NA,"c3ad790a-d426-4ac1-8e32-da61f81f0117",28.426389,-96.441667,100,NA,NA,NA,0.2,0.2,"2006-06-19T10:34",19,6,2006,2225642,2225642,"HUMAN_OBSERVATION","TPWD","San Antonio Bay Bag Seine",NA,NA,"",NA,"CC0_1_0","","",NA,NA,2025-02-06 21:26:40.606,"","CONTINENT_DERIVED_FROM_COORDINATES"
3405915561,"95b694cd-e9db-4831-b6a9-0a6d433d92c1","Station_208_Date_17JUL2007:09:17:00.000_Callinectes_similis","Animalia","Arthropoda","Malacostraca","Decapoda","Portunidae","Callinectes","Callinectes similis",NA,"SPECIES","Callinectes similis Williams, 1966","Callinectes similis","A.B. Williams, 1966","US","Guadalupe Estuary","Texas","PRESENT",NA,"c3ad790a-d426-4ac1-8e32-da61f81f0117",28.435278,-96.419722,100,NA,NA,NA,0.25,0.25,"2007-07-17T09:17",17,7,2007,2225642,2225642,"HUMAN_OBSERVATION","TPWD","San Antonio Bay Bag Seine",NA,NA,"",NA,"CC0_1_0","","",NA,NA,2025-02-06 21:26:40.592,"","CONTINENT_DERIVED_FROM_COORDINATES"
3405914596,"95b694cd-e9db-4831-b6a9-0a6d433d92c1","Station_208_Date_16MAY2005:08:26:00.000_Callinectes_similis","Animalia","Arthropoda","Malacostraca","Decapoda","Portunidae","Callinectes","Callinectes similis",NA,"SPECIES","Callinectes similis Williams, 1966","Callinectes similis","A.B. Williams, 1966","US","Guadalupe Estuary","Texas","PRESENT",NA,"c3ad790a-d426-4ac1-8e32-da61f81f0117",28.436111,-96.417222,100,NA,NA,NA,0.45,0.45,"2005-05-16T08:26",16,5,2005,2225642,2225642,"HUMAN_OBSERVATION","TPWD","San Antonio Bay Bag Seine",NA,NA,"",NA,"CC0_1_0","","",NA,NA,2025-02-06 21:26:40.712,"","CONTINENT_DERIVED_FROM_COORDINATES"
3405914280,"95b694cd-e9db-4831-b6a9-0a6d433d92c1","Station_244_Date_20MAR2007:10:44:00.000_Callinectes_similis","Animalia","Arthropoda","Malacostraca","Decapoda","Portunidae","Callinectes","Callinectes similis",NA,"SPECIES","Callinectes similis Williams, 1966","Callinectes similis","A.B. Williams, 1966","US","Guadalupe Estuary","Texas","PRESENT",NA,"c3ad790a-d426-4ac1-8e32-da61f81f0117",28.352778,-96.601111,100,NA,NA,NA,0.2,0.1,"2007-03-20T10:44",20,3,2007,2225642,2225642,"HUMAN_OBSERVATION","TPWD","San Antonio Bay Bag Seine",NA,NA,"",NA,"CC0_1_0","","",NA,NA,2025-02-06 21:26:39.97,"","CONTINENT_DERIVED_FROM_COORDINATES"
3405913969,"95b694cd-e9db-4831-b6a9-0a6d433d92c1","Station_222_Date_17MAY2005:11:00:00.000_Callinectes_similis","Animalia","Arthropoda","Malacostraca","Decapoda","Portunidae","Callinectes","Callinectes similis",NA,"SPECIES","Callinectes similis Williams, 1966","Callinectes similis","A.B. Williams, 1966","US","Guadalupe Estuary","Texas","PRESENT",NA,"c3ad790a-d426-4ac1-8e32-da61f81f0117",28.39,-96.525556,100,NA,NA,NA,0.25,0.25,"2005-05-17T11:00",17,5,2005,2225642,2225642,"HUMAN_OBSERVATION","TPWD","San Antonio Bay Bag Seine",NA,NA,"",NA,"CC0_1_0","","",NA,NA,2025-02-06 21:26:39.935,"","CONTINENT_DERIVED_FROM_COORDINATES"
3405913826,"95b694cd-e9db-4831-b6a9-0a6d433d92c1","Station_212_Date_25AUG2008:11:01:00.000_Callinectes_similis","Animalia","Arthropoda","Malacostraca","Decapoda","Portunidae","Callinectes","Callinectes similis",NA,"SPECIES","Callinectes similis Williams, 1966","Callinectes similis","A.B. Williams, 1966","US","Guadalupe Estuary","Texas","PRESENT",NA,"c3ad790a-d426-4ac1-8e32-da61f81f0117",28.428889,-96.43,100,NA,NA,NA,0.25,0.15,"2008-08-25T11:01",25,8,2008,2225642,2225642,"HUMAN_OBSERVATION","TPWD","San Antonio Bay Bag Seine",NA,NA,"",NA,"CC0_1_0","","",NA,NA,2025-02-06 21:26:39.914,"","CONTINENT_DERIVED_FROM_COORDINATES"
3405913531,"95b694cd-e9db-4831-b6a9-0a6d433d92c1","Station_186_Date_05APR2006:12:13:00.000_Callinectes_similis","Animalia","Arthropoda","Malacostraca","Decapoda","Portunidae","Callinectes","Callinectes similis",NA,"SPECIES","Callinectes similis Williams, 1966","Callinectes similis","A.B. Williams, 1966","US","Guadalupe Estuary","Texas","PRESENT",NA,"c3ad790a-d426-4ac1-8e32-da61f81f0117",28.195278,-96.834167,100,NA,NA,NA,0.5,0.5,"2006-04-05T12:13",5,4,2006,2225642,2225642,"HUMAN_OBSERVATION","TPWD","San Antonio Bay Bag Seine",NA,NA,"",NA,"CC0_1_0","","",NA,NA,2025-02-06 21:26:39.877,"","CONTINENT_DERIVED_FROM_COORDINATES"
3405912818,"95b694cd-e9db-4831-b6a9-0a6d433d92c1","Station_231_Date_23OCT2006:10:20:00.000_Callinectes_similis","Animalia","Arthropoda","Malacostraca","Decapoda","Portunidae","Callinectes","Callinectes similis",NA,"SPECIES","Callinectes similis Williams, 1966","Callinectes similis","A.B. Williams, 1966","US","Guadalupe Estuary","Texas","PRESENT",NA,"c3ad790a-d426-4ac1-8e32-da61f81f0117",28.375,-96.556944,100,NA,NA,NA,0.25,0.25,"2006-10-23T10:20",23,10,2006,2225642,2225642,"HUMAN_OBSERVATION","TPWD","San Antonio Bay Bag Seine",NA,NA,"",NA,"CC0_1_0","","",NA,NA,2025-02-06 21:26:39.826,"","CONTINENT_DERIVED_FROM_COORDINATES"
3405912801,"95b694cd-e9db-4831-b6a9-0a6d433d92c1","Station_230_Date_24APR2006:13:57:00.000_Callinectes_similis","Animalia","Arthropoda","Malacostraca","Decapoda","Portunidae","Callinectes","Callinectes similis",NA,"SPECIES","Callinectes similis Williams, 1966","Callinectes similis","A.B. Williams, 1966","US","Guadalupe Estuary","Texas","PRESENT",NA,"c3ad790a-d426-4ac1-8e32-da61f81f0117",28.368611,-96.572222,100,NA,NA,NA,0.25,0.25,"2006-04-24T13:57",24,4,2006,2225642,2225642,"HUMAN_OBSERVATION","TPWD","San Antonio Bay Bag Seine",NA,NA,"",NA,"CC0_1_0","","",NA,NA,2025-02-06 21:26:39.825,"","CONTINENT_DERIVED_FROM_COORDINATES"
3405912456,"95b694cd-e9db-4831-b6a9-0a6d433d92c1","Station_208_Date_17JUN2008:16:20:00.000_Callinectes_similis","Animalia","Arthropoda","Malacostraca","Decapoda","Portunidae","Callinectes","Callinectes similis",NA,"SPECIES","Callinectes similis Williams, 1966","Callinectes similis","A.B. Williams, 1966","US","Guadalupe Estuary","Texas","PRESENT",NA,"c3ad790a-d426-4ac1-8e32-da61f81f0117",28.436389,-96.417222,100,NA,NA,NA,0.2,0.2,"2008-06-17T16:20",17,6,2008,2225642,2225642,"HUMAN_OBSERVATION","TPWD","San Antonio Bay Bag Seine",NA,NA,"",NA,"CC0_1_0","","",NA,NA,2025-02-06 21:26:39.78,"","CONTINENT_DERIVED_FROM_COORDINATES"
3405908813,"95b694cd-e9db-4831-b6a9-0a6d433d92c1","Station_231_Date_17MAY2005:10:22:00.000_Callinectes_similis","Animalia","Arthropoda","Malacostraca","Decapoda","Portunidae","Callinectes","Callinectes similis",NA,"SPECIES","Callinectes similis Williams, 1966","Callinectes similis","A.B. Williams, 1966","US","Guadalupe Estuary","Texas","PRESENT",NA,"c3ad790a-d426-4ac1-8e32-da61f81f0117",28.372222,-96.5625,100,NA,NA,NA,0.1,0.1,"2005-05-17T10:22",17,5,2005,2225642,2225642,"HUMAN_OBSERVATION","TPWD","San Antonio Bay Bag Seine",NA,NA,"",NA,"CC0_1_0","","",NA,NA,2025-02-06 21:26:39.825,"","CONTINENT_DERIVED_FROM_COORDINATES"
3405908594,"95b694cd-e9db-4831-b6a9-0a6d433d92c1","Station_216_Date_18JUN2007:11:01:00.000_Callinectes_similis","Animalia","Arthropoda","Malacostraca","Decapoda","Portunidae","Callinectes","Callinectes similis",NA,"SPECIES","Callinectes similis Williams, 1966","Callinectes similis","A.B. Williams, 1966","US","Guadalupe Estuary","Texas","PRESENT",NA,"c3ad790a-d426-4ac1-8e32-da61f81f0117",28.415278,-96.468056,100,NA,NA,NA,0.3,0.3,"2007-06-18T11:01",18,6,2007,2225642,2225642,"HUMAN_OBSERVATION","TPWD","San Antonio Bay Bag Seine",NA,NA,"",NA,"CC0_1_0","","",NA,NA,2025-02-06 21:26:39.8,"","CONTINENT_DERIVED_FROM_COORDINATES"
3405908451,"95b694cd-e9db-4831-b6a9-0a6d433d92c1","Station_207_Date_10MAR2005:11:24:00.000_Callinectes_similis","Animalia","Arthropoda","Malacostraca","Decapoda","Portunidae","Callinectes","Callinectes similis",NA,"SPECIES","Callinectes similis Williams, 1966","Callinectes similis","A.B. Williams, 1966","US","Guadalupe Estuary","Texas","PRESENT",NA,"c3ad790a-d426-4ac1-8e32-da61f81f0117",28.074444,-96.848611,100,NA,NA,NA,0.1,0.1,"2005-03-10T11:24",10,3,2005,2225642,2225642,"HUMAN_OBSERVATION","TPWD","San Antonio Bay Bag Seine",NA,NA,"",NA,"CC0_1_0","","",NA,NA,2025-02-06 21:26:39.778,"","CONTINENT_DERIVED_FROM_COORDINATES"
3405907389,"95b694cd-e9db-4831-b6a9-0a6d433d92c1","Station_208_Date_17MAR2008:16:21:00.000_Callinectes_similis","Animalia","Arthropoda","Malacostraca","Decapoda","Portunidae","Callinectes","Callinectes similis",NA,"SPECIES","Callinectes similis Williams, 1966","Callinectes similis","A.B. Williams, 1966","US","Guadalupe Estuary","Texas","PRESENT",NA,"c3ad790a-d426-4ac1-8e32-da61f81f0117",28.436389,-96.418056,100,NA,NA,NA,0.4,0.3,"2008-03-17T16:21",17,3,2008,2225642,2225642,"HUMAN_OBSERVATION","TPWD","San Antonio Bay Bag Seine",NA,NA,"",NA,"CC0_1_0","","",NA,NA,2025-02-06 21:26:40.713,"","CONTINENT_DERIVED_FROM_COORDINATES"
3405907106,"95b694cd-e9db-4831-b6a9-0a6d433d92c1","Station_176_Date_05APR2006:11:50:00.000_Callinectes_similis","Animalia","Arthropoda","Malacostraca","Decapoda","Portunidae","Callinectes","Callinectes similis",NA,"SPECIES","Callinectes similis Williams, 1966","Callinectes similis","A.B. Williams, 1966","US","Guadalupe Estuary","Texas","PRESENT",NA,"c3ad790a-d426-4ac1-8e32-da61f81f0117",28.206944,-96.823056,100,NA,NA,NA,0.15,0.15,"2006-04-05T11:50",5,4,2006,2225642,2225642,"HUMAN_OBSERVATION","TPWD","San Antonio Bay Bag Seine",NA,NA,"",NA,"CC0_1_0","","",NA,NA,2025-02-06 21:26:40.565,"","CONTINENT_DERIVED_FROM_COORDINATES"
3405904343,"95b694cd-e9db-4831-b6a9-0a6d433d92c1","Station_56_Date_29JAN2007:13:40:00.000_Callinectes_similis","Animalia","Arthropoda","Malacostraca","Decapoda","Portunidae","Callinectes","Callinectes similis",NA,"SPECIES","Callinectes similis Williams, 1966","Callinectes similis","A.B. Williams, 1966","US","Guadalupe Estuary","Texas","PRESENT",NA,"c3ad790a-d426-4ac1-8e32-da61f81f0117",28.174722,-96.846944,100,NA,NA,NA,0.15,0.15,"2007-01-29T13:40",29,1,2007,2225642,2225642,"HUMAN_OBSERVATION","TPWD","San Antonio Bay Bag Seine",NA,NA,"",NA,"CC0_1_0","","",NA,NA,2025-02-06 21:26:40.411,"","CONTINENT_DERIVED_FROM_COORDINATES"
3405904252,"95b694cd-e9db-4831-b6a9-0a6d433d92c1","Station_187_Date_05MAY2005:12:08:00.000_Callinectes_similis","Animalia","Arthropoda","Malacostraca","Decapoda","Portunidae","Callinectes","Callinectes similis",NA,"SPECIES","Callinectes similis Williams, 1966","Callinectes similis","A.B. Williams, 1966","US","Guadalupe Estuary","Texas","PRESENT",NA,"c3ad790a-d426-4ac1-8e32-da61f81f0117",28.199722,-96.826944,100,NA,NA,NA,0.55,0.45,"2005-05-05T12:08",5,5,2005,2225642,2225642,"HUMAN_OBSERVATION","TPWD","San Antonio Bay Bag Seine",NA,NA,"",NA,"CC0_1_0","","",NA,NA,2025-02-06 21:26:39.753,"","CONTINENT_DERIVED_FROM_COORDINATES"
3405902086,"95b694cd-e9db-4831-b6a9-0a6d433d92c1","Station_258_Date_03APR2006:11:01:00.000_Callinectes_similis","Animalia","Arthropoda","Malacostraca","Decapoda","Portunidae","Callinectes","Callinectes similis",NA,"SPECIES","Callinectes similis Williams, 1966","Callinectes similis","A.B. Williams, 1966","US","Guadalupe Estuary","Texas","PRESENT",NA,"c3ad790a-d426-4ac1-8e32-da61f81f0117",28.347222,-96.609722,100,NA,NA,NA,0.2,0.2,"2006-04-03T11:01",3,4,2006,2225642,2225642,"HUMAN_OBSERVATION","TPWD","San Antonio Bay Bag Seine",NA,NA,"",NA,"CC0_1_0","","",NA,NA,2025-02-06 21:26:40.757,"","CONTINENT_DERIVED_FROM_COORDINATES"
3405901539,"95b694cd-e9db-4831-b6a9-0a6d433d92c1","Station_216_Date_25AUG2008:12:53:00.000_Callinectes_similis","Animalia","Arthropoda","Malacostraca","Decapoda","Portunidae","Callinectes","Callinectes similis",NA,"SPECIES","Callinectes similis Williams, 1966","Callinectes similis","A.B. Williams, 1966","US","Guadalupe Estuary","Texas","PRESENT",NA,"c3ad790a-d426-4ac1-8e32-da61f81f0117",28.415556,-96.468889,100,NA,NA,NA,0.2,0.2,"2008-08-25T12:53",25,8,2008,2225642,2225642,"HUMAN_OBSERVATION","TPWD","San Antonio Bay Bag Seine",NA,NA,"",NA,"CC0_1_0","","",NA,NA,2025-02-06 21:26:40.631,"","CONTINENT_DERIVED_FROM_COORDINATES"
3405901392,"95b694cd-e9db-4831-b6a9-0a6d433d92c1","Station_207_Date_29JAN2007:15:00:00.000_Callinectes_similis","Animalia","Arthropoda","Malacostraca","Decapoda","Portunidae","Callinectes","Callinectes similis",NA,"SPECIES","Callinectes similis Williams, 1966","Callinectes similis","A.B. Williams, 1966","US","Guadalupe Estuary","Texas","PRESENT",NA,"c3ad790a-d426-4ac1-8e32-da61f81f0117",28.082222,-96.845556,100,NA,NA,NA,0.3,0.3,"2007-01-29T15:00",29,1,2007,2225642,2225642,"HUMAN_OBSERVATION","TPWD","San Antonio Bay Bag Seine",NA,NA,"",NA,"CC0_1_0","","",NA,NA,2025-02-06 21:26:40.59,"","CONTINENT_DERIVED_FROM_COORDINATES"
3405901056,"95b694cd-e9db-4831-b6a9-0a6d433d92c1","Station_252_Date_16MAR2006:12:00:00.000_Callinectes_similis","Animalia","Arthropoda","Malacostraca","Decapoda","Portunidae","Callinectes","Callinectes similis",NA,"SPECIES","Callinectes similis Williams, 1966","Callinectes similis","A.B. Williams, 1966","US","Guadalupe Estuary","Texas","PRESENT",NA,"c3ad790a-d426-4ac1-8e32-da61f81f0117",28.365278,-96.473611,100,NA,NA,NA,0.45,0.15,"2006-03-16T12:00",16,3,2006,2225642,2225642,"HUMAN_OBSERVATION","TPWD","San Antonio Bay Bag Seine",NA,NA,"",NA,"CC0_1_0","","",NA,NA,2025-02-06 21:26:39.978,"","CONTINENT_DERIVED_FROM_COORDINATES"
3405900527,"95b694cd-e9db-4831-b6a9-0a6d433d92c1","Station_211_Date_16MAY2005:09:01:00.000_Callinectes_similis","Animalia","Arthropoda","Malacostraca","Decapoda","Portunidae","Callinectes","Callinectes similis",NA,"SPECIES","Callinectes similis Williams, 1966","Callinectes similis","A.B. Williams, 1966","US","Guadalupe Estuary","Texas","PRESENT",NA,"c3ad790a-d426-4ac1-8e32-da61f81f0117",28.420833,-96.446111,100,NA,NA,NA,0.4,0.2,"2005-05-16T09:01",16,5,2005,2225642,2225642,"HUMAN_OBSERVATION","TPWD","San Antonio Bay Bag Seine",NA,NA,"",NA,"CC0_1_0","","",NA,NA,2025-02-06 21:26:39.911,"","CONTINENT_DERIVED_FROM_COORDINATES"
3405898720,"95b694cd-e9db-4831-b6a9-0a6d433d92c1","Station_222_Date_20MAR2007:11:50:00.000_Callinectes_similis","Animalia","Arthropoda","Malacostraca","Decapoda","Portunidae","Callinectes","Callinectes similis",NA,"SPECIES","Callinectes similis Williams, 1966","Callinectes similis","A.B. Williams, 1966","US","Guadalupe Estuary","Texas","PRESENT",NA,"c3ad790a-d426-4ac1-8e32-da61f81f0117",28.388889,-96.525278,100,NA,NA,NA,0.35,0.25,"2007-03-20T11:50",20,3,2007,2225642,2225642,"HUMAN_OBSERVATION","TPWD","San Antonio Bay Bag Seine",NA,NA,"",NA,"CC0_1_0","","",NA,NA,2025-02-06 21:26:40.696,"","CONTINENT_DERIVED_FROM_COORDINATES"
3405898529,"95b694cd-e9db-4831-b6a9-0a6d433d92c1","Station_209_Date_26NOV2007:09:22:00.000_Callinectes_similis","Animalia","Arthropoda","Malacostraca","Decapoda","Portunidae","Callinectes","Callinectes similis",NA,"SPECIES","Callinectes similis Williams, 1966","Callinectes similis","A.B. Williams, 1966","US","Guadalupe Estuary","Texas","PRESENT",NA,"c3ad790a-d426-4ac1-8e32-da61f81f0117",28.440278,-96.408333,100,NA,NA,NA,0.35,0.35,"2007-11-26T09:22",26,11,2007,2225642,2225642,"HUMAN_OBSERVATION","TPWD","San Antonio Bay Bag Seine",NA,NA,"",NA,"CC0_1_0","","",NA,NA,2025-02-06 21:26:40.646,"","CONTINENT_DERIVED_FROM_COORDINATES"
3405898332,"95b694cd-e9db-4831-b6a9-0a6d433d92c1","Station_189_Date_13OCT2008:12:34:00.000_Callinectes_similis","Animalia","Arthropoda","Malacostraca","Decapoda","Portunidae","Callinectes","Callinectes similis",NA,"SPECIES","Callinectes similis Williams, 1966","Callinectes similis","A.B. Williams, 1966","US","Guadalupe Estuary","Texas","PRESENT",NA,"c3ad790a-d426-4ac1-8e32-da61f81f0117",28.186111,-96.797222,100,NA,NA,NA,0.6,0.4,"2008-10-13T12:34",13,10,2008,2225642,2225642,"HUMAN_OBSERVATION","TPWD","San Antonio Bay Bag Seine",NA,NA,"",NA,"CC0_1_0","","",NA,NA,2025-02-06 21:26:40.597,"","CONTINENT_DERIVED_FROM_COORDINATES"
3405897516,"95b694cd-e9db-4831-b6a9-0a6d433d92c1","Station_97_Date_02JUN2008:14:34:00.000_Callinectes_similis","Animalia","Arthropoda","Malacostraca","Decapoda","Portunidae","Callinectes","Callinectes similis",NA,"SPECIES","Callinectes similis Williams, 1966","Callinectes similis","A.B. Williams, 1966","US","Guadalupe Estuary","Texas","PRESENT",NA,"c3ad790a-d426-4ac1-8e32-da61f81f0117",28.315833,-96.664167,100,NA,NA,NA,0.25,0.15,"2008-06-02T14:34",2,6,2008,2225642,2225642,"HUMAN_OBSERVATION","TPWD","San Antonio Bay Bag Seine",NA,NA,"",NA,"CC0_1_0","","",NA,NA,2025-02-06 21:26:40.497,"","CONTINENT_DERIVED_FROM_COORDINATES"
3405897143,"95b694cd-e9db-4831-b6a9-0a6d433d92c1","Station_29_Date_14MAY2008:09:49:00.000_Callinectes_similis","Animalia","Arthropoda","Malacostraca","Decapoda","Portunidae","Callinectes","Callinectes similis",NA,"SPECIES","Callinectes similis Williams, 1966","Callinectes similis","A.B. Williams, 1966","US","Guadalupe Estuary","Texas","PRESENT",NA,"c3ad790a-d426-4ac1-8e32-da61f81f0117",28.409722,-96.858333,100,NA,NA,NA,0.35,0.25,"2008-05-14T09:49",14,5,2008,2225642,2225642,"HUMAN_OBSERVATION","TPWD","San Antonio Bay Bag Seine",NA,NA,"",NA,"CC0_1_0","","",NA,NA,2025-02-06 21:26:39.705,"","CONTINENT_DERIVED_FROM_COORDINATES"
3405891392,"95b694cd-e9db-4831-b6a9-0a6d433d92c1","Station_81_Date_01MAR2006:11:34:00.000_Callinectes_similis","Animalia","Arthropoda","Malacostraca","Decapoda","Portunidae","Callinectes","Callinectes similis",NA,"SPECIES","Callinectes similis Williams, 1966","Callinectes similis","A.B. Williams, 1966","US","Guadalupe Estuary","Texas","PRESENT",NA,"c3ad790a-d426-4ac1-8e32-da61f81f0117",28.157222,-96.816111,100,NA,NA,NA,0.35,0.05,"2006-03-01T11:34",1,3,2006,2225642,2225642,"HUMAN_OBSERVATION","TPWD","San Antonio Bay Bag Seine",NA,NA,"",NA,"CC0_1_0","","",NA,NA,2025-02-06 21:26:40.346,"","CONTINENT_DERIVED_FROM_COORDINATES"
3405890540,"95b694cd-e9db-4831-b6a9-0a6d433d92c1","Station_96_Date_29OCT2008:14:03:00.000_Callinectes_similis","Animalia","Arthropoda","Malacostraca","Decapoda","Portunidae","Callinectes","Callinectes similis",NA,"SPECIES","Callinectes similis Williams, 1966","Callinectes similis","A.B. Williams, 1966","US","Guadalupe Estuary","Texas","PRESENT",NA,"c3ad790a-d426-4ac1-8e32-da61f81f0117",28.313889,-96.681944,100,NA,NA,NA,0.25,0.15,"2008-10-29T14:03",29,10,2008,2225642,2225642,"HUMAN_OBSERVATION","TPWD","San Antonio Bay Bag Seine",NA,NA,"",NA,"CC0_1_0","","",NA,NA,2025-02-06 21:26:39.789,"","CONTINENT_DERIVED_FROM_COORDINATES"
3405887100,"95b694cd-e9db-4831-b6a9-0a6d433d92c1","Station_54_Date_17NOV2006:12:00:00.000_Callinectes_similis","Animalia","Arthropoda","Malacostraca","Decapoda","Portunidae","Callinectes","Callinectes similis",NA,"SPECIES","Callinectes similis Williams, 1966","Callinectes similis","A.B. Williams, 1966","US","Guadalupe Estuary","Texas","PRESENT",NA,"c3ad790a-d426-4ac1-8e32-da61f81f0117",28.169444,-96.870556,100,NA,NA,NA,0.35,0.35,"2006-11-17T12:00",17,11,2006,2225642,2225642,"HUMAN_OBSERVATION","TPWD","San Antonio Bay Bag Seine",NA,NA,"",NA,"CC0_1_0","","",NA,NA,2025-02-06 21:26:40.4,"","CONTINENT_DERIVED_FROM_COORDINATES"
3405750553,"95b694cd-e9db-4831-b6a9-0a6d433d92c1","Station_282_Date_22JUN2006:12:00:00.000_Callinectes_similis","Animalia","Arthropoda","Malacostraca","Decapoda","Portunidae","Callinectes","Callinectes similis",NA,"SPECIES","Callinectes similis Williams, 1966","Callinectes similis","A.B. Williams, 1966","US","Guadalupe Estuary","Texas","PRESENT",NA,"c3ad790a-d426-4ac1-8e32-da61f81f0117",28.300833,-96.583889,100,NA,NA,NA,0.35,0.05,"2006-06-22T12:00",22,6,2006,2225642,2225642,"HUMAN_OBSERVATION","TPWD","San Antonio Bay Bag Seine",NA,NA,"",NA,"CC0_1_0","","",NA,NA,2025-02-06 21:26:40.023,"","CONTINENT_DERIVED_FROM_COORDINATES"
3405746409,"95b694cd-e9db-4831-b6a9-0a6d433d92c1","Station_283_Date_21AUG2006:12:56:00.000_Callinectes_similis","Animalia","Arthropoda","Malacostraca","Decapoda","Portunidae","Callinectes","Callinectes similis",NA,"SPECIES","Callinectes similis Williams, 1966","Callinectes similis","A.B. Williams, 1966","US","Guadalupe Estuary","Texas","PRESENT",NA,"c3ad790a-d426-4ac1-8e32-da61f81f0117",28.301389,-96.572222,100,NA,NA,NA,0.2,0.1,"2006-08-21T12:56",21,8,2006,2225642,2225642,"HUMAN_OBSERVATION","TPWD","San Antonio Bay Bag Seine",NA,NA,"",NA,"CC0_1_0","","",NA,NA,2025-02-06 21:26:40.857,"","CONTINENT_DERIVED_FROM_COORDINATES"
3405743777,"95b694cd-e9db-4831-b6a9-0a6d433d92c1","Station_223_Date_25APR2007:15:37:00.000_Callinectes_similis","Animalia","Arthropoda","Malacostraca","Decapoda","Portunidae","Callinectes","Callinectes similis",NA,"SPECIES","Callinectes similis Williams, 1966","Callinectes similis","A.B. Williams, 1966","US","Guadalupe Estuary","Texas","PRESENT",NA,"c3ad790a-d426-4ac1-8e32-da61f81f0117",28.385,-96.511389,100,NA,NA,NA,0.45,0.05,"2007-04-25T15:37",25,4,2007,2225642,2225642,"HUMAN_OBSERVATION","TPWD","San Antonio Bay Bag Seine",NA,NA,"",NA,"CC0_1_0","","",NA,NA,2025-02-06 21:26:40.654,"","CONTINENT_DERIVED_FROM_COORDINATES"
3405741282,"95b694cd-e9db-4831-b6a9-0a6d433d92c1","Station_255_Date_16FEB2006:13:59:00.000_Callinectes_similis","Animalia","Arthropoda","Malacostraca","Decapoda","Portunidae","Callinectes","Callinectes similis",NA,"SPECIES","Callinectes similis Williams, 1966","Callinectes similis","A.B. Williams, 1966","US","Guadalupe Estuary","Texas","PRESENT",NA,"c3ad790a-d426-4ac1-8e32-da61f81f0117",28.363889,-96.433056,100,NA,NA,NA,0.3,0,"2006-02-16T13:59",16,2,2006,2225642,2225642,"HUMAN_OBSERVATION","TPWD","San Antonio Bay Bag Seine",NA,NA,"",NA,"CC0_1_0","","",NA,NA,2025-02-06 21:26:39.99,"","CONTINENT_DERIVED_FROM_COORDINATES"
3405741108,"95b694cd-e9db-4831-b6a9-0a6d433d92c1","Station_239_Date_16APR2008:10:16:00.000_Callinectes_similis","Animalia","Arthropoda","Malacostraca","Decapoda","Portunidae","Callinectes","Callinectes similis",NA,"SPECIES","Callinectes similis Williams, 1966","Callinectes similis","A.B. Williams, 1966","US","Guadalupe Estuary","Texas","PRESENT",NA,"c3ad790a-d426-4ac1-8e32-da61f81f0117",28.379167,-96.433056,100,NA,NA,NA,0.35,0.15,"2008-04-16T10:16",16,4,2008,2225642,2225642,"HUMAN_OBSERVATION","TPWD","San Antonio Bay Bag Seine",NA,NA,"",NA,"CC0_1_0","","",NA,NA,2025-02-06 21:26:39.966,"","CONTINENT_DERIVED_FROM_COORDINATES"
3405740836,"95b694cd-e9db-4831-b6a9-0a6d433d92c1","Station_222_Date_17AUG2005:09:52:00.000_Callinectes_similis","Animalia","Arthropoda","Malacostraca","Decapoda","Portunidae","Callinectes","Callinectes similis",NA,"SPECIES","Callinectes similis Williams, 1966","Callinectes similis","A.B. Williams, 1966","US","Guadalupe Estuary","Texas","PRESENT",NA,"c3ad790a-d426-4ac1-8e32-da61f81f0117",28.387222,-96.532778,100,NA,NA,NA,0.25,0.25,"2005-08-17T09:52",17,8,2005,2225642,2225642,"HUMAN_OBSERVATION","TPWD","San Antonio Bay Bag Seine",NA,NA,"",NA,"CC0_1_0","","",NA,NA,2025-02-06 21:26:39.935,"","CONTINENT_DERIVED_FROM_COORDINATES"
3405740793,"95b694cd-e9db-4831-b6a9-0a6d433d92c1","Station_219_Date_18MAR2005:09:32:00.000_Callinectes_similis","Animalia","Arthropoda","Malacostraca","Decapoda","Portunidae","Callinectes","Callinectes similis",NA,"SPECIES","Callinectes similis Williams, 1966","Callinectes similis","A.B. Williams, 1966","US","Guadalupe Estuary","Texas","PRESENT",NA,"c3ad790a-d426-4ac1-8e32-da61f81f0117",28.403889,-96.4225,100,NA,NA,NA,0.1,0.1,"2005-03-18T09:32",18,3,2005,2225642,2225642,"HUMAN_OBSERVATION","TPWD","San Antonio Bay Bag Seine",NA,NA,"",NA,"CC0_1_0","","",NA,NA,2025-02-06 21:26:39.93,"","CONTINENT_DERIVED_FROM_COORDINATES"
3405739231,"95b694cd-e9db-4831-b6a9-0a6d433d92c1","Station_259_Date_17MAR2006:09:44:00.000_Callinectes_similis","Animalia","Arthropoda","Malacostraca","Decapoda","Portunidae","Callinectes","Callinectes similis",NA,"SPECIES","Callinectes similis Williams, 1966","Callinectes similis","A.B. Williams, 1966","US","Guadalupe Estuary","Texas","PRESENT",NA,"c3ad790a-d426-4ac1-8e32-da61f81f0117",28.344444,-96.591667,100,NA,NA,NA,0.35,0.05,"2006-03-17T09:44",17,3,2006,2225642,2225642,"HUMAN_OBSERVATION","TPWD","San Antonio Bay Bag Seine",NA,NA,"",NA,"CC0_1_0","","",NA,NA,2025-02-06 21:26:39.871,"","CONTINENT_DERIVED_FROM_COORDINATES"
3405739000,"95b694cd-e9db-4831-b6a9-0a6d433d92c1","Station_237_Date_18MAR2005:10:59:00.000_Callinectes_similis","Animalia","Arthropoda","Malacostraca","Decapoda","Portunidae","Callinectes","Callinectes similis",NA,"SPECIES","Callinectes similis Williams, 1966","Callinectes similis","A.B. Williams, 1966","US","Guadalupe Estuary","Texas","PRESENT",NA,"c3ad790a-d426-4ac1-8e32-da61f81f0117",28.376389,-96.458333,100,NA,NA,NA,0.4,0.1,"2005-03-18T10:59",18,3,2005,2225642,2225642,"HUMAN_OBSERVATION","TPWD","San Antonio Bay Bag Seine",NA,NA,"",NA,"CC0_1_0","","",NA,NA,2025-02-06 21:26:39.837,"","CONTINENT_DERIVED_FROM_COORDINATES"
3405737897,"95b694cd-e9db-4831-b6a9-0a6d433d92c1","Station_233_Date_25APR2007:16:30:00.000_Callinectes_similis","Animalia","Arthropoda","Malacostraca","Decapoda","Portunidae","Callinectes","Callinectes similis",NA,"SPECIES","Callinectes similis Williams, 1966","Callinectes similis","A.B. Williams, 1966","US","Guadalupe Estuary","Texas","PRESENT",NA,"c3ad790a-d426-4ac1-8e32-da61f81f0117",28.378333,-96.524722,100,NA,NA,NA,0.5,0.1,"2007-04-25T16:30",25,4,2007,2225642,2225642,"HUMAN_OBSERVATION","TPWD","San Antonio Bay Bag Seine",NA,NA,"",NA,"CC0_1_0","","",NA,NA,2025-02-06 21:26:40.736,"","CONTINENT_DERIVED_FROM_COORDINATES"
3405737698,"95b694cd-e9db-4831-b6a9-0a6d433d92c1","Station_221_Date_20AUG2008:09:02:00.000_Callinectes_similis","Animalia","Arthropoda","Malacostraca","Decapoda","Portunidae","Callinectes","Callinectes similis",NA,"SPECIES","Callinectes similis Williams, 1966","Callinectes similis","A.B. Williams, 1966","US","Guadalupe Estuary","Texas","PRESENT",NA,"c3ad790a-d426-4ac1-8e32-da61f81f0117",28.384722,-96.536111,100,NA,NA,NA,0.2,0.2,"2008-08-20T09:02",20,8,2008,2225642,2225642,"HUMAN_OBSERVATION","TPWD","San Antonio Bay Bag Seine",NA,NA,"",NA,"CC0_1_0","","",NA,NA,2025-02-06 21:26:40.693,"","CONTINENT_DERIVED_FROM_COORDINATES"
3405737205,"95b694cd-e9db-4831-b6a9-0a6d433d92c1","Station_244_Date_26JAN2006:12:36:00.000_Callinectes_similis","Animalia","Arthropoda","Malacostraca","Decapoda","Portunidae","Callinectes","Callinectes similis",NA,"SPECIES","Callinectes similis Williams, 1966","Callinectes similis","A.B. Williams, 1966","US","Guadalupe Estuary","Texas","PRESENT",NA,"c3ad790a-d426-4ac1-8e32-da61f81f0117",28.350278,-96.604722,100,NA,NA,NA,0.15,0.15,"2006-01-26T12:36",26,1,2006,2225642,2225642,"HUMAN_OBSERVATION","TPWD","San Antonio Bay Bag Seine",NA,NA,"",NA,"CC0_1_0","","",NA,NA,2025-02-06 21:26:40.829,"","CONTINENT_DERIVED_FROM_COORDINATES"
3405737203,"95b694cd-e9db-4831-b6a9-0a6d433d92c1","Station_244_Date_20AUG2008:09:50:00.000_Callinectes_similis","Animalia","Arthropoda","Malacostraca","Decapoda","Portunidae","Callinectes","Callinectes similis",NA,"SPECIES","Callinectes similis Williams, 1966","Callinectes similis","A.B. Williams, 1966","US","Guadalupe Estuary","Texas","PRESENT",NA,"c3ad790a-d426-4ac1-8e32-da61f81f0117",28.351389,-96.604167,100,NA,NA,NA,0.3,0.3,"2008-08-20T09:50",20,8,2008,2225642,2225642,"HUMAN_OBSERVATION","TPWD","San Antonio Bay Bag Seine",NA,NA,"",NA,"CC0_1_0","","",NA,NA,2025-02-06 21:26:40.829,"","CONTINENT_DERIVED_FROM_COORDINATES"
3405736818,"95b694cd-e9db-4831-b6a9-0a6d433d92c1","Station_215_Date_19SEP2007:13:00:00.000_Callinectes_similis","Animalia","Arthropoda","Malacostraca","Decapoda","Portunidae","Callinectes","Callinectes similis",NA,"SPECIES","Callinectes similis Williams, 1966","Callinectes similis","A.B. Williams, 1966","US","Guadalupe Estuary","Texas","PRESENT",NA,"c3ad790a-d426-4ac1-8e32-da61f81f0117",28.401389,-96.497222,100,NA,NA,NA,0.25,0.15,"2007-09-19T13:00",19,9,2007,2225642,2225642,"HUMAN_OBSERVATION","TPWD","San Antonio Bay Bag Seine",NA,NA,"",NA,"CC0_1_0","","",NA,NA,2025-02-06 21:26:40.738,"","CONTINENT_DERIVED_FROM_COORDINATES"
3405736796,"95b694cd-e9db-4831-b6a9-0a6d433d92c1","Station_214_Date_17MAY2005:11:42:00.000_Callinectes_similis","Animalia","Arthropoda","Malacostraca","Decapoda","Portunidae","Callinectes","Callinectes similis",NA,"SPECIES","Callinectes similis Williams, 1966","Callinectes similis","A.B. Williams, 1966","US","Guadalupe Estuary","Texas","PRESENT",NA,"c3ad790a-d426-4ac1-8e32-da61f81f0117",28.400833,-96.501389,100,NA,NA,NA,0.3,0.3,"2005-05-17T11:42",17,5,2005,2225642,2225642,"HUMAN_OBSERVATION","TPWD","San Antonio Bay Bag Seine",NA,NA,"",NA,"CC0_1_0","","",NA,NA,2025-02-06 21:26:40.733,"","CONTINENT_DERIVED_FROM_COORDINATES"
3405736732,"95b694cd-e9db-4831-b6a9-0a6d433d92c1","Station_210_Date_27OCT2008:15:10:00.000_Callinectes_similis","Animalia","Arthropoda","Malacostraca","Decapoda","Portunidae","Callinectes","Callinectes similis",NA,"SPECIES","Callinectes similis Williams, 1966","Callinectes similis","A.B. Williams, 1966","US","Guadalupe Estuary","Texas","PRESENT",NA,"c3ad790a-d426-4ac1-8e32-da61f81f0117",28.416944,-96.465556,100,NA,NA,NA,0.3,0.2,"2008-10-27T15:10",27,10,2008,2225642,2225642,"HUMAN_OBSERVATION","TPWD","San Antonio Bay Bag Seine",NA,NA,"",NA,"CC0_1_0","","",NA,NA,2025-02-06 21:26:40.721,"","CONTINENT_DERIVED_FROM_COORDINATES"
3405735618,"95b694cd-e9db-4831-b6a9-0a6d433d92c1","Station_215_Date_23OCT2006:11:17:00.000_Callinectes_similis","Animalia","Arthropoda","Malacostraca","Decapoda","Portunidae","Callinectes","Callinectes similis",NA,"SPECIES","Callinectes similis Williams, 1966","Callinectes similis","A.B. Williams, 1966","US","Guadalupe Estuary","Texas","PRESENT",NA,"c3ad790a-d426-4ac1-8e32-da61f81f0117",28.401944,-96.498611,100,NA,NA,NA,0.35,0.35,"2006-10-23T11:17",23,10,2006,2225642,2225642,"HUMAN_OBSERVATION","TPWD","San Antonio Bay Bag Seine",NA,NA,"",NA,"CC0_1_0","","",NA,NA,2025-02-06 21:26:39.923,"","CONTINENT_DERIVED_FROM_COORDINATES"
3405735495,"95b694cd-e9db-4831-b6a9-0a6d433d92c1","Station_207_Date_26JUN2006:13:47:00.000_Callinectes_similis","Animalia","Arthropoda","Malacostraca","Decapoda","Portunidae","Callinectes","Callinectes similis",NA,"SPECIES","Callinectes similis Williams, 1966","Callinectes similis","A.B. Williams, 1966","US","Guadalupe Estuary","Texas","PRESENT",NA,"c3ad790a-d426-4ac1-8e32-da61f81f0117",28.081944,-96.844167,100,NA,NA,NA,0.25,0.15,"2006-06-26T13:47",26,6,2006,2225642,2225642,"HUMAN_OBSERVATION","TPWD","San Antonio Bay Bag Seine",NA,NA,"",NA,"CC0_1_0","","",NA,NA,2025-02-06 21:26:39.904,"","CONTINENT_DERIVED_FROM_COORDINATES"
3405732556,"95b694cd-e9db-4831-b6a9-0a6d433d92c1","Station_80_Date_01MAR2006:11:00:00.000_Callinectes_similis","Animalia","Arthropoda","Malacostraca","Decapoda","Portunidae","Callinectes","Callinectes similis",NA,"SPECIES","Callinectes similis Williams, 1966","Callinectes similis","A.B. Williams, 1966","US","Guadalupe Estuary","Texas","PRESENT",NA,"c3ad790a-d426-4ac1-8e32-da61f81f0117",28.158611,-96.817222,100,NA,NA,NA,0.3,0.1,"2006-03-01T11:00",1,3,2006,2225642,2225642,"HUMAN_OBSERVATION","TPWD","San Antonio Bay Bag Seine",NA,NA,"",NA,"CC0_1_0","","",NA,NA,2025-02-06 21:26:40.391,"","CONTINENT_DERIVED_FROM_COORDINATES"
3405731659,"95b694cd-e9db-4831-b6a9-0a6d433d92c1","Station_224_Date_20JUL2006:12:25:00.000_Callinectes_similis","Animalia","Arthropoda","Malacostraca","Decapoda","Portunidae","Callinectes","Callinectes similis",NA,"SPECIES","Callinectes similis Williams, 1966","Callinectes similis","A.B. Williams, 1966","US","Guadalupe Estuary","Texas","PRESENT",NA,"c3ad790a-d426-4ac1-8e32-da61f81f0117",28.395833,-96.488889,100,NA,NA,NA,0.1,0.1,"2006-07-20T12:25",20,7,2006,2225642,2225642,"HUMAN_OBSERVATION","TPWD","San Antonio Bay Bag Seine",NA,NA,"",NA,"CC0_1_0","","",NA,NA,2025-02-06 21:26:40.658,"","CONTINENT_DERIVED_FROM_COORDINATES"
3405731510,"95b694cd-e9db-4831-b6a9-0a6d433d92c1","Station_214_Date_18JUN2007:12:24:00.000_Callinectes_similis","Animalia","Arthropoda","Malacostraca","Decapoda","Portunidae","Callinectes","Callinectes similis",NA,"SPECIES","Callinectes similis Williams, 1966","Callinectes similis","A.B. Williams, 1966","US","Guadalupe Estuary","Texas","PRESENT",NA,"c3ad790a-d426-4ac1-8e32-da61f81f0117",28.4,-96.501389,100,NA,NA,NA,0.25,0.25,"2007-06-18T12:24",18,6,2007,2225642,2225642,"HUMAN_OBSERVATION","TPWD","San Antonio Bay Bag Seine",NA,NA,"",NA,"CC0_1_0","","",NA,NA,2025-02-06 21:26:40.621,"","CONTINENT_DERIVED_FROM_COORDINATES"
3405730151,"95b694cd-e9db-4831-b6a9-0a6d433d92c1","Station_159_Date_22MAY2006:16:58:00.000_Callinectes_similis","Animalia","Arthropoda","Malacostraca","Decapoda","Portunidae","Callinectes","Callinectes similis",NA,"SPECIES","Callinectes similis Williams, 1966","Callinectes similis","A.B. Williams, 1966","US","Guadalupe Estuary","Texas","PRESENT",NA,"c3ad790a-d426-4ac1-8e32-da61f81f0117",28.244444,-96.656944,100,NA,NA,NA,0.25,0.15,"2006-05-22T16:58",22,5,2006,2225642,2225642,"HUMAN_OBSERVATION","TPWD","San Antonio Bay Bag Seine",NA,NA,"",NA,"CC0_1_0","","",NA,NA,2025-02-06 21:26:39.846,"","CONTINENT_DERIVED_FROM_COORDINATES"
3405727165,"95b694cd-e9db-4831-b6a9-0a6d433d92c1","Station_157_Date_01AUG2007:12:08:00.000_Callinectes_similis","Animalia","Arthropoda","Malacostraca","Decapoda","Portunidae","Callinectes","Callinectes similis",NA,"SPECIES","Callinectes similis Williams, 1966","Callinectes similis","A.B. Williams, 1966","US","Guadalupe Estuary","Texas","PRESENT",NA,"c3ad790a-d426-4ac1-8e32-da61f81f0117",28.111667,-96.838333,100,NA,NA,NA,0.25,0.15,"2007-08-01T12:08",1,8,2007,2225642,2225642,"HUMAN_OBSERVATION","TPWD","San Antonio Bay Bag Seine",NA,NA,"",NA,"CC0_1_0","","",NA,NA,2025-02-06 21:26:40.592,"","CONTINENT_DERIVED_FROM_COORDINATES"
3405726183,"95b694cd-e9db-4831-b6a9-0a6d433d92c1","Station_54_Date_09JAN2006:10:41:00.000_Callinectes_similis","Animalia","Arthropoda","Malacostraca","Decapoda","Portunidae","Callinectes","Callinectes similis",NA,"SPECIES","Callinectes similis Williams, 1966","Callinectes similis","A.B. Williams, 1966","US","Guadalupe Estuary","Texas","PRESENT",NA,"c3ad790a-d426-4ac1-8e32-da61f81f0117",28.169444,-96.867222,100,NA,NA,NA,0.25,0.05,"2006-01-09T10:41",9,1,2006,2225642,2225642,"HUMAN_OBSERVATION","TPWD","San Antonio Bay Bag Seine",NA,NA,"",NA,"CC0_1_0","","",NA,NA,2025-02-06 21:26:39.618,"","CONTINENT_DERIVED_FROM_COORDINATES"
3405725025,"95b694cd-e9db-4831-b6a9-0a6d433d92c1","Station_164_Date_09MAY2006:13:22:00.000_Callinectes_similis","Animalia","Arthropoda","Malacostraca","Decapoda","Portunidae","Callinectes","Callinectes similis",NA,"SPECIES","Callinectes similis Williams, 1966","Callinectes similis","A.B. Williams, 1966","US","Guadalupe Estuary","Texas","PRESENT",NA,"c3ad790a-d426-4ac1-8e32-da61f81f0117",28.222222,-96.802778,100,NA,NA,NA,0.45,0.45,"2006-05-09T13:22",9,5,2006,2225642,2225642,"HUMAN_OBSERVATION","TPWD","San Antonio Bay Bag Seine",NA,NA,"",NA,"CC0_1_0","","",NA,NA,2025-02-06 21:26:39.848,"","CONTINENT_DERIVED_FROM_COORDINATES"
3405598161,"f46c93f2-123d-4dc3-a06e-b2faecfda2ce","Station_222_Date_17APR2006:12:50:00.000_Callinectes_similis","Animalia","Arthropoda","Malacostraca","Decapoda","Portunidae","Callinectes","Callinectes similis",NA,"SPECIES","Callinectes similis Williams, 1966","Callinectes similis","A.B. Williams, 1966","US","Sabine-Neches Estuary","Texas","PRESENT",NA,"c3ad790a-d426-4ac1-8e32-da61f81f0117",29.703889,-93.853889,100,NA,NA,NA,0.15,0.15,"2006-04-17T12:50",17,4,2006,2225642,2225642,"HUMAN_OBSERVATION","TPWD","Sabine Lake Bag Seine",NA,NA,"",NA,"CC0_1_0","","",NA,NA,2025-02-07 00:17:10.492,"","CONTINENT_DERIVED_FROM_COORDINATES"
3405589904,"f46c93f2-123d-4dc3-a06e-b2faecfda2ce","Station_33_Date_05APR2006:11:12:00.000_Callinectes_similis","Animalia","Arthropoda","Malacostraca","Decapoda","Portunidae","Callinectes","Callinectes similis",NA,"SPECIES","Callinectes similis Williams, 1966","Callinectes similis","A.B. Williams, 1966","US","Sabine-Neches Estuary","Texas","PRESENT",NA,"c3ad790a-d426-4ac1-8e32-da61f81f0117",29.976389,-93.827778,100,NA,NA,NA,0.2,0.2,"2006-04-05T11:12",5,4,2006,2225642,2225642,"HUMAN_OBSERVATION","TPWD","Sabine Lake Bag Seine",NA,NA,"",NA,"CC0_1_0","","",NA,NA,2025-02-07 00:17:10.248,"","CONTINENT_DERIVED_FROM_COORDINATES"
3405582932,"f46c93f2-123d-4dc3-a06e-b2faecfda2ce","Station_56_Date_05SEP2008:09:35:00.000_Callinectes_similis","Animalia","Arthropoda","Malacostraca","Decapoda","Portunidae","Callinectes","Callinectes similis",NA,"SPECIES","Callinectes similis Williams, 1966","Callinectes similis","A.B. Williams, 1966","US","Sabine-Neches Estuary","Texas","PRESENT",NA,"c3ad790a-d426-4ac1-8e32-da61f81f0117",29.929444,-93.869444,100,NA,NA,NA,0.2,0.2,"2008-09-05T09:35",5,9,2008,2225642,2225642,"HUMAN_OBSERVATION","TPWD","Sabine Lake Bag Seine",NA,NA,"",NA,"CC0_1_0","","",NA,NA,2025-02-07 00:17:10.327,"","CONTINENT_DERIVED_FROM_COORDINATES"
3405582624,"f46c93f2-123d-4dc3-a06e-b2faecfda2ce","Station_22_Date_05JUL2005:10:21:00.000_Callinectes_similis","Animalia","Arthropoda","Malacostraca","Decapoda","Portunidae","Callinectes","Callinectes similis",NA,"SPECIES","Callinectes similis Williams, 1966","Callinectes similis","A.B. Williams, 1966","US","Sabine-Neches Estuary","Texas","PRESENT",NA,"c3ad790a-d426-4ac1-8e32-da61f81f0117",29.984444,-93.818333,100,NA,NA,NA,0.4,0.2,"2005-07-05T10:21",5,7,2005,2225642,2225642,"HUMAN_OBSERVATION","TPWD","Sabine Lake Bag Seine",NA,NA,"",NA,"CC0_1_0","","",NA,NA,2025-02-07 00:17:10.269,"","CONTINENT_DERIVED_FROM_COORDINATES"
3405504168,"f46c93f2-123d-4dc3-a06e-b2faecfda2ce","Station_222_Date_23AUG2006:12:56:00.000_Callinectes_similis","Animalia","Arthropoda","Malacostraca","Decapoda","Portunidae","Callinectes","Callinectes similis",NA,"SPECIES","Callinectes similis Williams, 1966","Callinectes similis","A.B. Williams, 1966","US","Sabine-Neches Estuary","Texas","PRESENT",NA,"c3ad790a-d426-4ac1-8e32-da61f81f0117",29.702222,-93.853611,100,NA,NA,NA,0.1,0.1,"2006-08-23T12:56",23,8,2006,2225642,2225642,"HUMAN_OBSERVATION","TPWD","Sabine Lake Bag Seine",NA,NA,"",NA,"CC0_1_0","","",NA,NA,2025-02-07 00:17:10.56,"","CONTINENT_DERIVED_FROM_COORDINATES"
3405500919,"f46c93f2-123d-4dc3-a06e-b2faecfda2ce","Station_222_Date_23APR2007:11:15:00.000_Callinectes_similis","Animalia","Arthropoda","Malacostraca","Decapoda","Portunidae","Callinectes","Callinectes similis",NA,"SPECIES","Callinectes similis Williams, 1966","Callinectes similis","A.B. Williams, 1966","US","Sabine-Neches Estuary","Texas","PRESENT",NA,"c3ad790a-d426-4ac1-8e32-da61f81f0117",29.706667,-93.855,100,NA,NA,NA,0.3,0.3,"2007-04-23T11:15",23,4,2007,2225642,2225642,"HUMAN_OBSERVATION","TPWD","Sabine Lake Bag Seine",NA,NA,"",NA,"CC0_1_0","","",NA,NA,2025-02-07 00:17:10.463,"","CONTINENT_DERIVED_FROM_COORDINATES"
3405500836,"f46c93f2-123d-4dc3-a06e-b2faecfda2ce","Station_193_Date_17APR2006:12:11:00.000_Callinectes_similis","Animalia","Arthropoda","Malacostraca","Decapoda","Portunidae","Callinectes","Callinectes similis",NA,"SPECIES","Callinectes similis Williams, 1966","Callinectes similis","A.B. Williams, 1966","US","Sabine-Neches Estuary","Texas","PRESENT",NA,"c3ad790a-d426-4ac1-8e32-da61f81f0117",29.747778,-93.888611,100,NA,NA,NA,0.3,0.3,"2006-04-17T12:11",17,4,2006,2225642,2225642,"HUMAN_OBSERVATION","TPWD","Sabine Lake Bag Seine",NA,NA,"",NA,"CC0_1_0","","",NA,NA,2025-02-07 00:17:10.45,"","CONTINENT_DERIVED_FROM_COORDINATES"
3405498137,"f46c93f2-123d-4dc3-a06e-b2faecfda2ce","Station_194_Date_19NOV2007:13:07:00.000_Callinectes_similis","Animalia","Arthropoda","Malacostraca","Decapoda","Portunidae","Callinectes","Callinectes similis",NA,"SPECIES","Callinectes similis Williams, 1966","Callinectes similis","A.B. Williams, 1966","US","Sabine-Neches Estuary","Texas","PRESENT",NA,"c3ad790a-d426-4ac1-8e32-da61f81f0117",29.735556,-93.877222,100,NA,NA,NA,0.35,0.35,"2007-11-19T13:07",19,11,2007,2225642,2225642,"HUMAN_OBSERVATION","TPWD","Sabine Lake Bag Seine",NA,NA,"",NA,"CC0_1_0","","",NA,NA,2025-02-07 00:17:10.488,"","CONTINENT_DERIVED_FROM_COORDINATES"
3405489847,"f46c93f2-123d-4dc3-a06e-b2faecfda2ce","Station_32_Date_06JUN2005:09:55:00.000_Callinectes_similis","Animalia","Arthropoda","Malacostraca","Decapoda","Portunidae","Callinectes","Callinectes similis",NA,"SPECIES","Callinectes similis Williams, 1966","Callinectes similis","A.B. Williams, 1966","US","Sabine-Neches Estuary","Texas","PRESENT",NA,"c3ad790a-d426-4ac1-8e32-da61f81f0117",29.971111,-93.845278,100,NA,NA,NA,0.4,0.4,"2005-06-06T09:55",6,6,2005,2225642,2225642,"HUMAN_OBSERVATION","TPWD","Sabine Lake Bag Seine",NA,NA,"",NA,"CC0_1_0","","",NA,NA,2025-02-07 00:17:10.292,"","CONTINENT_DERIVED_FROM_COORDINATES"
3405366323,"ea09e0f4-36c4-4383-b04d-48da83a32c5c","Station_482_Date_15APR2008:10:20:00.000_Callinectes_similis","Animalia","Arthropoda","Malacostraca","Decapoda","Portunidae","Callinectes","Callinectes similis",NA,"SPECIES","Callinectes similis Williams, 1966","Callinectes similis","A.B. Williams, 1966","US","Lavaca-Colorado Estuary","Texas","PRESENT",NA,"c3ad790a-d426-4ac1-8e32-da61f81f0117",28.435556,-96.333611,100,NA,NA,NA,0.45,0.45,"2008-04-15T10:20",15,4,2008,2225642,2225642,"HUMAN_OBSERVATION","TPWD","Matagorda Bay Bag Seine",NA,NA,"",NA,"CC0_1_0","","",NA,NA,2025-02-07 00:07:03.109,"","CONTINENT_DERIVED_FROM_COORDINATES"
3405366194,"ea09e0f4-36c4-4383-b04d-48da83a32c5c","Station_479_Date_15APR2008:12:07:00.000_Callinectes_similis","Animalia","Arthropoda","Malacostraca","Decapoda","Portunidae","Callinectes","Callinectes similis",NA,"SPECIES","Callinectes similis Williams, 1966","Callinectes similis","A.B. Williams, 1966","US","Lavaca-Colorado Estuary","Texas","PRESENT",NA,"c3ad790a-d426-4ac1-8e32-da61f81f0117",28.435556,-96.397222,100,NA,NA,NA,0.15,0.05,"2008-04-15T12:07",15,4,2008,2225642,2225642,"HUMAN_OBSERVATION","TPWD","Matagorda Bay Bag Seine",NA,NA,"",NA,"CC0_1_0","","",NA,NA,2025-02-07 00:07:02.852,"","CONTINENT_DERIVED_FROM_COORDINATES"
3405363420,"ea09e0f4-36c4-4383-b04d-48da83a32c5c","Station_500_Date_11OCT2006:14:07:00.000_Callinectes_similis","Animalia","Arthropoda","Malacostraca","Decapoda","Portunidae","Callinectes","Callinectes similis",NA,"SPECIES","Callinectes similis Williams, 1966","Callinectes similis","A.B. Williams, 1966","US","Lavaca-Colorado Estuary","Texas","PRESENT",NA,"c3ad790a-d426-4ac1-8e32-da61f81f0117",28.36,-96.400278,100,NA,NA,NA,0.25,0.25,"2006-10-11T14:07",11,10,2006,2225642,2225642,"HUMAN_OBSERVATION","TPWD","Matagorda Bay Bag Seine",NA,NA,"",NA,"CC0_1_0","","",NA,NA,2025-02-07 00:07:03.147,"","CONTINENT_DERIVED_FROM_COORDINATES"
3405363366,"ea09e0f4-36c4-4383-b04d-48da83a32c5c","Station_494_Date_09AUG2007:11:29:00.000_Callinectes_similis","Animalia","Arthropoda","Malacostraca","Decapoda","Portunidae","Callinectes","Callinectes similis",NA,"SPECIES","Callinectes similis Williams, 1966","Callinectes similis","A.B. Williams, 1966","US","Lavaca-Colorado Estuary","Texas","PRESENT",NA,"c3ad790a-d426-4ac1-8e32-da61f81f0117",28.4125,-96.364167,100,NA,NA,NA,0.15,0.15,"2007-08-09T11:29",9,8,2007,2225642,2225642,"HUMAN_OBSERVATION","TPWD","Matagorda Bay Bag Seine",NA,NA,"",NA,"CC0_1_0","","",NA,NA,2025-02-07 00:07:03.133,"","CONTINENT_DERIVED_FROM_COORDINATES"
3405361648,"ea09e0f4-36c4-4383-b04d-48da83a32c5c","Station_358_Date_28APR2008:16:50:00.000_Callinectes_similis","Animalia","Arthropoda","Malacostraca","Decapoda","Portunidae","Callinectes","Callinectes similis",NA,"SPECIES","Callinectes similis Williams, 1966","Callinectes similis","A.B. Williams, 1966","US","Lavaca-Colorado Estuary","Texas","PRESENT",NA,"c3ad790a-d426-4ac1-8e32-da61f81f0117",28.565278,-96.092778,100,NA,NA,NA,0.2,0.2,"2008-04-28T16:50",28,4,2008,2225642,2225642,"HUMAN_OBSERVATION","TPWD","Matagorda Bay Bag Seine",NA,NA,"",NA,"CC0_1_0","","",NA,NA,2025-02-07 00:07:03.541,"","CONTINENT_DERIVED_FROM_COORDINATES"
3405361158,"ea09e0f4-36c4-4383-b04d-48da83a32c5c","Station_449_Date_15APR2008:11:31:00.000_Callinectes_similis","Animalia","Arthropoda","Malacostraca","Decapoda","Portunidae","Callinectes","Callinectes similis",NA,"SPECIES","Callinectes similis Williams, 1966","Callinectes similis","A.B. Williams, 1966","US","Lavaca-Colorado Estuary","Texas","PRESENT",NA,"c3ad790a-d426-4ac1-8e32-da61f81f0117",28.485278,-96.253889,100,NA,NA,NA,0.1,0.1,"2008-04-15T11:31",15,4,2008,2225642,2225642,"HUMAN_OBSERVATION","TPWD","Matagorda Bay Bag Seine",NA,NA,"",NA,"CC0_1_0","","",NA,NA,2025-02-07 00:07:02.789,"","CONTINENT_DERIVED_FROM_COORDINATES"
3405360357,"ea09e0f4-36c4-4383-b04d-48da83a32c5c","Station_301_Date_16MAY2005:16:19:00.000_Callinectes_similis","Animalia","Arthropoda","Malacostraca","Decapoda","Portunidae","Callinectes","Callinectes similis",NA,"SPECIES","Callinectes similis Williams, 1966","Callinectes similis","A.B. Williams, 1966","US","Lavaca-Colorado Estuary","Texas","PRESENT",NA,"c3ad790a-d426-4ac1-8e32-da61f81f0117",28.570833,-96.488056,100,NA,NA,NA,0.5,0.5,"2005-05-16T16:19",16,5,2005,2225642,2225642,"HUMAN_OBSERVATION","TPWD","Matagorda Bay Bag Seine",NA,NA,"",NA,"CC0_1_0","","",NA,NA,2025-02-07 00:07:02.584,"","CONTINENT_DERIVED_FROM_COORDINATES"
3405359792,"ea09e0f4-36c4-4383-b04d-48da83a32c5c","Station_413_Date_07FEB2006:12:59:00.000_Callinectes_similis","Animalia","Arthropoda","Malacostraca","Decapoda","Portunidae","Callinectes","Callinectes similis",NA,"SPECIES","Callinectes similis Williams, 1966","Callinectes similis","A.B. Williams, 1966","US","Lavaca-Colorado Estuary","Texas","PRESENT",NA,"c3ad790a-d426-4ac1-8e32-da61f81f0117",28.51,-96.488056,100,NA,NA,NA,0.5,0.5,"2006-02-07T12:59",7,2,2006,2225642,2225642,"HUMAN_OBSERVATION","TPWD","Matagorda Bay Bag Seine",NA,NA,"",NA,"CC0_1_0","","",NA,NA,2025-02-07 00:07:03.522,"","CONTINENT_DERIVED_FROM_COORDINATES"
3405358530,"ea09e0f4-36c4-4383-b04d-48da83a32c5c","Station_389_Date_04FEB2008:11:23:00.000_Callinectes_similis","Animalia","Arthropoda","Malacostraca","Decapoda","Portunidae","Callinectes","Callinectes similis",NA,"SPECIES","Callinectes similis Williams, 1966","Callinectes similis","A.B. Williams, 1966","US","Lavaca-Colorado Estuary","Texas","PRESENT",NA,"c3ad790a-d426-4ac1-8e32-da61f81f0117",28.526944,-96.508889,100,NA,NA,NA,0.25,0.25,"2008-02-04T11:23",4,2,2008,2225642,2225642,"HUMAN_OBSERVATION","TPWD","Matagorda Bay Bag Seine",NA,NA,"",NA,"CC0_1_0","","",NA,NA,2025-02-07 00:07:03.485,"","CONTINENT_DERIVED_FROM_COORDINATES"
3405358294,"ea09e0f4-36c4-4383-b04d-48da83a32c5c","Station_488_Date_23MAY2005:17:25:00.000_Callinectes_similis","Animalia","Arthropoda","Malacostraca","Decapoda","Portunidae","Callinectes","Callinectes similis",NA,"SPECIES","Callinectes similis Williams, 1966","Callinectes similis","A.B. Williams, 1966","US","Lavaca-Colorado Estuary","Texas","PRESENT",NA,"c3ad790a-d426-4ac1-8e32-da61f81f0117",28.425556,-96.35,100,NA,NA,NA,0.15,0.15,"2005-05-23T17:25",23,5,2005,2225642,2225642,"HUMAN_OBSERVATION","TPWD","Matagorda Bay Bag Seine",NA,NA,"",NA,"CC0_1_0","","",NA,NA,2025-02-07 00:07:03.814,"","CONTINENT_DERIVED_FROM_COORDINATES"
3405356268,"ea09e0f4-36c4-4383-b04d-48da83a32c5c","Station_328_Date_11APR2005:16:12:00.000_Callinectes_similis","Animalia","Arthropoda","Malacostraca","Decapoda","Portunidae","Callinectes","Callinectes similis",NA,"SPECIES","Callinectes similis Williams, 1966","Callinectes similis","A.B. Williams, 1966","US","Lavaca-Colorado Estuary","Texas","PRESENT",NA,"c3ad790a-d426-4ac1-8e32-da61f81f0117",28.583056,-96.046389,100,NA,NA,NA,0.3,0.2,"2005-04-11T16:12",11,4,2005,2225642,2225642,"HUMAN_OBSERVATION","TPWD","Matagorda Bay Bag Seine",NA,NA,"",NA,"CC0_1_0","","",NA,NA,2025-02-07 00:07:02.619,"","CONTINENT_DERIVED_FROM_COORDINATES"
3405355677,"ea09e0f4-36c4-4383-b04d-48da83a32c5c","Station_238_Date_18DEC2006:15:01:00.000_Callinectes_similis","Animalia","Arthropoda","Malacostraca","Decapoda","Portunidae","Callinectes","Callinectes similis",NA,"SPECIES","Callinectes similis Williams, 1966","Callinectes similis","A.B. Williams, 1966","US","Lavaca-Colorado Estuary","Texas","PRESENT",NA,"c3ad790a-d426-4ac1-8e32-da61f81f0117",28.607222,-96.169167,100,NA,NA,NA,0.15,0.15,"2006-12-18T15:01",18,12,2006,2225642,2225642,"HUMAN_OBSERVATION","TPWD","Matagorda Bay Bag Seine",NA,NA,"",NA,"CC0_1_0","","",NA,NA,2025-02-07 00:07:02.466,"","CONTINENT_DERIVED_FROM_COORDINATES"
3405355610,"ea09e0f4-36c4-4383-b04d-48da83a32c5c","Station_229_Date_17MAR2008:13:39:00.000_Callinectes_similis","Animalia","Arthropoda","Malacostraca","Decapoda","Portunidae","Callinectes","Callinectes similis",NA,"SPECIES","Callinectes similis Williams, 1966","Callinectes similis","A.B. Williams, 1966","US","Lavaca-Colorado Estuary","Texas","PRESENT",NA,"c3ad790a-d426-4ac1-8e32-da61f81f0117",28.399444,-96.411111,100,NA,NA,NA,0.25,0.15,"2008-03-17T13:39",17,3,2008,2225642,2225642,"HUMAN_OBSERVATION","TPWD","Matagorda Bay Bag Seine",NA,NA,"",NA,"CC0_1_0","","",NA,NA,2025-02-07 00:07:02.453,"","CONTINENT_DERIVED_FROM_COORDINATES"
3405354469,"ea09e0f4-36c4-4383-b04d-48da83a32c5c","Station_357_Date_30JUL2008:14:36:00.000_Callinectes_similis","Animalia","Arthropoda","Malacostraca","Decapoda","Portunidae","Callinectes","Callinectes similis",NA,"SPECIES","Callinectes similis Williams, 1966","Callinectes similis","A.B. Williams, 1966","US","Lavaca-Colorado Estuary","Texas","PRESENT",NA,"c3ad790a-d426-4ac1-8e32-da61f81f0117",28.556944,-96.106111,100,NA,NA,NA,0.4,0.2,"2008-07-30T14:36",30,7,2008,2225642,2225642,"HUMAN_OBSERVATION","TPWD","Matagorda Bay Bag Seine",NA,NA,"",NA,"CC0_1_0","","",NA,NA,2025-02-07 00:07:03.462,"","CONTINENT_DERIVED_FROM_COORDINATES"
3405353068,"ea09e0f4-36c4-4383-b04d-48da83a32c5c","Station_256_Date_27OCT2008:14:09:00.000_Callinectes_similis","Animalia","Arthropoda","Malacostraca","Decapoda","Portunidae","Callinectes","Callinectes similis",NA,"SPECIES","Callinectes similis Williams, 1966","Callinectes similis","A.B. Williams, 1966","US","Lavaca-Colorado Estuary","Texas","PRESENT",NA,"c3ad790a-d426-4ac1-8e32-da61f81f0117",28.365278,-96.406944,100,NA,NA,NA,0.45,0.05,"2008-10-27T14:09",27,10,2008,2225642,2225642,"HUMAN_OBSERVATION","TPWD","Matagorda Bay Bag Seine",NA,NA,"",NA,"CC0_1_0","","",NA,NA,2025-02-07 00:07:03.28,"","CONTINENT_DERIVED_FROM_COORDINATES"
3405351803,"ea09e0f4-36c4-4383-b04d-48da83a32c5c","Station_229_Date_23OCT2006:14:40:00.000_Callinectes_similis","Animalia","Arthropoda","Malacostraca","Decapoda","Portunidae","Callinectes","Callinectes similis",NA,"SPECIES","Callinectes similis Williams, 1966","Callinectes similis","A.B. Williams, 1966","US","Lavaca-Colorado Estuary","Texas","PRESENT",NA,"c3ad790a-d426-4ac1-8e32-da61f81f0117",28.398611,-96.408333,100,NA,NA,NA,0.25,0.25,"2006-10-23T14:40",23,10,2006,2225642,2225642,"HUMAN_OBSERVATION","TPWD","Matagorda Bay Bag Seine",NA,NA,"",NA,"CC0_1_0","","",NA,NA,2025-02-07 00:07:03.278,"","CONTINENT_DERIVED_FROM_COORDINATES"
3405351760,"ea09e0f4-36c4-4383-b04d-48da83a32c5c","Station_224_Date_23JUL2007:11:13:00.000_Callinectes_similis","Animalia","Arthropoda","Malacostraca","Decapoda","Portunidae","Callinectes","Callinectes similis",NA,"SPECIES","Callinectes similis Williams, 1966","Callinectes similis","A.B. Williams, 1966","US","Lavaca-Colorado Estuary","Texas","PRESENT",NA,"c3ad790a-d426-4ac1-8e32-da61f81f0117",28.603889,-96.411944,100,NA,NA,NA,0.15,0.15,"2007-07-23T11:13",23,7,2007,2225642,2225642,"HUMAN_OBSERVATION","TPWD","Matagorda Bay Bag Seine",NA,NA,"",NA,"CC0_1_0","","",NA,NA,2025-02-07 00:07:03.27,"","CONTINENT_DERIVED_FROM_COORDINATES"
3405351629,"ea09e0f4-36c4-4383-b04d-48da83a32c5c","Station_203_Date_30SEP2008:16:20:00.000_Callinectes_similis","Animalia","Arthropoda","Malacostraca","Decapoda","Portunidae","Callinectes","Callinectes similis",NA,"SPECIES","Callinectes similis Williams, 1966","Callinectes similis","A.B. Williams, 1966","US","Lavaca-Colorado Estuary","Texas","PRESENT",NA,"c3ad790a-d426-4ac1-8e32-da61f81f0117",28.623889,-96.097222,100,NA,NA,NA,0.2,0.2,"2008-09-30T16:20",30,9,2008,2225642,2225642,"HUMAN_OBSERVATION","TPWD","Matagorda Bay Bag Seine",NA,NA,"",NA,"CC0_1_0","","",NA,NA,2025-02-07 00:07:03.229,"","CONTINENT_DERIVED_FROM_COORDINATES"
3405351149,"ea09e0f4-36c4-4383-b04d-48da83a32c5c","Station_263_Date_06NOV2008:13:57:00.000_Callinectes_similis","Animalia","Arthropoda","Malacostraca","Decapoda","Portunidae","Callinectes","Callinectes similis",NA,"SPECIES","Callinectes similis Williams, 1966","Callinectes similis","A.B. Williams, 1966","US","Lavaca-Colorado Estuary","Texas","PRESENT",NA,"c3ad790a-d426-4ac1-8e32-da61f81f0117",28.595278,-96.429722,100,NA,NA,NA,0.2,0.2,"2008-11-06T13:57",6,11,2008,2225642,2225642,"HUMAN_OBSERVATION","TPWD","Matagorda Bay Bag Seine",NA,NA,"",NA,"CC0_1_0","","",NA,NA,2025-02-07 00:07:02.537,"","CONTINENT_DERIVED_FROM_COORDINATES"
3405350217,"ea09e0f4-36c4-4383-b04d-48da83a32c5c","Station_303_Date_04JUN2007:17:45:00.000_Callinectes_similis","Animalia","Arthropoda","Malacostraca","Decapoda","Portunidae","Callinectes","Callinectes similis",NA,"SPECIES","Callinectes similis Williams, 1966","Callinectes similis","A.B. Williams, 1966","US","Lavaca-Colorado Estuary","Texas","PRESENT",NA,"c3ad790a-d426-4ac1-8e32-da61f81f0117",28.58,-96.460278,100,NA,NA,NA,0.25,0.25,"2007-06-04T17:45",4,6,2007,2225642,2225642,"HUMAN_OBSERVATION","TPWD","Matagorda Bay Bag Seine",NA,NA,"",NA,"CC0_1_0","","",NA,NA,2025-02-07 00:07:03.33,"","CONTINENT_DERIVED_FROM_COORDINATES"
3405349643,"ea09e0f4-36c4-4383-b04d-48da83a32c5c","Station_224_Date_16MAY2005:15:42:00.000_Callinectes_similis","Animalia","Arthropoda","Malacostraca","Decapoda","Portunidae","Callinectes","Callinectes similis",NA,"SPECIES","Callinectes similis Williams, 1966","Callinectes similis","A.B. Williams, 1966","US","Lavaca-Colorado Estuary","Texas","PRESENT",NA,"c3ad790a-d426-4ac1-8e32-da61f81f0117",28.6025,-96.415833,100,NA,NA,NA,0.25,0.25,"2005-05-16T15:42",16,5,2005,2225642,2225642,"HUMAN_OBSERVATION","TPWD","Matagorda Bay Bag Seine",NA,NA,"",NA,"CC0_1_0","","",NA,NA,2025-02-07 00:07:03.138,"","CONTINENT_DERIVED_FROM_COORDINATES"
3405348090,"ea09e0f4-36c4-4383-b04d-48da83a32c5c","Station_260_Date_01MAY2007:16:31:00.000_Callinectes_similis","Animalia","Arthropoda","Malacostraca","Decapoda","Portunidae","Callinectes","Callinectes similis",NA,"SPECIES","Callinectes similis Williams, 1966","Callinectes similis","A.B. Williams, 1966","US","Lavaca-Colorado Estuary","Texas","PRESENT",NA,"c3ad790a-d426-4ac1-8e32-da61f81f0117",28.593611,-96.480556,100,NA,NA,NA,0.3,0.3,"2007-05-01T16:31",1,5,2007,2225642,2225642,"HUMAN_OBSERVATION","TPWD","Matagorda Bay Bag Seine",NA,NA,"",NA,"CC0_1_0","","",NA,NA,2025-02-07 00:07:02.732,"","CONTINENT_DERIVED_FROM_COORDINATES"
3405347539,"ea09e0f4-36c4-4383-b04d-48da83a32c5c","Station_195_Date_05MAY2008:15:56:00.000_Callinectes_similis","Animalia","Arthropoda","Malacostraca","Decapoda","Portunidae","Callinectes","Callinectes similis",NA,"SPECIES","Callinectes similis Williams, 1966","Callinectes similis","A.B. Williams, 1966","US","Lavaca-Colorado Estuary","Texas","PRESENT",NA,"c3ad790a-d426-4ac1-8e32-da61f81f0117",28.63,-96.219167,100,NA,NA,NA,0.3,0.3,"2008-05-05T15:56",5,5,2008,2225642,2225642,"HUMAN_OBSERVATION","TPWD","Matagorda Bay Bag Seine",NA,NA,"",NA,"CC0_1_0","","",NA,NA,2025-02-07 00:07:02.572,"","CONTINENT_DERIVED_FROM_COORDINATES"
3405347225,"ea09e0f4-36c4-4383-b04d-48da83a32c5c","Station_302_Date_17JUL2006:13:15:00.000_Callinectes_similis","Animalia","Arthropoda","Malacostraca","Decapoda","Portunidae","Callinectes","Callinectes similis",NA,"SPECIES","Callinectes similis Williams, 1966","Callinectes similis","A.B. Williams, 1966","US","Lavaca-Colorado Estuary","Texas","PRESENT",NA,"c3ad790a-d426-4ac1-8e32-da61f81f0117",28.576389,-96.483056,100,NA,NA,NA,0.2,0.2,"2006-07-17T13:15",17,7,2006,2225642,2225642,"HUMAN_OBSERVATION","TPWD","Matagorda Bay Bag Seine",NA,NA,"",NA,"CC0_1_0","","",NA,NA,2025-02-07 00:07:03.448,"","CONTINENT_DERIVED_FROM_COORDINATES"
3405346716,"ea09e0f4-36c4-4383-b04d-48da83a32c5c","Station_239_Date_30JUL2008:09:58:00.000_Callinectes_similis","Animalia","Arthropoda","Malacostraca","Decapoda","Portunidae","Callinectes","Callinectes similis",NA,"SPECIES","Callinectes similis Williams, 1966","Callinectes similis","A.B. Williams, 1966","US","Lavaca-Colorado Estuary","Texas","PRESENT",NA,"c3ad790a-d426-4ac1-8e32-da61f81f0117",28.6075,-96.1575,100,NA,NA,NA,0.2,0.2,"2008-07-30T09:58",30,7,2008,2225642,2225642,"HUMAN_OBSERVATION","TPWD","Matagorda Bay Bag Seine",NA,NA,"",NA,"CC0_1_0","","",NA,NA,2025-02-07 00:07:03.298,"","CONTINENT_DERIVED_FROM_COORDINATES"
3405346563,"ea09e0f4-36c4-4383-b04d-48da83a32c5c","Station_219_Date_10APR2007:13:21:00.000_Callinectes_similis","Animalia","Arthropoda","Malacostraca","Decapoda","Portunidae","Callinectes","Callinectes similis",NA,"SPECIES","Callinectes similis Williams, 1966","Callinectes similis","A.B. Williams, 1966","US","Lavaca-Colorado Estuary","Texas","PRESENT",NA,"c3ad790a-d426-4ac1-8e32-da61f81f0117",28.608611,-96.485278,100,NA,NA,NA,0.15,0.15,"2007-04-10T13:21",10,4,2007,2225642,2225642,"HUMAN_OBSERVATION","TPWD","Matagorda Bay Bag Seine",NA,NA,"",NA,"CC0_1_0","","",NA,NA,2025-02-07 00:07:03.244,"","CONTINENT_DERIVED_FROM_COORDINATES"
3405346368,"ea09e0f4-36c4-4383-b04d-48da83a32c5c","Station_187_Date_08AUG2006:10:22:00.000_Callinectes_similis","Animalia","Arthropoda","Malacostraca","Decapoda","Portunidae","Callinectes","Callinectes similis",NA,"SPECIES","Callinectes similis Williams, 1966","Callinectes similis","A.B. Williams, 1966","US","Lavaca-Colorado Estuary","Texas","PRESENT",NA,"c3ad790a-d426-4ac1-8e32-da61f81f0117",28.628611,-96.357222,100,NA,NA,NA,0.25,0.25,"2006-08-08T10:22",8,8,2006,2225642,2225642,"HUMAN_OBSERVATION","TPWD","Matagorda Bay Bag Seine",NA,NA,"",NA,"CC0_1_0","","",NA,NA,2025-02-07 00:07:03.183,"","CONTINENT_DERIVED_FROM_COORDINATES"
3405346243,"ea09e0f4-36c4-4383-b04d-48da83a32c5c","Station_182_Date_27MAR2007:14:01:00.000_Callinectes_similis","Animalia","Arthropoda","Malacostraca","Decapoda","Portunidae","Callinectes","Callinectes similis",NA,"SPECIES","Callinectes similis Williams, 1966","Callinectes similis","A.B. Williams, 1966","US","Lavaca-Colorado Estuary","Texas","PRESENT",NA,"c3ad790a-d426-4ac1-8e32-da61f81f0117",28.626111,-96.449444,100,NA,NA,NA,0.2,0.1,"2007-03-27T14:01",27,3,2007,2225642,2225642,"HUMAN_OBSERVATION","TPWD","Matagorda Bay Bag Seine",NA,NA,"",NA,"CC0_1_0","","",NA,NA,2025-02-07 00:07:02.353,"","CONTINENT_DERIVED_FROM_COORDINATES"
3405346092,"ea09e0f4-36c4-4383-b04d-48da83a32c5c","Station_158_Date_05MAY2008:15:10:00.000_Callinectes_similis","Animalia","Arthropoda","Malacostraca","Decapoda","Portunidae","Callinectes","Callinectes similis",NA,"SPECIES","Callinectes similis Williams, 1966","Callinectes similis","A.B. Williams, 1966","US","Lavaca-Colorado Estuary","Texas","PRESENT",NA,"c3ad790a-d426-4ac1-8e32-da61f81f0117",28.645833,-96.236389,100,NA,NA,NA,0.2,0.2,"2008-05-05T15:10",5,5,2008,2225642,2225642,"HUMAN_OBSERVATION","TPWD","Matagorda Bay Bag Seine",NA,NA,"",NA,"CC0_1_0","","",NA,NA,2025-02-07 00:07:02.315,"","CONTINENT_DERIVED_FROM_COORDINATES"
3405345335,"ea09e0f4-36c4-4383-b04d-48da83a32c5c","Station_90_Date_01MAY2007:18:36:00.000_Callinectes_similis","Animalia","Arthropoda","Malacostraca","Decapoda","Portunidae","Callinectes","Callinectes similis",NA,"SPECIES","Callinectes similis Williams, 1966","Callinectes similis","A.B. Williams, 1966","US","Lavaca-Colorado Estuary","Texas","PRESENT",NA,"c3ad790a-d426-4ac1-8e32-da61f81f0117",28.651667,-95.953611,100,NA,NA,NA,0.2,0.2,"2007-05-01T18:36",1,5,2007,2225642,2225642,"HUMAN_OBSERVATION","TPWD","Matagorda Bay Bag Seine",NA,NA,"",NA,"CC0_1_0","","",NA,NA,2025-02-07 00:07:02.115,"","CONTINENT_DERIVED_FROM_COORDINATES"
3405343811,"ea09e0f4-36c4-4383-b04d-48da83a32c5c","Station_239_Date_04OCT2005:16:49:00.000_Callinectes_similis","Animalia","Arthropoda","Malacostraca","Decapoda","Portunidae","Callinectes","Callinectes similis",NA,"SPECIES","Callinectes similis Williams, 1966","Callinectes similis","A.B. Williams, 1966","US","Lavaca-Colorado Estuary","Texas","PRESENT",NA,"c3ad790a-d426-4ac1-8e32-da61f81f0117",28.6125,-96.155,100,NA,NA,NA,0.25,0.25,"2005-10-04T16:49",4,10,2005,2225642,2225642,"HUMAN_OBSERVATION","TPWD","Matagorda Bay Bag Seine",NA,NA,"",NA,"CC0_1_0","","",NA,NA,2025-02-07 00:07:02.668,"","CONTINENT_DERIVED_FROM_COORDINATES"
3405341152,"ea09e0f4-36c4-4383-b04d-48da83a32c5c","Station_131_Date_31MAR2008:10:20:00.000_Callinectes_similis","Animalia","Arthropoda","Malacostraca","Decapoda","Portunidae","Callinectes","Callinectes similis",NA,"SPECIES","Callinectes similis Williams, 1966","Callinectes similis","A.B. Williams, 1966","US","Lavaca-Colorado Estuary","Texas","PRESENT",NA,"c3ad790a-d426-4ac1-8e32-da61f81f0117",28.665556,-96.009444,100,NA,NA,NA,0.2,0.2,"2008-03-31T10:20",31,3,2008,2225642,2225642,"HUMAN_OBSERVATION","TPWD","Matagorda Bay Bag Seine",NA,NA,"",NA,"CC0_1_0","","",NA,NA,2025-02-07 00:07:02.272,"","CONTINENT_DERIVED_FROM_COORDINATES"
3405339860,"ea09e0f4-36c4-4383-b04d-48da83a32c5c","Station_102_Date_30SEP2008:12:07:00.000_Callinectes_similis","Animalia","Arthropoda","Malacostraca","Decapoda","Portunidae","Callinectes","Callinectes similis",NA,"SPECIES","Callinectes similis Williams, 1966","Callinectes similis","A.B. Williams, 1966","US","Lavaca-Colorado Estuary","Texas","PRESENT",NA,"c3ad790a-d426-4ac1-8e32-da61f81f0117",28.666667,-96.0075,100,NA,NA,NA,0.2,0.1,"2008-09-30T12:07",30,9,2008,2225642,2225642,"HUMAN_OBSERVATION","TPWD","Matagorda Bay Bag Seine",NA,NA,"",NA,"CC0_1_0","","",NA,NA,2025-02-07 00:07:02.376,"","CONTINENT_DERIVED_FROM_COORDINATES"
3405339734,"ea09e0f4-36c4-4383-b04d-48da83a32c5c","Station_97_Date_23APR2007:16:10:00.000_Callinectes_similis","Animalia","Arthropoda","Malacostraca","Decapoda","Portunidae","Callinectes","Callinectes similis",NA,"SPECIES","Callinectes similis Williams, 1966","Callinectes similis","A.B. Williams, 1966","US","Lavaca-Colorado Estuary","Texas","PRESENT",NA,"c3ad790a-d426-4ac1-8e32-da61f81f0117",28.663889,-95.846667,100,NA,NA,NA,0.45,0.15,"2007-04-23T16:10",23,4,2007,2225642,2225642,"HUMAN_OBSERVATION","TPWD","Matagorda Bay Bag Seine",NA,NA,"",NA,"CC0_1_0","","",NA,NA,2025-02-07 00:07:02.336,"","CONTINENT_DERIVED_FROM_COORDINATES"
3405338801,"ea09e0f4-36c4-4383-b04d-48da83a32c5c","Station_106_Date_18NOV2008:11:21:00.000_Callinectes_similis","Animalia","Arthropoda","Malacostraca","Decapoda","Portunidae","Callinectes","Callinectes similis",NA,"SPECIES","Callinectes similis Williams, 1966","Callinectes similis","A.B. Williams, 1966","US","Lavaca-Colorado Estuary","Texas","PRESENT",NA,"c3ad790a-d426-4ac1-8e32-da61f81f0117",28.631389,-95.930833,100,NA,NA,NA,0.25,0.05,"2008-11-18T11:21",18,11,2008,2225642,2225642,"HUMAN_OBSERVATION","TPWD","Matagorda Bay Bag Seine",NA,NA,"",NA,"CC0_1_0","","",NA,NA,2025-02-07 00:07:02.999,"","CONTINENT_DERIVED_FROM_COORDINATES"
3405338475,"ea09e0f4-36c4-4383-b04d-48da83a32c5c","Station_93_Date_08AUG2006:09:45:00.000_Callinectes_similis","Animalia","Arthropoda","Malacostraca","Decapoda","Portunidae","Callinectes","Callinectes similis",NA,"SPECIES","Callinectes similis Williams, 1966","Callinectes similis","A.B. Williams, 1966","US","Lavaca-Colorado Estuary","Texas","PRESENT",NA,"c3ad790a-d426-4ac1-8e32-da61f81f0117",28.672778,-96.28,100,NA,NA,NA,0.2,0.2,"2006-08-08T09:45",8,8,2006,2225642,2225642,"HUMAN_OBSERVATION","TPWD","Matagorda Bay Bag Seine",NA,NA,"",NA,"CC0_1_0","","",NA,NA,2025-02-07 00:07:02.892,"","CONTINENT_DERIVED_FROM_COORDINATES"
3405337251,"ea09e0f4-36c4-4383-b04d-48da83a32c5c","Station_178_Date_21APR2008:16:28:00.000_Callinectes_similis","Animalia","Arthropoda","Malacostraca","Decapoda","Portunidae","Callinectes","Callinectes similis",NA,"SPECIES","Callinectes similis Williams, 1966","Callinectes similis","A.B. Williams, 1966","US","Lavaca-Colorado Estuary","Texas","PRESENT",NA,"c3ad790a-d426-4ac1-8e32-da61f81f0117",28.616667,-96.511944,100,NA,NA,NA,0.55,0.55,"2008-04-21T16:28",21,4,2008,2225642,2225642,"HUMAN_OBSERVATION","TPWD","Matagorda Bay Bag Seine",NA,NA,"",NA,"CC0_1_0","","",NA,NA,2025-02-07 00:07:03.01,"","CONTINENT_DERIVED_FROM_COORDINATES"
3405336913,"ea09e0f4-36c4-4383-b04d-48da83a32c5c","Station_120_Date_18OCT2006:12:33:00.000_Callinectes_similis","Animalia","Arthropoda","Malacostraca","Decapoda","Portunidae","Callinectes","Callinectes similis",NA,"SPECIES","Callinectes similis Williams, 1966","Callinectes similis","A.B. Williams, 1966","US","Lavaca-Colorado Estuary","Texas","PRESENT",NA,"c3ad790a-d426-4ac1-8e32-da61f81f0117",28.666111,-96.305833,100,NA,NA,NA,0.4,0.1,"2006-10-18T12:33",18,10,2006,2225642,2225642,"HUMAN_OBSERVATION","TPWD","Matagorda Bay Bag Seine",NA,NA,"",NA,"CC0_1_0","","",NA,NA,2025-02-07 00:07:02.896,"","CONTINENT_DERIVED_FROM_COORDINATES"
3405336398,"ea09e0f4-36c4-4383-b04d-48da83a32c5c","Station_89_Date_11AUG2008:13:44:00.000_Callinectes_similis","Animalia","Arthropoda","Malacostraca","Decapoda","Portunidae","Callinectes","Callinectes similis",NA,"SPECIES","Callinectes similis Williams, 1966","Callinectes similis","A.B. Williams, 1966","US","Lavaca-Colorado Estuary","Texas","PRESENT",NA,"c3ad790a-d426-4ac1-8e32-da61f81f0117",28.6825,-95.815,100,NA,NA,NA,0.2,0.1,"2008-08-11T13:44",11,8,2008,2225642,2225642,"HUMAN_OBSERVATION","TPWD","Matagorda Bay Bag Seine",NA,NA,"",NA,"CC0_1_0","","",NA,NA,2025-02-07 00:07:02.713,"","CONTINENT_DERIVED_FROM_COORDINATES"
3405335781,"ea09e0f4-36c4-4383-b04d-48da83a32c5c","Station_104_Date_20MAY2008:11:27:00.000_Callinectes_similis","Animalia","Arthropoda","Malacostraca","Decapoda","Portunidae","Callinectes","Callinectes similis",NA,"SPECIES","Callinectes similis Williams, 1966","Callinectes similis","A.B. Williams, 1966","US","Lavaca-Colorado Estuary","Texas","PRESENT",NA,"c3ad790a-d426-4ac1-8e32-da61f81f0117",28.628056,-95.95,100,NA,NA,NA,0.2,0.2,"2008-05-20T11:27",20,5,2008,2225642,2225642,"HUMAN_OBSERVATION","TPWD","Matagorda Bay Bag Seine",NA,NA,"",NA,"CC0_1_0","","",NA,NA,2025-02-07 00:07:02.901,"","CONTINENT_DERIVED_FROM_COORDINATES"
3405333892,"ea09e0f4-36c4-4383-b04d-48da83a32c5c","Station_112_Date_22FEB2005:11:36:00.000_Callinectes_similis","Animalia","Arthropoda","Malacostraca","Decapoda","Portunidae","Callinectes","Callinectes similis",NA,"SPECIES","Callinectes similis Williams, 1966","Callinectes similis","A.B. Williams, 1966","US","Lavaca-Colorado Estuary","Texas","PRESENT",NA,"c3ad790a-d426-4ac1-8e32-da61f81f0117",28.652222,-96.510278,100,NA,NA,NA,0.3,0.1,"2005-02-22T11:36",22,2,2005,2225642,2225642,"HUMAN_OBSERVATION","TPWD","Matagorda Bay Bag Seine",NA,NA,"",NA,"CC0_1_0","","",NA,NA,2025-02-07 00:07:02.404,"","CONTINENT_DERIVED_FROM_COORDINATES"
3405332171,"ea09e0f4-36c4-4383-b04d-48da83a32c5c","Station_68_Date_02JUN2008:17:28:00.000_Callinectes_similis","Animalia","Arthropoda","Malacostraca","Decapoda","Portunidae","Callinectes","Callinectes similis",NA,"SPECIES","Callinectes similis Williams, 1966","Callinectes similis","A.B. Williams, 1966","US","Lavaca-Colorado Estuary","Texas","PRESENT",NA,"c3ad790a-d426-4ac1-8e32-da61f81f0117",28.699722,-95.935278,100,NA,NA,NA,0.2,0.2,"2008-06-02T17:28",2,6,2008,2225642,2225642,"HUMAN_OBSERVATION","TPWD","Matagorda Bay Bag Seine",NA,NA,"",NA,"CC0_1_0","","",NA,NA,2025-02-07 00:07:02.647,"","CONTINENT_DERIVED_FROM_COORDINATES"
3405331319,"ea09e0f4-36c4-4383-b04d-48da83a32c5c","Station_43_Date_26MAR2007:13:21:00.000_Callinectes_similis","Animalia","Arthropoda","Malacostraca","Decapoda","Portunidae","Callinectes","Callinectes similis",NA,"SPECIES","Callinectes similis Williams, 1966","Callinectes similis","A.B. Williams, 1966","US","Lavaca-Colorado Estuary","Texas","PRESENT",NA,"c3ad790a-d426-4ac1-8e32-da61f81f0117",28.718889,-95.879167,100,NA,NA,NA,0.15,0.15,"2007-03-26T13:21",26,3,2007,2225642,2225642,"HUMAN_OBSERVATION","TPWD","Matagorda Bay Bag Seine",NA,NA,"",NA,"CC0_1_0","","",NA,NA,2025-02-07 00:07:02.356,"","CONTINENT_DERIVED_FROM_COORDINATES"
3405331195,"ea09e0f4-36c4-4383-b04d-48da83a32c5c","Station_68_Date_11APR2005:14:57:00.000_Callinectes_similis","Animalia","Arthropoda","Malacostraca","Decapoda","Portunidae","Callinectes","Callinectes similis",NA,"SPECIES","Callinectes similis Williams, 1966","Callinectes similis","A.B. Williams, 1966","US","Lavaca-Colorado Estuary","Texas","PRESENT",NA,"c3ad790a-d426-4ac1-8e32-da61f81f0117",28.694722,-95.945556,100,NA,NA,NA,0.2,0.2,"2005-04-11T14:57",11,4,2005,2225642,2225642,"HUMAN_OBSERVATION","TPWD","Matagorda Bay Bag Seine",NA,NA,"",NA,"CC0_1_0","","",NA,NA,2025-02-07 00:07:02.017,"","CONTINENT_DERIVED_FROM_COORDINATES"
3405329908,"ea09e0f4-36c4-4383-b04d-48da83a32c5c","Station_56_Date_26MAR2007:10:15:00.000_Callinectes_similis","Animalia","Arthropoda","Malacostraca","Decapoda","Portunidae","Callinectes","Callinectes similis",NA,"SPECIES","Callinectes similis Williams, 1966","Callinectes similis","A.B. Williams, 1966","US","Lavaca-Colorado Estuary","Texas","PRESENT",NA,"c3ad790a-d426-4ac1-8e32-da61f81f0117",28.702778,-95.928333,100,NA,NA,NA,0.15,0.15,"2007-03-26T10:15",26,3,2007,2225642,2225642,"HUMAN_OBSERVATION","TPWD","Matagorda Bay Bag Seine",NA,NA,"",NA,"CC0_1_0","","",NA,NA,2025-02-07 00:07:02.092,"","CONTINENT_DERIVED_FROM_COORDINATES"
3405329345,"ea09e0f4-36c4-4383-b04d-48da83a32c5c","Station_44_Date_11AUG2008:11:20:00.000_Callinectes_similis","Animalia","Arthropoda","Malacostraca","Decapoda","Portunidae","Callinectes","Callinectes similis",NA,"SPECIES","Callinectes similis Williams, 1966","Callinectes similis","A.B. Williams, 1966","US","Lavaca-Colorado Estuary","Texas","PRESENT",NA,"c3ad790a-d426-4ac1-8e32-da61f81f0117",28.724444,-95.8625,100,NA,NA,NA,0.15,0.15,"2008-08-11T11:20",11,8,2008,2225642,2225642,"HUMAN_OBSERVATION","TPWD","Matagorda Bay Bag Seine",NA,NA,"",NA,"CC0_1_0","","",NA,NA,2025-02-07 00:07:01.912,"","CONTINENT_DERIVED_FROM_COORDINATES"
3405327930,"ea09e0f4-36c4-4383-b04d-48da83a32c5c","Station_67_Date_08NOV2006:13:45:00.000_Callinectes_similis","Animalia","Arthropoda","Malacostraca","Decapoda","Portunidae","Callinectes","Callinectes similis",NA,"SPECIES","Callinectes similis Williams, 1966","Callinectes similis","A.B. Williams, 1966","US","Lavaca-Colorado Estuary","Texas","PRESENT",NA,"c3ad790a-d426-4ac1-8e32-da61f81f0117",28.711944,-95.741944,100,NA,NA,NA,0.5,0.1,"2006-11-08T13:45",8,11,2006,2225642,2225642,"HUMAN_OBSERVATION","TPWD","Matagorda Bay Bag Seine",NA,NA,"",NA,"CC0_1_0","","",NA,NA,2025-02-07 00:07:02.573,"","CONTINENT_DERIVED_FROM_COORDINATES"
3405327791,"ea09e0f4-36c4-4383-b04d-48da83a32c5c","Station_58_Date_11AUG2008:11:01:00.000_Callinectes_similis","Animalia","Arthropoda","Malacostraca","Decapoda","Portunidae","Callinectes","Callinectes similis",NA,"SPECIES","Callinectes similis Williams, 1966","Callinectes similis","A.B. Williams, 1966","US","Lavaca-Colorado Estuary","Texas","PRESENT",NA,"c3ad790a-d426-4ac1-8e32-da61f81f0117",28.713056,-95.898611,100,NA,NA,NA,0.15,0.15,"2008-08-11T11:01",11,8,2008,2225642,2225642,"HUMAN_OBSERVATION","TPWD","Matagorda Bay Bag Seine",NA,NA,"",NA,"CC0_1_0","","",NA,NA,2025-02-07 00:07:02.528,"","CONTINENT_DERIVED_FROM_COORDINATES"
3405327708,"ea09e0f4-36c4-4383-b04d-48da83a32c5c","Station_55_Date_19MAY2008:15:48:00.000_Callinectes_similis","Animalia","Arthropoda","Malacostraca","Decapoda","Portunidae","Callinectes","Callinectes similis",NA,"SPECIES","Callinectes similis Williams, 1966","Callinectes similis","A.B. Williams, 1966","US","Lavaca-Colorado Estuary","Texas","PRESENT",NA,"c3ad790a-d426-4ac1-8e32-da61f81f0117",28.7,-95.935278,100,NA,NA,NA,0.2,0.2,"2008-05-19T15:48",19,5,2008,2225642,2225642,"HUMAN_OBSERVATION","TPWD","Matagorda Bay Bag Seine",NA,NA,"",NA,"CC0_1_0","","",NA,NA,2025-02-07 00:07:02.495,"","CONTINENT_DERIVED_FROM_COORDINATES"
3405326852,"ea09e0f4-36c4-4383-b04d-48da83a32c5c","Station_58_Date_17APR2006:14:28:00.000_Callinectes_similis","Animalia","Arthropoda","Malacostraca","Decapoda","Portunidae","Callinectes","Callinectes similis",NA,"SPECIES","Callinectes similis Williams, 1966","Callinectes similis","A.B. Williams, 1966","US","Lavaca-Colorado Estuary","Texas","PRESENT",NA,"c3ad790a-d426-4ac1-8e32-da61f81f0117",28.714722,-95.893333,100,NA,NA,NA,0.1,0.1,"2006-04-17T14:28",17,4,2006,2225642,2225642,"HUMAN_OBSERVATION","TPWD","Matagorda Bay Bag Seine",NA,NA,"",NA,"CC0_1_0","","",NA,NA,2025-02-07 00:07:02.686,"","CONTINENT_DERIVED_FROM_COORDINATES"
3405322077,"ea09e0f4-36c4-4383-b04d-48da83a32c5c","Station_39_Date_25AUG2008:13:43:00.000_Callinectes_similis","Animalia","Arthropoda","Malacostraca","Decapoda","Portunidae","Callinectes","Callinectes similis",NA,"SPECIES","Callinectes similis Williams, 1966","Callinectes similis","A.B. Williams, 1966","US","Lavaca-Colorado Estuary","Texas","PRESENT",NA,"c3ad790a-d426-4ac1-8e32-da61f81f0117",28.739722,-95.682222,100,NA,NA,NA,0.1,0.1,"2008-08-25T13:43",25,8,2008,2225642,2225642,"HUMAN_OBSERVATION","TPWD","Matagorda Bay Bag Seine",NA,NA,"",NA,"CC0_1_0","","",NA,NA,2025-02-07 00:07:02.279,"","CONTINENT_DERIVED_FROM_COORDINATES"
3405321869,"ea09e0f4-36c4-4383-b04d-48da83a32c5c","Station_35_Date_25AUG2008:12:28:00.000_Callinectes_similis","Animalia","Arthropoda","Malacostraca","Decapoda","Portunidae","Callinectes","Callinectes similis",NA,"SPECIES","Callinectes similis Williams, 1966","Callinectes similis","A.B. Williams, 1966","US","Lavaca-Colorado Estuary","Texas","PRESENT",NA,"c3ad790a-d426-4ac1-8e32-da61f81f0117",28.746944,-95.7475,100,NA,NA,NA,0.2,0.2,"2008-08-25T12:28",25,8,2008,2225642,2225642,"HUMAN_OBSERVATION","TPWD","Matagorda Bay Bag Seine",NA,NA,"",NA,"CC0_1_0","","",NA,NA,2025-02-07 00:07:02.211,"","CONTINENT_DERIVED_FROM_COORDINATES"
3405321592,"ea09e0f4-36c4-4383-b04d-48da83a32c5c","Station_31_Date_13SEP2006:14:17:00.000_Callinectes_similis","Animalia","Arthropoda","Malacostraca","Decapoda","Portunidae","Callinectes","Callinectes similis",NA,"SPECIES","Callinectes similis Williams, 1966","Callinectes similis","A.B. Williams, 1966","US","Lavaca-Colorado Estuary","Texas","PRESENT",NA,"c3ad790a-d426-4ac1-8e32-da61f81f0117",28.738889,-95.815556,100,NA,NA,NA,0.2,0.2,"2006-09-13T14:17",13,9,2006,2225642,2225642,"HUMAN_OBSERVATION","TPWD","Matagorda Bay Bag Seine",NA,NA,"",NA,"CC0_1_0","","",NA,NA,2025-02-07 00:07:02.117,"","CONTINENT_DERIVED_FROM_COORDINATES"
3405320158,"ea09e0f4-36c4-4383-b04d-48da83a32c5c","Station_42_Date_04JAN2005:14:24:00.000_Callinectes_similis","Animalia","Arthropoda","Malacostraca","Decapoda","Portunidae","Callinectes","Callinectes similis",NA,"SPECIES","Callinectes similis Williams, 1966","Callinectes similis","A.B. Williams, 1966","US","Lavaca-Colorado Estuary","Texas","PRESENT",NA,"c3ad790a-d426-4ac1-8e32-da61f81f0117",28.7175,-95.888056,100,NA,NA,NA,0.2,0.2,"2005-01-04T14:24",4,1,2005,2225642,2225642,"HUMAN_OBSERVATION","TPWD","Matagorda Bay Bag Seine",NA,NA,"",NA,"CC0_1_0","","",NA,NA,2025-02-07 00:07:01.865,"","CONTINENT_DERIVED_FROM_COORDINATES"
3405320043,"ea09e0f4-36c4-4383-b04d-48da83a32c5c","Station_39_Date_07NOV2005:13:28:00.000_Callinectes_similis","Animalia","Arthropoda","Malacostraca","Decapoda","Portunidae","Callinectes","Callinectes similis",NA,"SPECIES","Callinectes similis Williams, 1966","Callinectes similis","A.B. Williams, 1966","US","Lavaca-Colorado Estuary","Texas","PRESENT",NA,"c3ad790a-d426-4ac1-8e32-da61f81f0117",28.740278,-95.678889,100,NA,NA,NA,0.3,0.1,"2005-11-07T13:28",7,11,2005,2225642,2225642,"HUMAN_OBSERVATION","TPWD","Matagorda Bay Bag Seine",NA,NA,"",NA,"CC0_1_0","","",NA,NA,2025-02-07 00:07:01.823,"","CONTINENT_DERIVED_FROM_COORDINATES"
3405320024,"ea09e0f4-36c4-4383-b04d-48da83a32c5c","Station_38_Date_18APR2005:16:24:00.000_Callinectes_similis","Animalia","Arthropoda","Malacostraca","Decapoda","Portunidae","Callinectes","Callinectes similis",NA,"SPECIES","Callinectes similis Williams, 1966","Callinectes similis","A.B. Williams, 1966","US","Lavaca-Colorado Estuary","Texas","PRESENT",NA,"c3ad790a-d426-4ac1-8e32-da61f81f0117",28.749722,-95.694444,100,NA,NA,NA,0.2,0.2,"2005-04-18T16:24",18,4,2005,2225642,2225642,"HUMAN_OBSERVATION","TPWD","Matagorda Bay Bag Seine",NA,NA,"",NA,"CC0_1_0","","",NA,NA,2025-02-07 00:07:01.817,"","CONTINENT_DERIVED_FROM_COORDINATES"
3405317583,"ea09e0f4-36c4-4383-b04d-48da83a32c5c","Station_32_Date_03MAY2005:16:15:00.000_Callinectes_similis","Animalia","Arthropoda","Malacostraca","Decapoda","Portunidae","Callinectes","Callinectes similis",NA,"SPECIES","Callinectes similis Williams, 1966","Callinectes similis","A.B. Williams, 1966","US","Lavaca-Colorado Estuary","Texas","PRESENT",NA,"c3ad790a-d426-4ac1-8e32-da61f81f0117",28.748889,-95.783611,100,NA,NA,NA,0.2,0.2,"2005-05-03T16:15",3,5,2005,2225642,2225642,"HUMAN_OBSERVATION","TPWD","Matagorda Bay Bag Seine",NA,NA,"",NA,"CC0_1_0","","",NA,NA,2025-02-07 00:07:02.244,"","CONTINENT_DERIVED_FROM_COORDINATES"
3405314999,"ea09e0f4-36c4-4383-b04d-48da83a32c5c","Station_38_Date_25AUG2008:13:21:00.000_Callinectes_similis","Animalia","Arthropoda","Malacostraca","Decapoda","Portunidae","Callinectes","Callinectes similis",NA,"SPECIES","Callinectes similis Williams, 1966","Callinectes similis","A.B. Williams, 1966","US","Lavaca-Colorado Estuary","Texas","PRESENT",NA,"c3ad790a-d426-4ac1-8e32-da61f81f0117",28.748056,-95.699167,100,NA,NA,NA,0.15,0.15,"2008-08-25T13:21",25,8,2008,2225642,2225642,"HUMAN_OBSERVATION","TPWD","Matagorda Bay Bag Seine",NA,NA,"",NA,"CC0_1_0","","",NA,NA,2025-02-07 00:07:02.273,"","CONTINENT_DERIVED_FROM_COORDINATES"
3405314603,"ea09e0f4-36c4-4383-b04d-48da83a32c5c","Station_32_Date_13NOV2005:14:28:00.000_Callinectes_similis","Animalia","Arthropoda","Malacostraca","Decapoda","Portunidae","Callinectes","Callinectes similis",NA,"SPECIES","Callinectes similis Williams, 1966","Callinectes similis","A.B. Williams, 1966","US","Lavaca-Colorado Estuary","Texas","PRESENT",NA,"c3ad790a-d426-4ac1-8e32-da61f81f0117",28.748056,-95.788611,100,NA,NA,NA,0.15,0.15,"2005-11-13T14:28",13,11,2005,2225642,2225642,"HUMAN_OBSERVATION","TPWD","Matagorda Bay Bag Seine",NA,NA,"",NA,"CC0_1_0","","",NA,NA,2025-02-07 00:07:02.14,"","CONTINENT_DERIVED_FROM_COORDINATES"
3405314283,"ea09e0f4-36c4-4383-b04d-48da83a32c5c","Station_43_Date_04SEP2008:10:57:00.000_Callinectes_similis","Animalia","Arthropoda","Malacostraca","Decapoda","Portunidae","Callinectes","Callinectes similis",NA,"SPECIES","Callinectes similis Williams, 1966","Callinectes similis","A.B. Williams, 1966","US","Lavaca-Colorado Estuary","Texas","PRESENT",NA,"c3ad790a-d426-4ac1-8e32-da61f81f0117",28.718056,-95.880556,100,NA,NA,NA,0.15,0.15,"2008-09-04T10:57",4,9,2008,2225642,2225642,"HUMAN_OBSERVATION","TPWD","Matagorda Bay Bag Seine",NA,NA,"",NA,"CC0_1_0","","",NA,NA,2025-02-07 00:07:01.894,"","CONTINENT_DERIVED_FROM_COORDINATES"
3405313638,"ea09e0f4-36c4-4383-b04d-48da83a32c5c","Station_32_Date_05JUN2006:16:24:00.000_Callinectes_similis","Animalia","Arthropoda","Malacostraca","Decapoda","Portunidae","Callinectes","Callinectes similis",NA,"SPECIES","Callinectes similis Williams, 1966","Callinectes similis","A.B. Williams, 1966","US","Lavaca-Colorado Estuary","Texas","PRESENT",NA,"c3ad790a-d426-4ac1-8e32-da61f81f0117",28.747222,-95.784722,100,NA,NA,NA,0.3,0.1,"2006-06-05T16:24",5,6,2006,2225642,2225642,"HUMAN_OBSERVATION","TPWD","Matagorda Bay Bag Seine",NA,NA,"",NA,"CC0_1_0","","",NA,NA,2025-02-07 00:07:01.695,"","CONTINENT_DERIVED_FROM_COORDINATES"
3405313239,"ea09e0f4-36c4-4383-b04d-48da83a32c5c","Station_25_Date_10SEP2007:17:38:00.000_Callinectes_similis","Animalia","Arthropoda","Malacostraca","Decapoda","Portunidae","Callinectes","Callinectes similis",NA,"SPECIES","Callinectes similis Williams, 1966","Callinectes similis","A.B. Williams, 1966","US","Lavaca-Colorado Estuary","Texas","PRESENT",NA,"c3ad790a-d426-4ac1-8e32-da61f81f0117",28.763333,-95.663889,100,NA,NA,NA,0.2,0.2,"2007-09-10T17:38",10,9,2007,2225642,2225642,"HUMAN_OBSERVATION","TPWD","Matagorda Bay Bag Seine",NA,NA,"",NA,"CC0_1_0","","",NA,NA,2025-02-07 00:07:02.121,"","CONTINENT_DERIVED_FROM_COORDINATES"
3405307991,"ea09e0f4-36c4-4383-b04d-48da83a32c5c","Station_23_Date_24MAR2008:13:43:00.000_Callinectes_similis","Animalia","Arthropoda","Malacostraca","Decapoda","Portunidae","Callinectes","Callinectes similis",NA,"SPECIES","Callinectes similis Williams, 1966","Callinectes similis","A.B. Williams, 1966","US","Lavaca-Colorado Estuary","Texas","PRESENT",NA,"c3ad790a-d426-4ac1-8e32-da61f81f0117",28.753056,-95.687778,100,NA,NA,NA,0.2,0.2,"2008-03-24T13:43",24,3,2008,2225642,2225642,"HUMAN_OBSERVATION","TPWD","Matagorda Bay Bag Seine",NA,NA,"",NA,"CC0_1_0","","",NA,NA,2025-02-07 00:07:01.877,"","CONTINENT_DERIVED_FROM_COORDINATES"
3405306930,"ea09e0f4-36c4-4383-b04d-48da83a32c5c","Station_23_Date_17MAY2006:10:19:00.000_Callinectes_similis","Animalia","Arthropoda","Malacostraca","Decapoda","Portunidae","Callinectes","Callinectes similis",NA,"SPECIES","Callinectes similis Williams, 1966","Callinectes similis","A.B. Williams, 1966","US","Lavaca-Colorado Estuary","Texas","PRESENT",NA,"c3ad790a-d426-4ac1-8e32-da61f81f0117",28.736667,-96.398333,100,NA,NA,NA,0.2,0.2,"2006-05-17T10:19",17,5,2006,2225642,2225642,"HUMAN_OBSERVATION","TPWD","Matagorda Bay Bag Seine",NA,NA,"",NA,"CC0_1_0","","",NA,NA,2025-02-07 00:07:01.873,"","CONTINENT_DERIVED_FROM_COORDINATES"
3405306023,"ea09e0f4-36c4-4383-b04d-48da83a32c5c","Station_9_Date_24NOV2008:14:35:00.000_Callinectes_similis","Animalia","Arthropoda","Malacostraca","Decapoda","Portunidae","Callinectes","Callinectes similis",NA,"SPECIES","Callinectes similis Williams, 1966","Callinectes similis","A.B. Williams, 1966","US","Lavaca-Colorado Estuary","Texas","PRESENT",NA,"c3ad790a-d426-4ac1-8e32-da61f81f0117",28.775833,-96.563333,100,NA,NA,NA,0.2,0.2,"2008-11-24T14:35",24,11,2008,2225642,2225642,"HUMAN_OBSERVATION","TPWD","Matagorda Bay Bag Seine",NA,NA,"",NA,"CC0_1_0","","",NA,NA,2025-02-07 00:07:01.224,"","CONTINENT_DERIVED_FROM_COORDINATES"
3405304159,"ea09e0f4-36c4-4383-b04d-48da83a32c5c","Station_24_Date_05SEP2005:13:44:00.000_Callinectes_similis","Animalia","Arthropoda","Malacostraca","Decapoda","Portunidae","Callinectes","Callinectes similis",NA,"SPECIES","Callinectes similis Williams, 1966","Callinectes similis","A.B. Williams, 1966","US","Lavaca-Colorado Estuary","Texas","PRESENT",NA,"c3ad790a-d426-4ac1-8e32-da61f81f0117",28.755833,-95.681667,100,NA,NA,NA,0.2,0.2,"2005-09-05T13:44",5,9,2005,2225642,2225642,"HUMAN_OBSERVATION","TPWD","Matagorda Bay Bag Seine",NA,NA,"",NA,"CC0_1_0","","",NA,NA,2025-02-07 00:07:01.548,"","CONTINENT_DERIVED_FROM_COORDINATES"
3405124448,"ea09e0f4-36c4-4383-b04d-48da83a32c5c","Station_477_Date_28AUG2006:14:51:00.000_Callinectes_similis","Animalia","Arthropoda","Malacostraca","Decapoda","Portunidae","Callinectes","Callinectes similis",NA,"SPECIES","Callinectes similis Williams, 1966","Callinectes similis","A.B. Williams, 1966","US","Lavaca-Colorado Estuary","Texas","PRESENT",NA,"c3ad790a-d426-4ac1-8e32-da61f81f0117",28.465278,-96.29,100,NA,NA,NA,0.05,0.05,"2006-08-28T14:51",28,8,2006,2225642,2225642,"HUMAN_OBSERVATION","TPWD","Matagorda Bay Bag Seine",NA,NA,"",NA,"CC0_1_0","","",NA,NA,2025-02-07 00:07:03.709,"","CONTINENT_DERIVED_FROM_COORDINATES"
3405123363,"ea09e0f4-36c4-4383-b04d-48da83a32c5c","Station_502_Date_29OCT2007:15:47:00.000_Callinectes_similis","Animalia","Arthropoda","Malacostraca","Decapoda","Portunidae","Callinectes","Callinectes similis",NA,"SPECIES","Callinectes similis Williams, 1966","Callinectes similis","A.B. Williams, 1966","US","Lavaca-Colorado Estuary","Texas","PRESENT",NA,"c3ad790a-d426-4ac1-8e32-da61f81f0117",28.7675,-96.446389,100,NA,NA,NA,0.15,0.15,"2007-10-29T15:47",29,10,2007,2225642,2225642,"HUMAN_OBSERVATION","TPWD","Matagorda Bay Bag Seine",NA,NA,"",NA,"CC0_1_0","","",NA,NA,2025-02-07 00:07:03.858,"","CONTINENT_DERIVED_FROM_COORDINATES"
3405122389,"ea09e0f4-36c4-4383-b04d-48da83a32c5c","Station_497_Date_29SEP2008:16:03:00.000_Callinectes_similis","Animalia","Arthropoda","Malacostraca","Decapoda","Portunidae","Callinectes","Callinectes similis",NA,"SPECIES","Callinectes similis Williams, 1966","Callinectes similis","A.B. Williams, 1966","US","Lavaca-Colorado Estuary","Texas","PRESENT",NA,"c3ad790a-d426-4ac1-8e32-da61f81f0117",28.3975,-96.381944,100,NA,NA,NA,0.15,0.15,"2008-09-29T16:03",29,9,2008,2225642,2225642,"HUMAN_OBSERVATION","TPWD","Matagorda Bay Bag Seine",NA,NA,"",NA,"CC0_1_0","","",NA,NA,2025-02-07 00:07:03.835,"","CONTINENT_DERIVED_FROM_COORDINATES"
3405122349,"ea09e0f4-36c4-4383-b04d-48da83a32c5c","Station_491_Date_27NOV2006:13:36:00.000_Callinectes_similis","Animalia","Arthropoda","Malacostraca","Decapoda","Portunidae","Callinectes","Callinectes similis",NA,"SPECIES","Callinectes similis Williams, 1966","Callinectes similis","A.B. Williams, 1966","US","Lavaca-Colorado Estuary","Texas","PRESENT",NA,"c3ad790a-d426-4ac1-8e32-da61f81f0117",28.401944,-96.407222,100,NA,NA,NA,0.15,0.05,"2006-11-27T13:36",27,11,2006,2225642,2225642,"HUMAN_OBSERVATION","TPWD","Matagorda Bay Bag Seine",NA,NA,"",NA,"CC0_1_0","","",NA,NA,2025-02-07 00:07:03.821,"","CONTINENT_DERIVED_FROM_COORDINATES"
3405121613,"ea09e0f4-36c4-4383-b04d-48da83a32c5c","Station_500_Date_07JUL2005:10:04:00.000_Callinectes_similis","Animalia","Arthropoda","Malacostraca","Decapoda","Portunidae","Callinectes","Callinectes similis",NA,"SPECIES","Callinectes similis Williams, 1966","Callinectes similis","A.B. Williams, 1966","US","Lavaca-Colorado Estuary","Texas","PRESENT",NA,"c3ad790a-d426-4ac1-8e32-da61f81f0117",28.362222,-96.400278,100,NA,NA,NA,0.1,0.1,"2005-07-07T10:04",7,7,2005,2225642,2225642,"HUMAN_OBSERVATION","TPWD","Matagorda Bay Bag Seine",NA,NA,"",NA,"CC0_1_0","","",NA,NA,2025-02-07 00:07:03.147,"","CONTINENT_DERIVED_FROM_COORDINATES"
3405120710,"ea09e0f4-36c4-4383-b04d-48da83a32c5c","Station_517_Date_08APR2008:11:01:00.000_Callinectes_similis","Animalia","Arthropoda","Malacostraca","Decapoda","Portunidae","Callinectes","Callinectes similis",NA,"SPECIES","Callinectes similis Williams, 1966","Callinectes similis","A.B. Williams, 1966","US","Lavaca-Colorado Estuary","Texas","PRESENT",NA,"c3ad790a-d426-4ac1-8e32-da61f81f0117",28.489722,-96.551667,100,NA,NA,NA,0.45,0.05,"2008-04-08T11:01",8,4,2008,2225642,2225642,"HUMAN_OBSERVATION","TPWD","Matagorda Bay Bag Seine",NA,NA,"",NA,"CC0_1_0","","",NA,NA,2025-02-07 00:07:03.746,"","CONTINENT_DERIVED_FROM_COORDINATES"
3405114453,"ea09e0f4-36c4-4383-b04d-48da83a32c5c","Station_297_Date_29JUN2007:12:07:00.000_Callinectes_similis","Animalia","Arthropoda","Malacostraca","Decapoda","Portunidae","Callinectes","Callinectes similis",NA,"SPECIES","Callinectes similis Williams, 1966","Callinectes similis","A.B. Williams, 1966","US","Lavaca-Colorado Estuary","Texas","PRESENT",NA,"c3ad790a-d426-4ac1-8e32-da61f81f0117",28.568333,-96.5575,100,NA,NA,NA,0.45,0.25,"2007-06-29T12:07",29,6,2007,2225642,2225642,"HUMAN_OBSERVATION","TPWD","Matagorda Bay Bag Seine",NA,NA,"",NA,"CC0_1_0","","",NA,NA,2025-02-07 00:07:03.309,"","CONTINENT_DERIVED_FROM_COORDINATES"
3405114192,"ea09e0f4-36c4-4383-b04d-48da83a32c5c","Station_449_Date_16JUN2008:18:00:00.000_Callinectes_similis","Animalia","Arthropoda","Malacostraca","Decapoda","Portunidae","Callinectes","Callinectes similis",NA,"SPECIES","Callinectes similis Williams, 1966","Callinectes similis","A.B. Williams, 1966","US","Lavaca-Colorado Estuary","Texas","PRESENT",NA,"c3ad790a-d426-4ac1-8e32-da61f81f0117",28.485556,-96.251944,100,NA,NA,NA,0.1,0.1,"2008-06-16T18:00",16,6,2008,2225642,2225642,"HUMAN_OBSERVATION","TPWD","Matagorda Bay Bag Seine",NA,NA,"",NA,"CC0_1_0","","",NA,NA,2025-02-07 00:07:03.592,"","CONTINENT_DERIVED_FROM_COORDINATES"
3405111458,"ea09e0f4-36c4-4383-b04d-48da83a32c5c","Station_358_Date_03MAY2005:16:49:00.000_Callinectes_similis","Animalia","Arthropoda","Malacostraca","Decapoda","Portunidae","Callinectes","Callinectes similis",NA,"SPECIES","Callinectes similis Williams, 1966","Callinectes similis","A.B. Williams, 1966","US","Lavaca-Colorado Estuary","Texas","PRESENT",NA,"c3ad790a-d426-4ac1-8e32-da61f81f0117",28.564722,-96.095278,100,NA,NA,NA,0.25,0.25,"2005-05-03T16:49",3,5,2005,2225642,2225642,"HUMAN_OBSERVATION","TPWD","Matagorda Bay Bag Seine",NA,NA,"",NA,"CC0_1_0","","",NA,NA,2025-02-07 00:07:02.658,"","CONTINENT_DERIVED_FROM_COORDINATES"
3405110348,"ea09e0f4-36c4-4383-b04d-48da83a32c5c","Station_278_Date_28APR2008:16:02:00.000_Callinectes_similis","Animalia","Arthropoda","Malacostraca","Decapoda","Portunidae","Callinectes","Callinectes similis",NA,"SPECIES","Callinectes similis Williams, 1966","Callinectes similis","A.B. Williams, 1966","US","Lavaca-Colorado Estuary","Texas","PRESENT",NA,"c3ad790a-d426-4ac1-8e32-da61f81f0117",28.595278,-96.179167,100,NA,NA,NA,0.3,0.3,"2008-04-28T16:02",28,4,2008,2225642,2225642,"HUMAN_OBSERVATION","TPWD","Matagorda Bay Bag Seine",NA,NA,"",NA,"CC0_1_0","","",NA,NA,2025-02-07 00:07:02.769,"","CONTINENT_DERIVED_FROM_COORDINATES"
3405106812,"ea09e0f4-36c4-4383-b04d-48da83a32c5c","Station_252_Date_22APR2008:10:15:00.000_Callinectes_similis","Animalia","Arthropoda","Malacostraca","Decapoda","Portunidae","Callinectes","Callinectes similis",NA,"SPECIES","Callinectes similis Williams, 1966","Callinectes similis","A.B. Williams, 1966","US","Lavaca-Colorado Estuary","Texas","PRESENT",NA,"c3ad790a-d426-4ac1-8e32-da61f81f0117",28.593056,-96.611944,100,NA,NA,NA,0.25,0.25,"2008-04-22T10:15",22,4,2008,2225642,2225642,"HUMAN_OBSERVATION","TPWD","Matagorda Bay Bag Seine",NA,NA,"",NA,"CC0_1_0","","",NA,NA,2025-02-07 00:07:02.499,"","CONTINENT_DERIVED_FROM_COORDINATES"
3405106631,"ea09e0f4-36c4-4383-b04d-48da83a32c5c","Station_234_Date_03MAY2005:14:59:00.000_Callinectes_similis","Animalia","Arthropoda","Malacostraca","Decapoda","Portunidae","Callinectes","Callinectes similis",NA,"SPECIES","Callinectes similis Williams, 1966","Callinectes similis","A.B. Williams, 1966","US","Lavaca-Colorado Estuary","Texas","PRESENT",NA,"c3ad790a-d426-4ac1-8e32-da61f81f0117",28.600278,-96.235278,100,NA,NA,NA,0.4,0.4,"2005-05-03T14:59",3,5,2005,2225642,2225642,"HUMAN_OBSERVATION","TPWD","Matagorda Bay Bag Seine",NA,NA,"",NA,"CC0_1_0","","",NA,NA,2025-02-07 00:07:02.458,"","CONTINENT_DERIVED_FROM_COORDINATES"
3405106575,"ea09e0f4-36c4-4383-b04d-48da83a32c5c","Station_223_Date_16MAY2006:16:43:00.000_Callinectes_similis","Animalia","Arthropoda","Malacostraca","Decapoda","Portunidae","Callinectes","Callinectes similis",NA,"SPECIES","Callinectes similis Williams, 1966","Callinectes similis","A.B. Williams, 1966","US","Lavaca-Colorado Estuary","Texas","PRESENT",NA,"c3ad790a-d426-4ac1-8e32-da61f81f0117",28.601389,-96.417778,100,NA,NA,NA,0.2,0.2,"2006-05-16T16:43",16,5,2006,2225642,2225642,"HUMAN_OBSERVATION","TPWD","Matagorda Bay Bag Seine",NA,NA,"",NA,"CC0_1_0","","",NA,NA,2025-02-07 00:07:02.445,"","CONTINENT_DERIVED_FROM_COORDINATES"
3405106240,"ea09e0f4-36c4-4383-b04d-48da83a32c5c","Station_317_Date_14APR2008:14:21:00.000_Callinectes_similis","Animalia","Arthropoda","Malacostraca","Decapoda","Portunidae","Callinectes","Callinectes similis",NA,"SPECIES","Callinectes similis Williams, 1966","Callinectes similis","A.B. Williams, 1966","US","Lavaca-Colorado Estuary","Texas","PRESENT",NA,"c3ad790a-d426-4ac1-8e32-da61f81f0117",28.579444,-96.225278,100,NA,NA,NA,0.2,0.2,"2008-04-14T14:21",14,4,2008,2225642,2225642,"HUMAN_OBSERVATION","TPWD","Matagorda Bay Bag Seine",NA,NA,"",NA,"CC0_1_0","","",NA,NA,2025-02-07 00:07:03.461,"","CONTINENT_DERIVED_FROM_COORDINATES"
3405105753,"ea09e0f4-36c4-4383-b04d-48da83a32c5c","Station_239_Date_13MAY2008:10:18:00.000_Callinectes_similis","Animalia","Arthropoda","Malacostraca","Decapoda","Portunidae","Callinectes","Callinectes similis",NA,"SPECIES","Callinectes similis Williams, 1966","Callinectes similis","A.B. Williams, 1966","US","Lavaca-Colorado Estuary","Texas","PRESENT",NA,"c3ad790a-d426-4ac1-8e32-da61f81f0117",28.612778,-96.154722,100,NA,NA,NA,0.25,0.25,"2008-05-13T10:18",13,5,2008,2225642,2225642,"HUMAN_OBSERVATION","TPWD","Matagorda Bay Bag Seine",NA,NA,"",NA,"CC0_1_0","","",NA,NA,2025-02-07 00:07:03.294,"","CONTINENT_DERIVED_FROM_COORDINATES"
3405104785,"ea09e0f4-36c4-4383-b04d-48da83a32c5c","Station_238_Date_26AUG2008:14:01:00.000_Callinectes_similis","Animalia","Arthropoda","Malacostraca","Decapoda","Portunidae","Callinectes","Callinectes similis",NA,"SPECIES","Callinectes similis Williams, 1966","Callinectes similis","A.B. Williams, 1966","US","Lavaca-Colorado Estuary","Texas","PRESENT",NA,"c3ad790a-d426-4ac1-8e32-da61f81f0117",28.601667,-96.173889,100,NA,NA,NA,0.15,0.15,"2008-08-26T14:01",26,8,2008,2225642,2225642,"HUMAN_OBSERVATION","TPWD","Matagorda Bay Bag Seine",NA,NA,"",NA,"CC0_1_0","","",NA,NA,2025-02-07 00:07:02.467,"","CONTINENT_DERIVED_FROM_COORDINATES"
3405104169,"ea09e0f4-36c4-4383-b04d-48da83a32c5c","Station_255_Date_22JUN2005:11:49:00.000_Callinectes_similis","Animalia","Arthropoda","Malacostraca","Decapoda","Portunidae","Callinectes","Callinectes similis",NA,"SPECIES","Callinectes similis Williams, 1966","Callinectes similis","A.B. Williams, 1966","US","Lavaca-Colorado Estuary","Texas","PRESENT",NA,"c3ad790a-d426-4ac1-8e32-da61f81f0117",28.598056,-96.563056,100,NA,NA,NA,0.3,0.3,"2005-06-22T11:49",22,6,2005,2225642,2225642,"HUMAN_OBSERVATION","TPWD","Matagorda Bay Bag Seine",NA,NA,"",NA,"CC0_1_0","","",NA,NA,2025-02-07 00:07:02.71,"","CONTINENT_DERIVED_FROM_COORDINATES"
3405103972,"ea09e0f4-36c4-4383-b04d-48da83a32c5c","Station_229_Date_25APR2007:14:44:00.000_Callinectes_similis","Animalia","Arthropoda","Malacostraca","Decapoda","Portunidae","Callinectes","Callinectes similis",NA,"SPECIES","Callinectes similis Williams, 1966","Callinectes similis","A.B. Williams, 1966","US","Lavaca-Colorado Estuary","Texas","PRESENT",NA,"c3ad790a-d426-4ac1-8e32-da61f81f0117",28.399444,-96.408889,100,NA,NA,NA,0.5,0.2,"2007-04-25T14:44",25,4,2007,2225642,2225642,"HUMAN_OBSERVATION","TPWD","Matagorda Bay Bag Seine",NA,NA,"",NA,"CC0_1_0","","",NA,NA,2025-02-07 00:07:02.645,"","CONTINENT_DERIVED_FROM_COORDINATES"
3405103487,"ea09e0f4-36c4-4383-b04d-48da83a32c5c","Station_162_Date_28AUG2006:12:28:00.000_Callinectes_similis","Animalia","Arthropoda","Malacostraca","Decapoda","Portunidae","Callinectes","Callinectes similis",NA,"SPECIES","Callinectes similis Williams, 1966","Callinectes similis","A.B. Williams, 1966","US","Lavaca-Colorado Estuary","Texas","PRESENT",NA,"c3ad790a-d426-4ac1-8e32-da61f81f0117",28.634167,-96.084444,100,NA,NA,NA,0.1,0.1,"2006-08-28T12:28",28,8,2006,2225642,2225642,"HUMAN_OBSERVATION","TPWD","Matagorda Bay Bag Seine",NA,NA,"",NA,"CC0_1_0","","",NA,NA,2025-02-07 00:07:02.504,"","CONTINENT_DERIVED_FROM_COORDINATES"
3405103461,"ea09e0f4-36c4-4383-b04d-48da83a32c5c","Station_158_Date_26AUG2008:10:18:00.000_Callinectes_similis","Animalia","Arthropoda","Malacostraca","Decapoda","Portunidae","Callinectes","Callinectes similis",NA,"SPECIES","Callinectes similis Williams, 1966","Callinectes similis","A.B. Williams, 1966","US","Lavaca-Colorado Estuary","Texas","PRESENT",NA,"c3ad790a-d426-4ac1-8e32-da61f81f0117",28.643611,-96.236667,100,NA,NA,NA,0.3,0.3,"2008-08-26T10:18",26,8,2008,2225642,2225642,"HUMAN_OBSERVATION","TPWD","Matagorda Bay Bag Seine",NA,NA,"",NA,"CC0_1_0","","",NA,NA,2025-02-07 00:07:02.498,"","CONTINENT_DERIVED_FROM_COORDINATES"
3405102828,"ea09e0f4-36c4-4383-b04d-48da83a32c5c","Station_225_Date_16AUG2005:11:19:00.000_Callinectes_similis","Animalia","Arthropoda","Malacostraca","Decapoda","Portunidae","Callinectes","Callinectes similis",NA,"SPECIES","Callinectes similis Williams, 1966","Callinectes similis","A.B. Williams, 1966","US","Lavaca-Colorado Estuary","Texas","PRESENT",NA,"c3ad790a-d426-4ac1-8e32-da61f81f0117",28.615556,-96.388056,100,NA,NA,NA,0.2,0.2,"2005-08-16T11:19",16,8,2005,2225642,2225642,"HUMAN_OBSERVATION","TPWD","Matagorda Bay Bag Seine",NA,NA,"",NA,"CC0_1_0","","",NA,NA,2025-02-07 00:07:02.637,"","CONTINENT_DERIVED_FROM_COORDINATES"
3405102400,"ea09e0f4-36c4-4383-b04d-48da83a32c5c","Station_164_Date_25AUG2008:15:27:00.000_Callinectes_similis","Animalia","Arthropoda","Malacostraca","Decapoda","Portunidae","Callinectes","Callinectes similis",NA,"SPECIES","Callinectes similis Williams, 1966","Callinectes similis","A.B. Williams, 1966","US","Lavaca-Colorado Estuary","Texas","PRESENT",NA,"c3ad790a-d426-4ac1-8e32-da61f81f0117",28.648889,-96.06,100,NA,NA,NA,0.1,0.1,"2008-08-25T15:27",25,8,2008,2225642,2225642,"HUMAN_OBSERVATION","TPWD","Matagorda Bay Bag Seine",NA,NA,"",NA,"CC0_1_0","","",NA,NA,2025-02-07 00:07:02.511,"","CONTINENT_DERIVED_FROM_COORDINATES"
3405102128,"ea09e0f4-36c4-4383-b04d-48da83a32c5c","Station_255_Date_16APR2008:13:44:00.000_Callinectes_similis","Animalia","Arthropoda","Malacostraca","Decapoda","Portunidae","Callinectes","Callinectes similis",NA,"SPECIES","Callinectes similis Williams, 1966","Callinectes similis","A.B. Williams, 1966","US","Lavaca-Colorado Estuary","Texas","PRESENT",NA,"c3ad790a-d426-4ac1-8e32-da61f81f0117",28.356389,-96.425,100,NA,NA,NA,0.2,0.1,"2008-04-16T13:44",16,4,2008,2225642,2225642,"HUMAN_OBSERVATION","TPWD","Matagorda Bay Bag Seine",NA,NA,"",NA,"CC0_1_0","","",NA,NA,2025-02-07 00:07:03.221,"","CONTINENT_DERIVED_FROM_COORDINATES"
3405099640,"ea09e0f4-36c4-4383-b04d-48da83a32c5c","Station_235_Date_28OCT2008:16:43:00.000_Callinectes_similis","Animalia","Arthropoda","Malacostraca","Decapoda","Portunidae","Callinectes","Callinectes similis",NA,"SPECIES","Callinectes similis Williams, 1966","Callinectes similis","A.B. Williams, 1966","US","Lavaca-Colorado Estuary","Texas","PRESENT",NA,"c3ad790a-d426-4ac1-8e32-da61f81f0117",28.611389,-96.228056,100,NA,NA,NA,0.45,0.45,"2008-10-28T16:43",28,10,2008,2225642,2225642,"HUMAN_OBSERVATION","TPWD","Matagorda Bay Bag Seine",NA,NA,"",NA,"CC0_1_0","","",NA,NA,2025-02-07 00:07:03.287,"","CONTINENT_DERIVED_FROM_COORDINATES"
3405099121,"ea09e0f4-36c4-4383-b04d-48da83a32c5c","Station_302_Date_01MAY2007:16:59:00.000_Callinectes_similis","Animalia","Arthropoda","Malacostraca","Decapoda","Portunidae","Callinectes","Callinectes similis",NA,"SPECIES","Callinectes similis Williams, 1966","Callinectes similis","A.B. Williams, 1966","US","Lavaca-Colorado Estuary","Texas","PRESENT",NA,"c3ad790a-d426-4ac1-8e32-da61f81f0117",28.581667,-96.482222,100,NA,NA,NA,0.2,0.2,"2007-05-01T16:59",1,5,2007,2225642,2225642,"HUMAN_OBSERVATION","TPWD","Matagorda Bay Bag Seine",NA,NA,"",NA,"CC0_1_0","","",NA,NA,2025-02-07 00:07:03.371,"","CONTINENT_DERIVED_FROM_COORDINATES"
3405098050,"ea09e0f4-36c4-4383-b04d-48da83a32c5c","Station_102_Date_19FEB2007:13:33:00.000_Callinectes_similis","Animalia","Arthropoda","Malacostraca","Decapoda","Portunidae","Callinectes","Callinectes similis",NA,"SPECIES","Callinectes similis Williams, 1966","Callinectes similis","A.B. Williams, 1966","US","Lavaca-Colorado Estuary","Texas","PRESENT",NA,"c3ad790a-d426-4ac1-8e32-da61f81f0117",28.666944,-96.006944,100,NA,NA,NA,0.2,0.2,"2007-02-19T13:33",19,2,2007,2225642,2225642,"HUMAN_OBSERVATION","TPWD","Matagorda Bay Bag Seine",NA,NA,"",NA,"CC0_1_0","","",NA,NA,2025-02-07 00:07:02.828,"","CONTINENT_DERIVED_FROM_COORDINATES"
3405096720,"ea09e0f4-36c4-4383-b04d-48da83a32c5c","Station_103_Date_11APR2006:12:49:00.000_Callinectes_similis","Animalia","Arthropoda","Malacostraca","Decapoda","Portunidae","Callinectes","Callinectes similis",NA,"SPECIES","Callinectes similis Williams, 1966","Callinectes similis","A.B. Williams, 1966","US","Lavaca-Colorado Estuary","Texas","PRESENT",NA,"c3ad790a-d426-4ac1-8e32-da61f81f0117",28.678056,-95.986111,100,NA,NA,NA,0.2,0.2,"2006-04-11T12:49",11,4,2006,2225642,2225642,"HUMAN_OBSERVATION","TPWD","Matagorda Bay Bag Seine",NA,NA,"",NA,"CC0_1_0","","",NA,NA,2025-02-07 00:07:02.203,"","CONTINENT_DERIVED_FROM_COORDINATES"
3405096547,"ea09e0f4-36c4-4383-b04d-48da83a32c5c","Station_96_Date_20OCT2008:16:06:00.000_Callinectes_similis","Animalia","Arthropoda","Malacostraca","Decapoda","Portunidae","Callinectes","Callinectes similis",NA,"SPECIES","Callinectes similis Williams, 1966","Callinectes similis","A.B. Williams, 1966","US","Lavaca-Colorado Estuary","Texas","PRESENT",NA,"c3ad790a-d426-4ac1-8e32-da61f81f0117",28.661389,-95.852222,100,NA,NA,NA,0.65,0.05,"2008-10-20T16:06",20,10,2008,2225642,2225642,"HUMAN_OBSERVATION","TPWD","Matagorda Bay Bag Seine",NA,NA,"",NA,"CC0_1_0","","",NA,NA,2025-02-07 00:07:02.161,"","CONTINENT_DERIVED_FROM_COORDINATES"
3405096066,"ea09e0f4-36c4-4383-b04d-48da83a32c5c","Station_106_Date_14APR2008:18:15:00.000_Callinectes_similis","Animalia","Arthropoda","Malacostraca","Decapoda","Portunidae","Callinectes","Callinectes similis",NA,"SPECIES","Callinectes similis Williams, 1966","Callinectes similis","A.B. Williams, 1966","US","Lavaca-Colorado Estuary","Texas","PRESENT",NA,"c3ad790a-d426-4ac1-8e32-da61f81f0117",28.631667,-95.929722,100,NA,NA,NA,0.1,0.1,"2008-04-14T18:15",14,4,2008,2225642,2225642,"HUMAN_OBSERVATION","TPWD","Matagorda Bay Bag Seine",NA,NA,"",NA,"CC0_1_0","","",NA,NA,2025-02-07 00:07:02.853,"","CONTINENT_DERIVED_FROM_COORDINATES"
3405095225,"ea09e0f4-36c4-4383-b04d-48da83a32c5c","Station_162_Date_18SEP2006:16:14:00.000_Callinectes_similis","Animalia","Arthropoda","Malacostraca","Decapoda","Portunidae","Callinectes","Callinectes similis",NA,"SPECIES","Callinectes similis Williams, 1966","Callinectes similis","A.B. Williams, 1966","US","Lavaca-Colorado Estuary","Texas","PRESENT",NA,"c3ad790a-d426-4ac1-8e32-da61f81f0117",28.634167,-96.083889,100,NA,NA,NA,0.15,0.15,"2006-09-18T16:14",18,9,2006,2225642,2225642,"HUMAN_OBSERVATION","TPWD","Matagorda Bay Bag Seine",NA,NA,"",NA,"CC0_1_0","","",NA,NA,2025-02-07 00:07:02.322,"","CONTINENT_DERIVED_FROM_COORDINATES"
3405094696,"ea09e0f4-36c4-4383-b04d-48da83a32c5c","Station_100_Date_14APR2008:17:27:00.000_Callinectes_similis","Animalia","Arthropoda","Malacostraca","Decapoda","Portunidae","Callinectes","Callinectes similis",NA,"SPECIES","Callinectes similis Williams, 1966","Callinectes similis","A.B. Williams, 1966","US","Lavaca-Colorado Estuary","Texas","PRESENT",NA,"c3ad790a-d426-4ac1-8e32-da61f81f0117",28.636111,-95.921111,100,NA,NA,NA,0.2,0.2,"2008-04-14T17:27",14,4,2008,2225642,2225642,"HUMAN_OBSERVATION","TPWD","Matagorda Bay Bag Seine",NA,NA,"",NA,"CC0_1_0","","",NA,NA,2025-02-07 00:07:02.18,"","CONTINENT_DERIVED_FROM_COORDINATES"
3405094619,"ea09e0f4-36c4-4383-b04d-48da83a32c5c","Station_96_Date_14APR2008:15:33:00.000_Callinectes_similis","Animalia","Arthropoda","Malacostraca","Decapoda","Portunidae","Callinectes","Callinectes similis",NA,"SPECIES","Callinectes similis Williams, 1966","Callinectes similis","A.B. Williams, 1966","US","Lavaca-Colorado Estuary","Texas","PRESENT",NA,"c3ad790a-d426-4ac1-8e32-da61f81f0117",28.658333,-95.863056,100,NA,NA,NA,0.05,0.05,"2008-04-14T15:33",14,4,2008,2225642,2225642,"HUMAN_OBSERVATION","TPWD","Matagorda Bay Bag Seine",NA,NA,"",NA,"CC0_1_0","","",NA,NA,2025-02-07 00:07:02.159,"","CONTINENT_DERIVED_FROM_COORDINATES"
3405094419,"ea09e0f4-36c4-4383-b04d-48da83a32c5c","Station_89_Date_03SEP2008:10:51:00.000_Callinectes_similis","Animalia","Arthropoda","Malacostraca","Decapoda","Portunidae","Callinectes","Callinectes similis",NA,"SPECIES","Callinectes similis Williams, 1966","Callinectes similis","A.B. Williams, 1966","US","Lavaca-Colorado Estuary","Texas","PRESENT",NA,"c3ad790a-d426-4ac1-8e32-da61f81f0117",28.671944,-96.3875,100,NA,NA,NA,0.3,0.2,"2008-09-03T10:51",3,9,2008,2225642,2225642,"HUMAN_OBSERVATION","TPWD","Matagorda Bay Bag Seine",NA,NA,"",NA,"CC0_1_0","","",NA,NA,2025-02-07 00:07:02.106,"","CONTINENT_DERIVED_FROM_COORDINATES"
3405093379,"ea09e0f4-36c4-4383-b04d-48da83a32c5c","Station_87_Date_20OCT2008:15:34:00.000_Callinectes_similis","Animalia","Arthropoda","Malacostraca","Decapoda","Portunidae","Callinectes","Callinectes similis",NA,"SPECIES","Callinectes similis Williams, 1966","Callinectes similis","A.B. Williams, 1966","US","Lavaca-Colorado Estuary","Texas","PRESENT",NA,"c3ad790a-d426-4ac1-8e32-da61f81f0117",28.671389,-95.837222,100,NA,NA,NA,0.6,0.1,"2008-10-20T15:34",20,10,2008,2225642,2225642,"HUMAN_OBSERVATION","TPWD","Matagorda Bay Bag Seine",NA,NA,"",NA,"CC0_1_0","","",NA,NA,2025-02-07 00:07:02.839,"","CONTINENT_DERIVED_FROM_COORDINATES"
3405093147,"ea09e0f4-36c4-4383-b04d-48da83a32c5c","Station_106_Date_23APR2007:15:24:00.000_Callinectes_similis","Animalia","Arthropoda","Malacostraca","Decapoda","Portunidae","Callinectes","Callinectes similis",NA,"SPECIES","Callinectes similis Williams, 1966","Callinectes similis","A.B. Williams, 1966","US","Lavaca-Colorado Estuary","Texas","PRESENT",NA,"c3ad790a-d426-4ac1-8e32-da61f81f0117",28.630833,-95.931667,100,NA,NA,NA,0.35,0.05,"2007-04-23T15:24",23,4,2007,2225642,2225642,"HUMAN_OBSERVATION","TPWD","Matagorda Bay Bag Seine",NA,NA,"",NA,"CC0_1_0","","",NA,NA,2025-02-07 00:07:02.913,"","CONTINENT_DERIVED_FROM_COORDINATES"
3405090333,"ea09e0f4-36c4-4383-b04d-48da83a32c5c","Station_69_Date_26MAR2007:12:50:00.000_Callinectes_similis","Animalia","Arthropoda","Malacostraca","Decapoda","Portunidae","Callinectes","Callinectes similis",NA,"SPECIES","Callinectes similis Williams, 1966","Callinectes similis","A.B. Williams, 1966","US","Lavaca-Colorado Estuary","Texas","PRESENT",NA,"c3ad790a-d426-4ac1-8e32-da61f81f0117",28.696944,-95.930833,100,NA,NA,NA,0.15,0.05,"2007-03-26T12:50",26,3,2007,2225642,2225642,"HUMAN_OBSERVATION","TPWD","Matagorda Bay Bag Seine",NA,NA,"",NA,"CC0_1_0","","",NA,NA,2025-02-07 00:07:02.181,"","CONTINENT_DERIVED_FROM_COORDINATES"
3405088297,"ea09e0f4-36c4-4383-b04d-48da83a32c5c","Station_81_Date_01MAY2007:18:04:00.000_Callinectes_similis","Animalia","Arthropoda","Malacostraca","Decapoda","Portunidae","Callinectes","Callinectes similis",NA,"SPECIES","Callinectes similis Williams, 1966","Callinectes similis","A.B. Williams, 1966","US","Lavaca-Colorado Estuary","Texas","PRESENT",NA,"c3ad790a-d426-4ac1-8e32-da61f81f0117",28.6775,-95.9425,100,NA,NA,NA,0.2,0.1,"2007-05-01T18:04",1,5,2007,2225642,2225642,"HUMAN_OBSERVATION","TPWD","Matagorda Bay Bag Seine",NA,NA,"",NA,"CC0_1_0","","",NA,NA,2025-02-07 00:07:02.078,"","CONTINENT_DERIVED_FROM_COORDINATES"
3405086067,"ea09e0f4-36c4-4383-b04d-48da83a32c5c","Station_68_Date_30OCT2007:13:26:00.000_Callinectes_similis","Animalia","Arthropoda","Malacostraca","Decapoda","Portunidae","Callinectes","Callinectes similis",NA,"SPECIES","Callinectes similis Williams, 1966","Callinectes similis","A.B. Williams, 1966","US","Lavaca-Colorado Estuary","Texas","PRESENT",NA,"c3ad790a-d426-4ac1-8e32-da61f81f0117",28.699444,-95.935833,100,NA,NA,NA,0.25,0.25,"2007-10-30T13:26",30,10,2007,2225642,2225642,"HUMAN_OBSERVATION","TPWD","Matagorda Bay Bag Seine",NA,NA,"",NA,"CC0_1_0","","",NA,NA,2025-02-07 00:07:02.022,"","CONTINENT_DERIVED_FROM_COORDINATES"
3405085363,"ea09e0f4-36c4-4383-b04d-48da83a32c5c","Station_45_Date_14APR2008:14:20:00.000_Callinectes_similis","Animalia","Arthropoda","Malacostraca","Decapoda","Portunidae","Callinectes","Callinectes similis",NA,"SPECIES","Callinectes similis Williams, 1966","Callinectes similis","A.B. Williams, 1966","US","Lavaca-Colorado Estuary","Texas","PRESENT",NA,"c3ad790a-d426-4ac1-8e32-da61f81f0117",28.728889,-95.848056,100,NA,NA,NA,0.1,0.1,"2008-04-14T14:20",14,4,2008,2225642,2225642,"HUMAN_OBSERVATION","TPWD","Matagorda Bay Bag Seine",NA,NA,"",NA,"CC0_1_0","","",NA,NA,2025-02-07 00:07:01.824,"","CONTINENT_DERIVED_FROM_COORDINATES"
3405085289,"ea09e0f4-36c4-4383-b04d-48da83a32c5c","Station_68_Date_23APR2007:13:12:00.000_Callinectes_similis","Animalia","Arthropoda","Malacostraca","Decapoda","Portunidae","Callinectes","Callinectes similis",NA,"SPECIES","Callinectes similis Williams, 1966","Callinectes similis","A.B. Williams, 1966","US","Lavaca-Colorado Estuary","Texas","PRESENT",NA,"c3ad790a-d426-4ac1-8e32-da61f81f0117",28.696667,-95.941667,100,NA,NA,NA,0.2,0.2,"2007-04-23T13:12",23,4,2007,2225642,2225642,"HUMAN_OBSERVATION","TPWD","Matagorda Bay Bag Seine",NA,NA,"",NA,"CC0_1_0","","",NA,NA,2025-02-07 00:07:02.599,"","CONTINENT_DERIVED_FROM_COORDINATES"
3405084100,"ea09e0f4-36c4-4383-b04d-48da83a32c5c","Station_57_Date_14JUN2005:11:57:00.000_Callinectes_similis","Animalia","Arthropoda","Malacostraca","Decapoda","Portunidae","Callinectes","Callinectes similis",NA,"SPECIES","Callinectes similis Williams, 1966","Callinectes similis","A.B. Williams, 1966","US","Lavaca-Colorado Estuary","Texas","PRESENT",NA,"c3ad790a-d426-4ac1-8e32-da61f81f0117",28.711944,-95.9025,100,NA,NA,NA,0.25,0.25,"2005-06-14T11:57",14,6,2005,2225642,2225642,"HUMAN_OBSERVATION","TPWD","Matagorda Bay Bag Seine",NA,NA,"",NA,"CC0_1_0","","",NA,NA,2025-02-07 00:07:02.569,"","CONTINENT_DERIVED_FROM_COORDINATES"
3405082620,"ea09e0f4-36c4-4383-b04d-48da83a32c5c","Station_50_Date_23APR2007:17:04:00.000_Callinectes_similis","Animalia","Arthropoda","Malacostraca","Decapoda","Portunidae","Callinectes","Callinectes similis",NA,"SPECIES","Callinectes similis Williams, 1966","Callinectes similis","A.B. Williams, 1966","US","Lavaca-Colorado Estuary","Texas","PRESENT",NA,"c3ad790a-d426-4ac1-8e32-da61f81f0117",28.731667,-95.761389,100,NA,NA,NA,0.25,0.15,"2007-04-23T17:04",23,4,2007,2225642,2225642,"HUMAN_OBSERVATION","TPWD","Matagorda Bay Bag Seine",NA,NA,"",NA,"CC0_1_0","","",NA,NA,2025-02-07 00:07:02.609,"","CONTINENT_DERIVED_FROM_COORDINATES"
3405080412,"ea09e0f4-36c4-4383-b04d-48da83a32c5c","Station_43_Date_19MAY2008:16:18:00.000_Callinectes_similis","Animalia","Arthropoda","Malacostraca","Decapoda","Portunidae","Callinectes","Callinectes similis",NA,"SPECIES","Callinectes similis Williams, 1966","Callinectes similis","A.B. Williams, 1966","US","Lavaca-Colorado Estuary","Texas","PRESENT",NA,"c3ad790a-d426-4ac1-8e32-da61f81f0117",28.718056,-95.880833,100,NA,NA,NA,0.2,0.2,"2008-05-19T16:18",19,5,2008,2225642,2225642,"HUMAN_OBSERVATION","TPWD","Matagorda Bay Bag Seine",NA,NA,"",NA,"CC0_1_0","","",NA,NA,2025-02-07 00:07:01.9,"","CONTINENT_DERIVED_FROM_COORDINATES"
3405077957,"ea09e0f4-36c4-4383-b04d-48da83a32c5c","Station_39_Date_18SEP2006:16:34:00.000_Callinectes_similis","Animalia","Arthropoda","Malacostraca","Decapoda","Portunidae","Callinectes","Callinectes similis",NA,"SPECIES","Callinectes similis Williams, 1966","Callinectes similis","A.B. Williams, 1966","US","Lavaca-Colorado Estuary","Texas","PRESENT",NA,"c3ad790a-d426-4ac1-8e32-da61f81f0117",28.737778,-95.683056,100,NA,NA,NA,0.35,0.05,"2006-09-18T16:34",18,9,2006,2225642,2225642,"HUMAN_OBSERVATION","TPWD","Matagorda Bay Bag Seine",NA,NA,"",NA,"CC0_1_0","","",NA,NA,2025-02-07 00:07:01.723,"","CONTINENT_DERIVED_FROM_COORDINATES"
3405075984,"ea09e0f4-36c4-4383-b04d-48da83a32c5c","Station_38_Date_08MAY2006:15:55:00.000_Callinectes_similis","Animalia","Arthropoda","Malacostraca","Decapoda","Portunidae","Callinectes","Callinectes similis",NA,"SPECIES","Callinectes similis Williams, 1966","Callinectes similis","A.B. Williams, 1966","US","Lavaca-Colorado Estuary","Texas","PRESENT",NA,"c3ad790a-d426-4ac1-8e32-da61f81f0117",28.749722,-95.698056,100,NA,NA,NA,0.4,0.1,"2006-05-08T15:55",8,5,2006,2225642,2225642,"HUMAN_OBSERVATION","TPWD","Matagorda Bay Bag Seine",NA,NA,"",NA,"CC0_1_0","","",NA,NA,2025-02-07 00:07:01.714,"","CONTINENT_DERIVED_FROM_COORDINATES"
3405075688,"ea09e0f4-36c4-4383-b04d-48da83a32c5c","Station_33_Date_08FEB2008:10:39:00.000_Callinectes_similis","Animalia","Arthropoda","Malacostraca","Decapoda","Portunidae","Callinectes","Callinectes similis",NA,"SPECIES","Callinectes similis Williams, 1966","Callinectes similis","A.B. Williams, 1966","US","Lavaca-Colorado Estuary","Texas","PRESENT",NA,"c3ad790a-d426-4ac1-8e32-da61f81f0117",28.748333,-95.768333,100,NA,NA,NA,0.2,0.2,"2008-02-08T10:39",8,2,2008,2225642,2225642,"HUMAN_OBSERVATION","TPWD","Matagorda Bay Bag Seine",NA,NA,"",NA,"CC0_1_0","","",NA,NA,2025-02-07 00:07:01.632,"","CONTINENT_DERIVED_FROM_COORDINATES"
3405074869,"ea09e0f4-36c4-4383-b04d-48da83a32c5c","Station_37_Date_25AUG2008:13:06:00.000_Callinectes_similis","Animalia","Arthropoda","Malacostraca","Decapoda","Portunidae","Callinectes","Callinectes similis",NA,"SPECIES","Callinectes similis Williams, 1966","Callinectes similis","A.B. Williams, 1966","US","Lavaca-Colorado Estuary","Texas","PRESENT",NA,"c3ad790a-d426-4ac1-8e32-da61f81f0117",28.743333,-95.712778,100,NA,NA,NA,0.15,0.15,"2008-08-25T13:06",25,8,2008,2225642,2225642,"HUMAN_OBSERVATION","TPWD","Matagorda Bay Bag Seine",NA,NA,"",NA,"CC0_1_0","","",NA,NA,2025-02-07 00:07:02.356,"","CONTINENT_DERIVED_FROM_COORDINATES"
3405073445,"ea09e0f4-36c4-4383-b04d-48da83a32c5c","Station_25_Date_24MAR2008:14:58:00.000_Callinectes_similis","Animalia","Arthropoda","Malacostraca","Decapoda","Portunidae","Callinectes","Callinectes similis",NA,"SPECIES","Callinectes similis Williams, 1966","Callinectes similis","A.B. Williams, 1966","US","Lavaca-Colorado Estuary","Texas","PRESENT",NA,"c3ad790a-d426-4ac1-8e32-da61f81f0117",28.764167,-95.658889,100,NA,NA,NA,0.2,0.2,"2008-03-24T14:58",24,3,2008,2225642,2225642,"HUMAN_OBSERVATION","TPWD","Matagorda Bay Bag Seine",NA,NA,"",NA,"CC0_1_0","","",NA,NA,2025-02-07 00:07:02.014,"","CONTINENT_DERIVED_FROM_COORDINATES"
3405073421,"ea09e0f4-36c4-4383-b04d-48da83a32c5c","Station_25_Date_10OCT2007:12:23:00.000_Callinectes_similis","Animalia","Arthropoda","Malacostraca","Decapoda","Portunidae","Callinectes","Callinectes similis",NA,"SPECIES","Callinectes similis Williams, 1966","Callinectes similis","A.B. Williams, 1966","US","Lavaca-Colorado Estuary","Texas","PRESENT",NA,"c3ad790a-d426-4ac1-8e32-da61f81f0117",28.752778,-95.662778,100,NA,NA,NA,0.75,0.05,"2007-10-10T12:23",10,10,2007,2225642,2225642,"HUMAN_OBSERVATION","TPWD","Matagorda Bay Bag Seine",NA,NA,"",NA,"CC0_1_0","","",NA,NA,2025-02-07 00:07:02.006,"","CONTINENT_DERIVED_FROM_COORDINATES"
3405073310,"ea09e0f4-36c4-4383-b04d-48da83a32c5c","Station_24_Date_08MAY2006:15:37:00.000_Callinectes_similis","Animalia","Arthropoda","Malacostraca","Decapoda","Portunidae","Callinectes","Callinectes similis",NA,"SPECIES","Callinectes similis Williams, 1966","Callinectes similis","A.B. Williams, 1966","US","Lavaca-Colorado Estuary","Texas","PRESENT",NA,"c3ad790a-d426-4ac1-8e32-da61f81f0117",28.758889,-95.678611,100,NA,NA,NA,0.25,0.05,"2006-05-08T15:37",8,5,2006,2225642,2225642,"HUMAN_OBSERVATION","TPWD","Matagorda Bay Bag Seine",NA,NA,"",NA,"CC0_1_0","","",NA,NA,2025-02-07 00:07:01.969,"","CONTINENT_DERIVED_FROM_COORDINATES"
3405073157,"ea09e0f4-36c4-4383-b04d-48da83a32c5c","Station_39_Date_28APR2008:16:40:00.000_Callinectes_similis","Animalia","Arthropoda","Malacostraca","Decapoda","Portunidae","Callinectes","Callinectes similis",NA,"SPECIES","Callinectes similis Williams, 1966","Callinectes similis","A.B. Williams, 1966","US","Lavaca-Colorado Estuary","Texas","PRESENT",NA,"c3ad790a-d426-4ac1-8e32-da61f81f0117",28.739444,-95.680556,100,NA,NA,NA,0.1,0.1,"2008-04-28T16:40",28,4,2008,2225642,2225642,"HUMAN_OBSERVATION","TPWD","Matagorda Bay Bag Seine",NA,NA,"",NA,"CC0_1_0","","",NA,NA,2025-02-07 00:07:02.21,"","CONTINENT_DERIVED_FROM_COORDINATES"
3405072374,"ea09e0f4-36c4-4383-b04d-48da83a32c5c","Station_25_Date_12NOV2007:13:55:00.000_Callinectes_similis","Animalia","Arthropoda","Malacostraca","Decapoda","Portunidae","Callinectes","Callinectes similis",NA,"SPECIES","Callinectes similis Williams, 1966","Callinectes similis","A.B. Williams, 1966","US","Lavaca-Colorado Estuary","Texas","PRESENT",NA,"c3ad790a-d426-4ac1-8e32-da61f81f0117",28.765,-95.665,100,NA,NA,NA,0.15,0.15,"2007-11-12T13:55",12,11,2007,2225642,2225642,"HUMAN_OBSERVATION","TPWD","Matagorda Bay Bag Seine",NA,NA,"",NA,"CC0_1_0","","",NA,NA,2025-02-07 00:07:01.934,"","CONTINENT_DERIVED_FROM_COORDINATES"
3405072242,"ea09e0f4-36c4-4383-b04d-48da83a32c5c","Station_42_Date_12APR2005:13:04:00.000_Callinectes_similis","Animalia","Arthropoda","Malacostraca","Decapoda","Portunidae","Callinectes","Callinectes similis",NA,"SPECIES","Callinectes similis Williams, 1966","Callinectes similis","A.B. Williams, 1966","US","Lavaca-Colorado Estuary","Texas","PRESENT",NA,"c3ad790a-d426-4ac1-8e32-da61f81f0117",28.717222,-95.883611,100,NA,NA,NA,0.2,0.2,"2005-04-12T13:04",12,4,2005,2225642,2225642,"HUMAN_OBSERVATION","TPWD","Matagorda Bay Bag Seine",NA,NA,"",NA,"CC0_1_0","","",NA,NA,2025-02-07 00:07:01.868,"","CONTINENT_DERIVED_FROM_COORDINATES"
3405071493,"ea09e0f4-36c4-4383-b04d-48da83a32c5c","Station_29_Date_02MAY2006:10:22:00.000_Callinectes_similis","Animalia","Arthropoda","Malacostraca","Decapoda","Portunidae","Callinectes","Callinectes similis",NA,"SPECIES","Callinectes similis Williams, 1966","Callinectes similis","A.B. Williams, 1966","US","Lavaca-Colorado Estuary","Texas","PRESENT",NA,"c3ad790a-d426-4ac1-8e32-da61f81f0117",28.719444,-96.616944,100,NA,NA,NA,0.2,0.2,"2006-05-02T10:22",2,5,2006,2225642,2225642,"HUMAN_OBSERVATION","TPWD","Matagorda Bay Bag Seine",NA,NA,"",NA,"CC0_1_0","","",NA,NA,2025-02-07 00:07:01.636,"","CONTINENT_DERIVED_FROM_COORDINATES"
3405069843,"ea09e0f4-36c4-4383-b04d-48da83a32c5c","Station_39_Date_26JUN2007:15:16:00.000_Callinectes_similis","Animalia","Arthropoda","Malacostraca","Decapoda","Portunidae","Callinectes","Callinectes similis",NA,"SPECIES","Callinectes similis Williams, 1966","Callinectes similis","A.B. Williams, 1966","US","Lavaca-Colorado Estuary","Texas","PRESENT",NA,"c3ad790a-d426-4ac1-8e32-da61f81f0117",28.740556,-95.678056,100,NA,NA,NA,0.45,0.05,"2007-06-26T15:16",26,6,2007,2225642,2225642,"HUMAN_OBSERVATION","TPWD","Matagorda Bay Bag Seine",NA,NA,"",NA,"CC0_1_0","","",NA,NA,2025-02-07 00:07:02.392,"","CONTINENT_DERIVED_FROM_COORDINATES"
3405063257,"ea09e0f4-36c4-4383-b04d-48da83a32c5c","Station_24_Date_06OCT2008:14:49:00.000_Callinectes_similis","Animalia","Arthropoda","Malacostraca","Decapoda","Portunidae","Callinectes","Callinectes similis",NA,"SPECIES","Callinectes similis Williams, 1966","Callinectes similis","A.B. Williams, 1966","US","Lavaca-Colorado Estuary","Texas","PRESENT",NA,"c3ad790a-d426-4ac1-8e32-da61f81f0117",28.757222,-95.673889,100,NA,NA,NA,0.35,0.25,"2008-10-06T14:49",6,10,2008,2225642,2225642,"HUMAN_OBSERVATION","TPWD","Matagorda Bay Bag Seine",NA,NA,"",NA,"CC0_1_0","","",NA,NA,2025-02-07 00:07:01.892,"","CONTINENT_DERIVED_FROM_COORDINATES"
3405061052,"ea09e0f4-36c4-4383-b04d-48da83a32c5c","Station_20_Date_11JUL2006:12:55:00.000_Callinectes_similis","Animalia","Arthropoda","Malacostraca","Decapoda","Portunidae","Callinectes","Callinectes similis",NA,"SPECIES","Callinectes similis Williams, 1966","Callinectes similis","A.B. Williams, 1966","US","Lavaca-Colorado Estuary","Texas","PRESENT",NA,"c3ad790a-d426-4ac1-8e32-da61f81f0117",28.739444,-96.448333,100,NA,NA,NA,0.55,0.15,"2006-07-11T12:55",11,7,2006,2225642,2225642,"HUMAN_OBSERVATION","TPWD","Matagorda Bay Bag Seine",NA,NA,"",NA,"CC0_1_0","","",NA,NA,2025-02-07 00:07:01.468,"","CONTINENT_DERIVED_FROM_COORDINATES"
3405055000,"ea09e0f4-36c4-4383-b04d-48da83a32c5c","Station_7_Date_02MAY2006:12:06:00.000_Callinectes_similis","Animalia","Arthropoda","Malacostraca","Decapoda","Portunidae","Callinectes","Callinectes similis",NA,"SPECIES","Callinectes similis Williams, 1966","Callinectes similis","A.B. Williams, 1966","US","Lavaca-Colorado Estuary","Texas","PRESENT",NA,"c3ad790a-d426-4ac1-8e32-da61f81f0117",28.782222,-96.586111,100,NA,NA,NA,1.1,0.5,"2006-05-02T12:06",2,5,2006,2225642,2225642,"HUMAN_OBSERVATION","TPWD","Matagorda Bay Bag Seine",NA,NA,"",NA,"CC0_1_0","","",NA,NA,2025-02-07 00:07:01.442,"","CONTINENT_DERIVED_FROM_COORDINATES"
3405050765,"ea09e0f4-36c4-4383-b04d-48da83a32c5c","Station_5_Date_18OCT2005:12:35:00.000_Callinectes_similis","Animalia","Arthropoda","Malacostraca","Decapoda","Portunidae","Callinectes","Callinectes similis",NA,"SPECIES","Callinectes similis Williams, 1966","Callinectes similis","A.B. Williams, 1966","US","Lavaca-Colorado Estuary","Texas","PRESENT",NA,"c3ad790a-d426-4ac1-8e32-da61f81f0117",28.797222,-96.568056,100,NA,NA,NA,0.2,0.1,"2005-10-18T12:35",18,10,2005,2225642,2225642,"HUMAN_OBSERVATION","TPWD","Matagorda Bay Bag Seine",NA,NA,"",NA,"CC0_1_0","","",NA,NA,2025-02-07 00:07:01.427,"","CONTINENT_DERIVED_FROM_COORDINATES"
3404896616,"94a6bf19-40a2-4689-ab0e-53edb30b9d36","Station_221_Date_10MAR2005:11:07:00.000_Callinectes_similis","Animalia","Arthropoda","Malacostraca","Decapoda","Portunidae","Callinectes","Callinectes similis",NA,"SPECIES","Callinectes similis Williams, 1966","Callinectes similis","A.B. Williams, 1966","US","Nueces Estuary","Texas","PRESENT",NA,"c3ad790a-d426-4ac1-8e32-da61f81f0117",27.719167,-97.170556,100,NA,NA,NA,0.2,0.2,"2005-03-10T11:07",10,3,2005,2225642,2225642,"HUMAN_OBSERVATION","TPWD","Corpus Christi Bay Bag Seine",NA,NA,"",NA,"CC0_1_0","","",NA,NA,2025-02-06 21:23:17.951,"","CONTINENT_DERIVED_FROM_COORDINATES"
3404895713,"94a6bf19-40a2-4689-ab0e-53edb30b9d36","Station_243_Date_03JAN2006:12:59:00.000_Callinectes_similis","Animalia","Arthropoda","Malacostraca","Decapoda","Portunidae","Callinectes","Callinectes similis",NA,"SPECIES","Callinectes similis Williams, 1966","Callinectes similis","A.B. Williams, 1966","US","Nueces Estuary","Texas","PRESENT",NA,"c3ad790a-d426-4ac1-8e32-da61f81f0117",27.6975,-97.181389,100,NA,NA,NA,0.25,0.25,"2006-01-03T12:59",3,1,2006,2225642,2225642,"HUMAN_OBSERVATION","TPWD","Corpus Christi Bay Bag Seine",NA,NA,"",NA,"CC0_1_0","","",NA,NA,2025-02-06 21:23:18.885,"","CONTINENT_DERIVED_FROM_COORDINATES"
3404895397,"94a6bf19-40a2-4689-ab0e-53edb30b9d36","Station_208_Date_23JUN2008:12:23:00.000_Callinectes_similis","Animalia","Arthropoda","Malacostraca","Decapoda","Portunidae","Callinectes","Callinectes similis",NA,"SPECIES","Callinectes similis Williams, 1966","Callinectes similis","A.B. Williams, 1966","US","Nueces Estuary","Texas","PRESENT",NA,"c3ad790a-d426-4ac1-8e32-da61f81f0117",27.7375,-97.136944,100,NA,NA,NA,0.55,0.55,"2008-06-23T12:23",23,6,2008,2225642,2225642,"HUMAN_OBSERVATION","TPWD","Corpus Christi Bay Bag Seine",NA,NA,"",NA,"CC0_1_0","","",NA,NA,2025-02-06 21:23:18.813,"","CONTINENT_DERIVED_FROM_COORDINATES"
3404892639,"94a6bf19-40a2-4689-ab0e-53edb30b9d36","Station_221_Date_10MAY2005:18:33:00.000_Callinectes_similis","Animalia","Arthropoda","Malacostraca","Decapoda","Portunidae","Callinectes","Callinectes similis",NA,"SPECIES","Callinectes similis Williams, 1966","Callinectes similis","A.B. Williams, 1966","US","Nueces Estuary","Texas","PRESENT",NA,"c3ad790a-d426-4ac1-8e32-da61f81f0117",27.728333,-97.166944,100,NA,NA,NA,0.15,0.15,"2005-05-10T18:33",10,5,2005,2225642,2225642,"HUMAN_OBSERVATION","TPWD","Corpus Christi Bay Bag Seine",NA,NA,"",NA,"CC0_1_0","","",NA,NA,2025-02-06 21:23:18.693,"","CONTINENT_DERIVED_FROM_COORDINATES"
3404891705,"94a6bf19-40a2-4689-ab0e-53edb30b9d36","Station_238_Date_09JUL2007:13:18:00.000_Callinectes_similis","Animalia","Arthropoda","Malacostraca","Decapoda","Portunidae","Callinectes","Callinectes similis",NA,"SPECIES","Callinectes similis Williams, 1966","Callinectes similis","A.B. Williams, 1966","US","Nueces Estuary","Texas","PRESENT",NA,"c3ad790a-d426-4ac1-8e32-da61f81f0117",27.696944,-97.252222,100,NA,NA,NA,0.4,0.2,"2007-07-09T13:18",9,7,2007,2225642,2225642,"HUMAN_OBSERVATION","TPWD","Corpus Christi Bay Bag Seine",NA,NA,"",NA,"CC0_1_0","","",NA,NA,2025-02-06 21:23:18.868,"","CONTINENT_DERIVED_FROM_COORDINATES"
3404891548,"94a6bf19-40a2-4689-ab0e-53edb30b9d36","Station_221_Date_08NOV2007:14:27:00.000_Callinectes_similis","Animalia","Arthropoda","Malacostraca","Decapoda","Portunidae","Callinectes","Callinectes similis",NA,"SPECIES","Callinectes similis Williams, 1966","Callinectes similis","A.B. Williams, 1966","US","Nueces Estuary","Texas","PRESENT",NA,"c3ad790a-d426-4ac1-8e32-da61f81f0117",27.729167,-97.166667,100,NA,NA,NA,0.15,0.15,"2007-11-08T14:27",8,11,2007,2225642,2225642,"HUMAN_OBSERVATION","TPWD","Corpus Christi Bay Bag Seine",NA,NA,"",NA,"CC0_1_0","","",NA,NA,2025-02-06 21:23:18.832,"","CONTINENT_DERIVED_FROM_COORDINATES"
3404891374,"94a6bf19-40a2-4689-ab0e-53edb30b9d36","Station_192_Date_10APR2006:16:57:00.000_Callinectes_similis","Animalia","Arthropoda","Malacostraca","Decapoda","Portunidae","Callinectes","Callinectes similis",NA,"SPECIES","Callinectes similis Williams, 1966","Callinectes similis","A.B. Williams, 1966","US","Nueces Estuary","Texas","PRESENT",NA,"c3ad790a-d426-4ac1-8e32-da61f81f0117",27.763889,-97.144722,100,NA,NA,NA,0.3,0.1,"2006-04-10T16:57",10,4,2006,2225642,2225642,"HUMAN_OBSERVATION","TPWD","Corpus Christi Bay Bag Seine",NA,NA,"",NA,"CC0_1_0","","",NA,NA,2025-02-06 21:23:18.789,"","CONTINENT_DERIVED_FROM_COORDINATES"
3404890529,"94a6bf19-40a2-4689-ab0e-53edb30b9d36","Station_222_Date_03MAY2007:18:26:00.000_Callinectes_similis","Animalia","Arthropoda","Malacostraca","Decapoda","Portunidae","Callinectes","Callinectes similis",NA,"SPECIES","Callinectes similis Williams, 1966","Callinectes similis","A.B. Williams, 1966","US","Nueces Estuary","Texas","PRESENT",NA,"c3ad790a-d426-4ac1-8e32-da61f81f0117",27.731667,-97.164722,100,NA,NA,NA,0.25,0.25,"2007-05-03T18:26",3,5,2007,2225642,2225642,"HUMAN_OBSERVATION","TPWD","Corpus Christi Bay Bag Seine",NA,NA,"",NA,"CC0_1_0","","",NA,NA,2025-02-06 21:23:18.698,"","CONTINENT_DERIVED_FROM_COORDINATES"
3404889641,"94a6bf19-40a2-4689-ab0e-53edb30b9d36","Station_234_Date_14AUG2007:10:40:00.000_Callinectes_similis","Animalia","Arthropoda","Malacostraca","Decapoda","Portunidae","Callinectes","Callinectes similis",NA,"SPECIES","Callinectes similis Williams, 1966","Callinectes similis","A.B. Williams, 1966","US","Nueces Estuary","Texas","PRESENT",NA,"c3ad790a-d426-4ac1-8e32-da61f81f0117",27.710556,-97.175833,100,NA,NA,NA,NA,NA,"2007-08-14T10:40",14,8,2007,2225642,2225642,"HUMAN_OBSERVATION","TPWD","Corpus Christi Bay Bag Seine",NA,NA,"",NA,"CC0_1_0","","",NA,NA,2025-02-06 21:23:18.151,"","CONTINENT_DERIVED_FROM_COORDINATES"
3404889525,"94a6bf19-40a2-4689-ab0e-53edb30b9d36","Station_221_Date_10APR2006:17:42:00.000_Callinectes_similis","Animalia","Arthropoda","Malacostraca","Decapoda","Portunidae","Callinectes","Callinectes similis",NA,"SPECIES","Callinectes similis Williams, 1966","Callinectes similis","A.B. Williams, 1966","US","Nueces Estuary","Texas","PRESENT",NA,"c3ad790a-d426-4ac1-8e32-da61f81f0117",27.721111,-97.169444,100,NA,NA,NA,0.1,0.1,"2006-04-10T17:42",10,4,2006,2225642,2225642,"HUMAN_OBSERVATION","TPWD","Corpus Christi Bay Bag Seine",NA,NA,"",NA,"CC0_1_0","","",NA,NA,2025-02-06 21:23:18.135,"","CONTINENT_DERIVED_FROM_COORDINATES"
3404888546,"94a6bf19-40a2-4689-ab0e-53edb30b9d36","Station_226_Date_02AUG2006:12:29:00.000_Callinectes_similis","Animalia","Arthropoda","Malacostraca","Decapoda","Portunidae","Callinectes","Callinectes similis",NA,"SPECIES","Callinectes similis Williams, 1966","Callinectes similis","A.B. Williams, 1966","US","Nueces Estuary","Texas","PRESENT",NA,"c3ad790a-d426-4ac1-8e32-da61f81f0117",27.708611,-97.306944,100,NA,NA,NA,0.1,0.1,"2006-08-02T12:29",2,8,2006,2225642,2225642,"HUMAN_OBSERVATION","TPWD","Corpus Christi Bay Bag Seine",NA,NA,"",NA,"CC0_1_0","","",NA,NA,2025-02-06 21:23:17.961,"","CONTINENT_DERIVED_FROM_COORDINATES"
3404888467,"94a6bf19-40a2-4689-ab0e-53edb30b9d36","Station_221_Date_08NOV2006:12:02:00.000_Callinectes_similis","Animalia","Arthropoda","Malacostraca","Decapoda","Portunidae","Callinectes","Callinectes similis",NA,"SPECIES","Callinectes similis Williams, 1966","Callinectes similis","A.B. Williams, 1966","US","Nueces Estuary","Texas","PRESENT",NA,"c3ad790a-d426-4ac1-8e32-da61f81f0117",27.726389,-97.1675,100,NA,NA,NA,0.2,0.2,"2006-11-08T12:02",8,11,2006,2225642,2225642,"HUMAN_OBSERVATION","TPWD","Corpus Christi Bay Bag Seine",NA,NA,"",NA,"CC0_1_0","","",NA,NA,2025-02-06 21:23:17.95,"","CONTINENT_DERIVED_FROM_COORDINATES"
3404888132,"94a6bf19-40a2-4689-ab0e-53edb30b9d36","Station_174_Date_01OCT2007:17:23:00.000_Callinectes_similis","Animalia","Arthropoda","Malacostraca","Decapoda","Portunidae","Callinectes","Callinectes similis",NA,"SPECIES","Callinectes similis Williams, 1966","Callinectes similis","A.B. Williams, 1966","US","Nueces Estuary","Texas","PRESENT",NA,"c3ad790a-d426-4ac1-8e32-da61f81f0117",27.773611,-97.140278,100,NA,NA,NA,0.2,0.2,"2007-10-01T17:23",1,10,2007,2225642,2225642,"HUMAN_OBSERVATION","TPWD","Corpus Christi Bay Bag Seine",NA,NA,"",NA,"CC0_1_0","","",NA,NA,2025-02-06 21:23:18.295,"","CONTINENT_DERIVED_FROM_COORDINATES"
3404887723,"94a6bf19-40a2-4689-ab0e-53edb30b9d36","Station_117_Date_09MAY2005:17:03:00.000_Callinectes_similis","Animalia","Arthropoda","Malacostraca","Decapoda","Portunidae","Callinectes","Callinectes similis",NA,"SPECIES","Callinectes similis Williams, 1966","Callinectes similis","A.B. Williams, 1966","US","Nueces Estuary","Texas","PRESENT",NA,"c3ad790a-d426-4ac1-8e32-da61f81f0117",27.831667,-97.109167,100,NA,NA,NA,0.15,0.15,"2005-05-09T17:03",9,5,2005,2225642,2225642,"HUMAN_OBSERVATION","TPWD","Corpus Christi Bay Bag Seine",NA,NA,"",NA,"CC0_1_0","","",NA,NA,2025-02-06 21:23:18.229,"","CONTINENT_DERIVED_FROM_COORDINATES"
3404887705,"94a6bf19-40a2-4689-ab0e-53edb30b9d36","Station_116_Date_22MAY2007:08:16:00.000_Callinectes_similis","Animalia","Arthropoda","Malacostraca","Decapoda","Portunidae","Callinectes","Callinectes similis",NA,"SPECIES","Callinectes similis Williams, 1966","Callinectes similis","A.B. Williams, 1966","US","Nueces Estuary","Texas","PRESENT",NA,"c3ad790a-d426-4ac1-8e32-da61f81f0117",27.826944,-97.130278,100,NA,NA,NA,0.1,0.1,"2007-05-22T08:16",22,5,2007,2225642,2225642,"HUMAN_OBSERVATION","TPWD","Corpus Christi Bay Bag Seine",NA,NA,"",NA,"CC0_1_0","","",NA,NA,2025-02-06 21:23:18.226,"","CONTINENT_DERIVED_FROM_COORDINATES"
3404887189,"94a6bf19-40a2-4689-ab0e-53edb30b9d36","Station_159_Date_27MAY2008:16:59:00.000_Callinectes_similis","Animalia","Arthropoda","Malacostraca","Decapoda","Portunidae","Callinectes","Callinectes similis",NA,"SPECIES","Callinectes similis Williams, 1966","Callinectes similis","A.B. Williams, 1966","US","Nueces Estuary","Texas","PRESENT",NA,"c3ad790a-d426-4ac1-8e32-da61f81f0117",27.776667,-97.391667,100,NA,NA,NA,0.2,0.2,"2008-05-27T16:59",27,5,2008,2225642,2225642,"HUMAN_OBSERVATION","TPWD","Corpus Christi Bay Bag Seine",NA,NA,"",NA,"CC0_1_0","","",NA,NA,2025-02-06 21:23:17.896,"","CONTINENT_DERIVED_FROM_COORDINATES"
3404887168,"94a6bf19-40a2-4689-ab0e-53edb30b9d36","Station_159_Date_02AUG2006:11:44:00.000_Callinectes_similis","Animalia","Arthropoda","Malacostraca","Decapoda","Portunidae","Callinectes","Callinectes similis",NA,"SPECIES","Callinectes similis Williams, 1966","Callinectes similis","A.B. Williams, 1966","US","Nueces Estuary","Texas","PRESENT",NA,"c3ad790a-d426-4ac1-8e32-da61f81f0117",27.776389,-97.391389,100,NA,NA,NA,0.15,0.15,"2006-08-02T11:44",2,8,2006,2225642,2225642,"HUMAN_OBSERVATION","TPWD","Corpus Christi Bay Bag Seine",NA,NA,"",NA,"CC0_1_0","","",NA,NA,2025-02-06 21:23:17.893,"","CONTINENT_DERIVED_FROM_COORDINATES"
3404886586,"94a6bf19-40a2-4689-ab0e-53edb30b9d36","Station_97_Date_16MAY2006:18:31:00.000_Callinectes_similis","Animalia","Arthropoda","Malacostraca","Decapoda","Portunidae","Callinectes","Callinectes similis",NA,"SPECIES","Callinectes similis Williams, 1966","Callinectes similis","A.B. Williams, 1966","US","Nueces Estuary","Texas","PRESENT",NA,"c3ad790a-d426-4ac1-8e32-da61f81f0117",27.834444,-97.095,100,NA,NA,NA,0.1,0.1,"2006-05-16T18:31",16,5,2006,2225642,2225642,"HUMAN_OBSERVATION","TPWD","Corpus Christi Bay Bag Seine",NA,NA,"",NA,"CC0_1_0","","",NA,NA,2025-02-06 21:23:17.807,"","CONTINENT_DERIVED_FROM_COORDINATES"
3404886470,"94a6bf19-40a2-4689-ab0e-53edb30b9d36","Station_91_Date_08MAR2006:09:22:00.000_Callinectes_similis","Animalia","Arthropoda","Malacostraca","Decapoda","Portunidae","Callinectes","Callinectes similis",NA,"SPECIES","Callinectes similis Williams, 1966","Callinectes similis","A.B. Williams, 1966","US","Nueces Estuary","Texas","PRESENT",NA,"c3ad790a-d426-4ac1-8e32-da61f81f0117",27.837222,-97.220556,100,NA,NA,NA,0.05,0.05,"2006-03-08T09:22",8,3,2006,2225642,2225642,"HUMAN_OBSERVATION","TPWD","Corpus Christi Bay Bag Seine",NA,NA,"",NA,"CC0_1_0","","",NA,NA,2025-02-06 21:23:17.785,"","CONTINENT_DERIVED_FROM_COORDINATES"
3404886445,"94a6bf19-40a2-4689-ab0e-53edb30b9d36","Station_90_Date_20AUG2007:14:52:00.000_Callinectes_similis","Animalia","Arthropoda","Malacostraca","Decapoda","Portunidae","Callinectes","Callinectes similis",NA,"SPECIES","Callinectes similis Williams, 1966","Callinectes similis","A.B. Williams, 1966","US","Nueces Estuary","Texas","PRESENT",NA,"c3ad790a-d426-4ac1-8e32-da61f81f0117",27.846111,-97.240556,100,NA,NA,NA,0.15,0.15,"2007-08-20T14:52",20,8,2007,2225642,2225642,"HUMAN_OBSERVATION","TPWD","Corpus Christi Bay Bag Seine",NA,NA,"",NA,"CC0_1_0","","",NA,NA,2025-02-06 21:23:17.782,"","CONTINENT_DERIVED_FROM_COORDINATES"
3404886010,"94a6bf19-40a2-4689-ab0e-53edb30b9d36","Station_156_Date_27MAR2006:11:14:00.000_Callinectes_similis","Animalia","Arthropoda","Malacostraca","Decapoda","Portunidae","Callinectes","Callinectes similis",NA,"SPECIES","Callinectes similis Williams, 1966","Callinectes similis","A.B. Williams, 1966","US","Nueces Estuary","Texas","PRESENT",NA,"c3ad790a-d426-4ac1-8e32-da61f81f0117",27.785,-97.121944,100,NA,NA,NA,0.2,0.2,"2006-03-27T11:14",27,3,2006,2225642,2225642,"HUMAN_OBSERVATION","TPWD","Corpus Christi Bay Bag Seine",NA,NA,"",NA,"CC0_1_0","","",NA,NA,2025-02-06 21:23:18.717,"","CONTINENT_DERIVED_FROM_COORDINATES"
3404885569,"94a6bf19-40a2-4689-ab0e-53edb30b9d36","Station_111_Date_02MAR2007:11:28:00.000_Callinectes_similis","Animalia","Arthropoda","Malacostraca","Decapoda","Portunidae","Callinectes","Callinectes similis",NA,"SPECIES","Callinectes similis Williams, 1966","Callinectes similis","A.B. Williams, 1966","US","Nueces Estuary","Texas","PRESENT",NA,"c3ad790a-d426-4ac1-8e32-da61f81f0117",27.821667,-97.215556,100,NA,NA,NA,0.1,0.1,"2007-03-02T11:28",2,3,2007,2225642,2225642,"HUMAN_OBSERVATION","TPWD","Corpus Christi Bay Bag Seine",NA,NA,"",NA,"CC0_1_0","","",NA,NA,2025-02-06 21:23:18.598,"","CONTINENT_DERIVED_FROM_COORDINATES"
3404885551,"94a6bf19-40a2-4689-ab0e-53edb30b9d36","Station_110_Date_16MAY2006:16:47:00.000_Callinectes_similis","Animalia","Arthropoda","Malacostraca","Decapoda","Portunidae","Callinectes","Callinectes similis",NA,"SPECIES","Callinectes similis Williams, 1966","Callinectes similis","A.B. Williams, 1966","US","Nueces Estuary","Texas","PRESENT",NA,"c3ad790a-d426-4ac1-8e32-da61f81f0117",27.825,-97.223333,100,NA,NA,NA,0.4,0.4,"2006-05-16T16:47",16,5,2006,2225642,2225642,"HUMAN_OBSERVATION","TPWD","Corpus Christi Bay Bag Seine",NA,NA,"",NA,"CC0_1_0","","",NA,NA,2025-02-06 21:23:18.595,"","CONTINENT_DERIVED_FROM_COORDINATES"
3404885414,"94a6bf19-40a2-4689-ab0e-53edb30b9d36","Station_96_Date_02OCT2006:16:50:00.000_Callinectes_similis","Animalia","Arthropoda","Malacostraca","Decapoda","Portunidae","Callinectes","Callinectes similis",NA,"SPECIES","Callinectes similis Williams, 1966","Callinectes similis","A.B. Williams, 1966","US","Nueces Estuary","Texas","PRESENT",NA,"c3ad790a-d426-4ac1-8e32-da61f81f0117",27.838056,-97.110278,100,NA,NA,NA,NA,NA,"2006-10-02T16:50",2,10,2006,2225642,2225642,"HUMAN_OBSERVATION","TPWD","Corpus Christi Bay Bag Seine",NA,NA,"",NA,"CC0_1_0","","",NA,NA,2025-02-06 21:23:18.559,"","CONTINENT_DERIVED_FROM_COORDINATES"
3404885293,"94a6bf19-40a2-4689-ab0e-53edb30b9d36","Station_159_Date_27JUL2005:10:50:00.000_Callinectes_similis","Animalia","Arthropoda","Malacostraca","Decapoda","Portunidae","Callinectes","Callinectes similis",NA,"SPECIES","Callinectes similis Williams, 1966","Callinectes similis","A.B. Williams, 1966","US","Nueces Estuary","Texas","PRESENT",NA,"c3ad790a-d426-4ac1-8e32-da61f81f0117",27.776389,-97.391667,100,NA,NA,NA,0.2,0.2,"2005-07-27T10:50",27,7,2005,2225642,2225642,"HUMAN_OBSERVATION","TPWD","Corpus Christi Bay Bag Seine",NA,NA,"",NA,"CC0_1_0","","",NA,NA,2025-02-06 21:23:18.285,"","CONTINENT_DERIVED_FROM_COORDINATES"
3404885219,"94a6bf19-40a2-4689-ab0e-53edb30b9d36","Station_140_Date_27JUL2005:10:29:00.000_Callinectes_similis","Animalia","Arthropoda","Malacostraca","Decapoda","Portunidae","Callinectes","Callinectes similis",NA,"SPECIES","Callinectes similis Williams, 1966","Callinectes similis","A.B. Williams, 1966","US","Nueces Estuary","Texas","PRESENT",NA,"c3ad790a-d426-4ac1-8e32-da61f81f0117",27.7875,-97.393056,100,NA,NA,NA,0.2,0.2,"2005-07-27T10:29",27,7,2005,2225642,2225642,"HUMAN_OBSERVATION","TPWD","Corpus Christi Bay Bag Seine",NA,NA,"",NA,"CC0_1_0","","",NA,NA,2025-02-06 21:23:18.272,"","CONTINENT_DERIVED_FROM_COORDINATES"
3404885097,"94a6bf19-40a2-4689-ab0e-53edb30b9d36","Station_133_Date_16JUL2008:11:52:00.000_Callinectes_similis","Animalia","Arthropoda","Malacostraca","Decapoda","Portunidae","Callinectes","Callinectes similis",NA,"SPECIES","Callinectes similis Williams, 1966","Callinectes similis","A.B. Williams, 1966","US","Nueces Estuary","Texas","PRESENT",NA,"c3ad790a-d426-4ac1-8e32-da61f81f0117",27.810833,-97.171389,100,NA,NA,NA,0.1,0.1,"2008-07-16T11:52",16,7,2008,2225642,2225642,"HUMAN_OBSERVATION","TPWD","Corpus Christi Bay Bag Seine",NA,NA,"",NA,"CC0_1_0","","",NA,NA,2025-02-06 21:23:18.256,"","CONTINENT_DERIVED_FROM_COORDINATES"
3404885085,"94a6bf19-40a2-4689-ab0e-53edb30b9d36","Station_132_Date_21NOV2005:10:11:00.000_Callinectes_similis","Animalia","Arthropoda","Malacostraca","Decapoda","Portunidae","Callinectes","Callinectes similis",NA,"SPECIES","Callinectes similis Williams, 1966","Callinectes similis","A.B. Williams, 1966","US","Nueces Estuary","Texas","PRESENT",NA,"c3ad790a-d426-4ac1-8e32-da61f81f0117",27.815556,-97.193333,100,NA,NA,NA,0.1,0.1,"2005-11-21T10:11",21,11,2005,2225642,2225642,"HUMAN_OBSERVATION","TPWD","Corpus Christi Bay Bag Seine",NA,NA,"",NA,"CC0_1_0","","",NA,NA,2025-02-06 21:23:18.254,"","CONTINENT_DERIVED_FROM_COORDINATES"
3404884949,"94a6bf19-40a2-4689-ab0e-53edb30b9d36","Station_116_Date_24JUN2008:12:53:00.000_Callinectes_similis","Animalia","Arthropoda","Malacostraca","Decapoda","Portunidae","Callinectes","Callinectes similis",NA,"SPECIES","Callinectes similis Williams, 1966","Callinectes similis","A.B. Williams, 1966","US","Nueces Estuary","Texas","PRESENT",NA,"c3ad790a-d426-4ac1-8e32-da61f81f0117",27.829167,-97.119444,100,NA,NA,NA,0.15,0.15,"2008-06-24T12:53",24,6,2008,2225642,2225642,"HUMAN_OBSERVATION","TPWD","Corpus Christi Bay Bag Seine",NA,NA,"",NA,"CC0_1_0","","",NA,NA,2025-02-06 21:23:18.227,"","CONTINENT_DERIVED_FROM_COORDINATES"
3404884897,"94a6bf19-40a2-4689-ab0e-53edb30b9d36","Station_115_Date_02OCT2006:17:50:00.000_Callinectes_similis","Animalia","Arthropoda","Malacostraca","Decapoda","Portunidae","Callinectes","Callinectes similis",NA,"SPECIES","Callinectes similis Williams, 1966","Callinectes similis","A.B. Williams, 1966","US","Nueces Estuary","Texas","PRESENT",NA,"c3ad790a-d426-4ac1-8e32-da61f81f0117",27.820833,-97.1425,100,NA,NA,NA,0.1,0.1,"2006-10-02T17:50",2,10,2006,2225642,2225642,"HUMAN_OBSERVATION","TPWD","Corpus Christi Bay Bag Seine",NA,NA,"",NA,"CC0_1_0","","",NA,NA,2025-02-06 21:23:18.218,"","CONTINENT_DERIVED_FROM_COORDINATES"
3404884754,"94a6bf19-40a2-4689-ab0e-53edb30b9d36","Station_101_Date_25OCT2005:15:44:00.000_Callinectes_similis","Animalia","Arthropoda","Malacostraca","Decapoda","Portunidae","Callinectes","Callinectes similis",NA,"SPECIES","Callinectes similis Williams, 1966","Callinectes similis","A.B. Williams, 1966","US","Nueces Estuary","Texas","PRESENT",NA,"c3ad790a-d426-4ac1-8e32-da61f81f0117",27.833056,-97.379167,100,NA,NA,NA,0.35,0.35,"2005-10-25T15:44",25,10,2005,2225642,2225642,"HUMAN_OBSERVATION","TPWD","Corpus Christi Bay Bag Seine",NA,NA,"",NA,"CC0_1_0","","",NA,NA,2025-02-06 21:23:18.195,"","CONTINENT_DERIVED_FROM_COORDINATES"
3404884630,"94a6bf19-40a2-4689-ab0e-53edb30b9d36","Station_93_Date_24APR2006:17:02:00.000_Callinectes_similis","Animalia","Arthropoda","Malacostraca","Decapoda","Portunidae","Callinectes","Callinectes similis",NA,"SPECIES","Callinectes similis Williams, 1966","Callinectes similis","A.B. Williams, 1966","US","Nueces Estuary","Texas","PRESENT",NA,"c3ad790a-d426-4ac1-8e32-da61f81f0117",27.843056,-97.160833,100,NA,NA,NA,0.2,0.2,"2006-04-24T17:02",24,4,2006,2225642,2225642,"HUMAN_OBSERVATION","TPWD","Corpus Christi Bay Bag Seine",NA,NA,"",NA,"CC0_1_0","","",NA,NA,2025-02-06 21:23:18.176,"","CONTINENT_DERIVED_FROM_COORDINATES"
3404884581,"94a6bf19-40a2-4689-ab0e-53edb30b9d36","Station_91_Date_06NOV2007:16:40:00.000_Callinectes_similis","Animalia","Arthropoda","Malacostraca","Decapoda","Portunidae","Callinectes","Callinectes similis",NA,"SPECIES","Callinectes similis Williams, 1966","Callinectes similis","A.B. Williams, 1966","US","Nueces Estuary","Texas","PRESENT",NA,"c3ad790a-d426-4ac1-8e32-da61f81f0117",27.834444,-97.226667,100,NA,NA,NA,0.2,0.2,"2007-11-06T16:40",6,11,2007,2225642,2225642,"HUMAN_OBSERVATION","TPWD","Corpus Christi Bay Bag Seine",NA,NA,"",NA,"CC0_1_0","","",NA,NA,2025-02-06 21:23:18.168,"","CONTINENT_DERIVED_FROM_COORDINATES"
3404884129,"94a6bf19-40a2-4689-ab0e-53edb30b9d36","Station_140_Date_18JUL2007:09:22:00.000_Callinectes_similis","Animalia","Arthropoda","Malacostraca","Decapoda","Portunidae","Callinectes","Callinectes similis",NA,"SPECIES","Callinectes similis Williams, 1966","Callinectes similis","A.B. Williams, 1966","US","Nueces Estuary","Texas","PRESENT",NA,"c3ad790a-d426-4ac1-8e32-da61f81f0117",27.787222,-97.393056,100,NA,NA,NA,0.15,0.15,"2007-07-18T09:22",18,7,2007,2225642,2225642,"HUMAN_OBSERVATION","TPWD","Corpus Christi Bay Bag Seine",NA,NA,"",NA,"CC0_1_0","","",NA,NA,2025-02-06 21:23:18.569,"","CONTINENT_DERIVED_FROM_COORDINATES"
3404883976,"94a6bf19-40a2-4689-ab0e-53edb30b9d36","Station_131_Date_03MAY2005:16:44:00.000_Callinectes_similis","Animalia","Arthropoda","Malacostraca","Decapoda","Portunidae","Callinectes","Callinectes similis",NA,"SPECIES","Callinectes similis Williams, 1966","Callinectes similis","A.B. Williams, 1966","US","Nueces Estuary","Texas","PRESENT",NA,"c3ad790a-d426-4ac1-8e32-da61f81f0117",27.811944,-97.214444,100,NA,NA,NA,0.1,0.1,"2005-05-03T16:44",3,5,2005,2225642,2225642,"HUMAN_OBSERVATION","TPWD","Corpus Christi Bay Bag Seine",NA,NA,"",NA,"CC0_1_0","","",NA,NA,2025-02-06 21:23:18.522,"","CONTINENT_DERIVED_FROM_COORDINATES"
3404883749,"94a6bf19-40a2-4689-ab0e-53edb30b9d36","Station_111_Date_10JUL2007:12:15:00.000_Callinectes_similis","Animalia","Arthropoda","Malacostraca","Decapoda","Portunidae","Callinectes","Callinectes similis",NA,"SPECIES","Callinectes similis Williams, 1966","Callinectes similis","A.B. Williams, 1966","US","Nueces Estuary","Texas","PRESENT",NA,"c3ad790a-d426-4ac1-8e32-da61f81f0117",27.820833,-97.212778,100,NA,NA,NA,0.3,0.2,"2007-07-10T12:15",10,7,2007,2225642,2225642,"HUMAN_OBSERVATION","TPWD","Corpus Christi Bay Bag Seine",NA,NA,"",NA,"CC0_1_0","","",NA,NA,2025-02-06 21:23:18.457,"","CONTINENT_DERIVED_FROM_COORDINATES"
3404883375,"94a6bf19-40a2-4689-ab0e-53edb30b9d36","Station_73_Date_06NOV2007:15:06:00.000_Callinectes_similis","Animalia","Arthropoda","Malacostraca","Decapoda","Portunidae","Callinectes","Callinectes similis",NA,"SPECIES","Callinectes similis Williams, 1966","Callinectes similis","A.B. Williams, 1966","US","Nueces Estuary","Texas","PRESENT",NA,"c3ad790a-d426-4ac1-8e32-da61f81f0117",27.866389,-97.260556,100,NA,NA,NA,0.25,0.25,"2007-11-06T15:06",6,11,2007,2225642,2225642,"HUMAN_OBSERVATION","TPWD","Corpus Christi Bay Bag Seine",NA,NA,"",NA,"CC0_1_0","","",NA,NA,2025-02-06 21:23:18.359,"","CONTINENT_DERIVED_FROM_COORDINATES"
3404882683,"94a6bf19-40a2-4689-ab0e-53edb30b9d36","Station_117_Date_03OCT2007:09:20:00.000_Callinectes_similis","Animalia","Arthropoda","Malacostraca","Decapoda","Portunidae","Callinectes","Callinectes similis",NA,"SPECIES","Callinectes similis Williams, 1966","Callinectes similis","A.B. Williams, 1966","US","Nueces Estuary","Texas","PRESENT",NA,"c3ad790a-d426-4ac1-8e32-da61f81f0117",27.8325,-97.104167,100,NA,NA,NA,0.15,0.15,"2007-10-03T09:20",3,10,2007,2225642,2225642,"HUMAN_OBSERVATION","TPWD","Corpus Christi Bay Bag Seine",NA,NA,"",NA,"CC0_1_0","","",NA,NA,2025-02-06 21:23:18.032,"","CONTINENT_DERIVED_FROM_COORDINATES"
3404882512,"94a6bf19-40a2-4689-ab0e-53edb30b9d36","Station_110_Date_02JUN2008:17:58:00.000_Callinectes_similis","Animalia","Arthropoda","Malacostraca","Decapoda","Portunidae","Callinectes","Callinectes similis",NA,"SPECIES","Callinectes similis Williams, 1966","Callinectes similis","A.B. Williams, 1966","US","Nueces Estuary","Texas","PRESENT",NA,"c3ad790a-d426-4ac1-8e32-da61f81f0117",27.824444,-97.222222,100,NA,NA,NA,0.4,0.4,"2008-06-02T17:58",2,6,2008,2225642,2225642,"HUMAN_OBSERVATION","TPWD","Corpus Christi Bay Bag Seine",NA,NA,"",NA,"CC0_1_0","","",NA,NA,2025-02-06 21:23:18.002,"","CONTINENT_DERIVED_FROM_COORDINATES"
3404882425,"94a6bf19-40a2-4689-ab0e-53edb30b9d36","Station_97_Date_27APR2005:16:58:00.000_Callinectes_similis","Animalia","Arthropoda","Malacostraca","Decapoda","Portunidae","Callinectes","Callinectes similis",NA,"SPECIES","Callinectes similis Williams, 1966","Callinectes similis","A.B. Williams, 1966","US","Nueces Estuary","Texas","PRESENT",NA,"c3ad790a-d426-4ac1-8e32-da61f81f0117",27.835278,-97.0875,100,NA,NA,NA,0.15,0.15,"2005-04-27T16:58",27,4,2005,2225642,2225642,"HUMAN_OBSERVATION","TPWD","Corpus Christi Bay Bag Seine",NA,NA,"",NA,"CC0_1_0","","",NA,NA,2025-02-06 21:23:17.991,"","CONTINENT_DERIVED_FROM_COORDINATES"
3404882413,"94a6bf19-40a2-4689-ab0e-53edb30b9d36","Station_97_Date_02OCT2006:16:13:00.000_Callinectes_similis","Animalia","Arthropoda","Malacostraca","Decapoda","Portunidae","Callinectes","Callinectes similis",NA,"SPECIES","Callinectes similis Williams, 1966","Callinectes similis","A.B. Williams, 1966","US","Nueces Estuary","Texas","PRESENT",NA,"c3ad790a-d426-4ac1-8e32-da61f81f0117",27.834444,-97.093333,100,NA,NA,NA,0.15,0.15,"2006-10-02T16:13",2,10,2006,2225642,2225642,"HUMAN_OBSERVATION","TPWD","Corpus Christi Bay Bag Seine",NA,NA,"",NA,"CC0_1_0","","",NA,NA,2025-02-06 21:23:17.989,"","CONTINENT_DERIVED_FROM_COORDINATES"
3404882371,"94a6bf19-40a2-4689-ab0e-53edb30b9d36","Station_94_Date_27JUN2007:12:42:00.000_Callinectes_similis","Animalia","Arthropoda","Malacostraca","Decapoda","Portunidae","Callinectes","Callinectes similis",NA,"SPECIES","Callinectes similis Williams, 1966","Callinectes similis","A.B. Williams, 1966","US","Nueces Estuary","Texas","PRESENT",NA,"c3ad790a-d426-4ac1-8e32-da61f81f0117",27.849167,-97.137222,100,NA,NA,NA,0.15,0.15,"2007-06-27T12:42",27,6,2007,2225642,2225642,"HUMAN_OBSERVATION","TPWD","Corpus Christi Bay Bag Seine",NA,NA,"",NA,"CC0_1_0","","",NA,NA,2025-02-06 21:23:17.984,"","CONTINENT_DERIVED_FROM_COORDINATES"
3404881639,"94a6bf19-40a2-4689-ab0e-53edb30b9d36","Station_111_Date_09MAR2005:09:12:00.000_Callinectes_similis","Animalia","Arthropoda","Malacostraca","Decapoda","Portunidae","Callinectes","Callinectes similis",NA,"SPECIES","Callinectes similis Williams, 1966","Callinectes similis","A.B. Williams, 1966","US","Nueces Estuary","Texas","PRESENT",NA,"c3ad790a-d426-4ac1-8e32-da61f81f0117",27.821111,-97.213889,100,NA,NA,NA,0.2,0.2,"2005-03-09T09:12",9,3,2005,2225642,2225642,"HUMAN_OBSERVATION","TPWD","Corpus Christi Bay Bag Seine",NA,NA,"",NA,"CC0_1_0","","",NA,NA,2025-02-06 21:23:18.601,"","CONTINENT_DERIVED_FROM_COORDINATES"
3404881504,"94a6bf19-40a2-4689-ab0e-53edb30b9d36","Station_97_Date_09JUL2007:12:02:00.000_Callinectes_similis","Animalia","Arthropoda","Malacostraca","Decapoda","Portunidae","Callinectes","Callinectes similis",NA,"SPECIES","Callinectes similis Williams, 1966","Callinectes similis","A.B. Williams, 1966","US","Nueces Estuary","Texas","PRESENT",NA,"c3ad790a-d426-4ac1-8e32-da61f81f0117",27.833889,-97.091944,100,NA,NA,NA,0.1,0.1,"2007-07-09T12:02",9,7,2007,2225642,2225642,"HUMAN_OBSERVATION","TPWD","Corpus Christi Bay Bag Seine",NA,NA,"",NA,"CC0_1_0","","",NA,NA,2025-02-06 21:23:18.564,"","CONTINENT_DERIVED_FROM_COORDINATES"
3404881482,"94a6bf19-40a2-4689-ab0e-53edb30b9d36","Station_95_Date_19OCT2005:15:56:00.000_Callinectes_similis","Animalia","Arthropoda","Malacostraca","Decapoda","Portunidae","Callinectes","Callinectes similis",NA,"SPECIES","Callinectes similis Williams, 1966","Callinectes similis","A.B. Williams, 1966","US","Nueces Estuary","Texas","PRESENT",NA,"c3ad790a-d426-4ac1-8e32-da61f81f0117",27.840278,-97.1275,100,NA,NA,NA,0.05,0.05,"2005-10-19T15:56",19,10,2005,2225642,2225642,"HUMAN_OBSERVATION","TPWD","Corpus Christi Bay Bag Seine",NA,NA,"",NA,"CC0_1_0","","",NA,NA,2025-02-06 21:23:18.556,"","CONTINENT_DERIVED_FROM_COORDINATES"
3404881245,"94a6bf19-40a2-4689-ab0e-53edb30b9d36","Station_175_Date_19APR2006:17:52:00.000_Callinectes_similis","Animalia","Arthropoda","Malacostraca","Decapoda","Portunidae","Callinectes","Callinectes similis",NA,"SPECIES","Callinectes similis Williams, 1966","Callinectes similis","A.B. Williams, 1966","US","Nueces Estuary","Texas","PRESENT",NA,"c3ad790a-d426-4ac1-8e32-da61f81f0117",27.778611,-97.126389,100,NA,NA,NA,0.1,0.1,"2006-04-19T17:52",19,4,2006,2225642,2225642,"HUMAN_OBSERVATION","TPWD","Corpus Christi Bay Bag Seine",NA,NA,"",NA,"CC0_1_0","","",NA,NA,2025-02-06 21:23:18.098,"","CONTINENT_DERIVED_FROM_COORDINATES"
3404880951,"94a6bf19-40a2-4689-ab0e-53edb30b9d36","Station_135_Date_01JUN2005:17:14:00.000_Callinectes_similis","Animalia","Arthropoda","Malacostraca","Decapoda","Portunidae","Callinectes","Callinectes similis",NA,"SPECIES","Callinectes similis Williams, 1966","Callinectes similis","A.B. Williams, 1966","US","Nueces Estuary","Texas","PRESENT",NA,"c3ad790a-d426-4ac1-8e32-da61f81f0117",27.814444,-97.148056,100,NA,NA,NA,0.1,0.1,"2005-06-01T17:14",1,6,2005,2225642,2225642,"HUMAN_OBSERVATION","TPWD","Corpus Christi Bay Bag Seine",NA,NA,"",NA,"CC0_1_0","","",NA,NA,2025-02-06 21:23:18.054,"","CONTINENT_DERIVED_FROM_COORDINATES"
3404880917,"94a6bf19-40a2-4689-ab0e-53edb30b9d36","Station_132_Date_15FEB2008:09:47:00.000_Callinectes_similis","Animalia","Arthropoda","Malacostraca","Decapoda","Portunidae","Callinectes","Callinectes similis",NA,"SPECIES","Callinectes similis Williams, 1966","Callinectes similis","A.B. Williams, 1966","US","Nueces Estuary","Texas","PRESENT",NA,"c3ad790a-d426-4ac1-8e32-da61f81f0117",27.816111,-97.192222,100,NA,NA,NA,3.3,3.3,"2008-02-15T09:47",15,2,2008,2225642,2225642,"HUMAN_OBSERVATION","TPWD","Corpus Christi Bay Bag Seine",NA,NA,"",NA,"CC0_1_0","","",NA,NA,2025-02-06 21:23:18.048,"","CONTINENT_DERIVED_FROM_COORDINATES"
3404880796,"94a6bf19-40a2-4689-ab0e-53edb30b9d36","Station_117_Date_13JUL2005:12:38:00.000_Callinectes_similis","Animalia","Arthropoda","Malacostraca","Decapoda","Portunidae","Callinectes","Callinectes similis",NA,"SPECIES","Callinectes similis Williams, 1966","Callinectes similis","A.B. Williams, 1966","US","Nueces Estuary","Texas","PRESENT",NA,"c3ad790a-d426-4ac1-8e32-da61f81f0117",27.831389,-97.109167,100,NA,NA,NA,0.15,0.15,"2005-07-13T12:38",13,7,2005,2225642,2225642,"HUMAN_OBSERVATION","TPWD","Corpus Christi Bay Bag Seine",NA,NA,"",NA,"CC0_1_0","","",NA,NA,2025-02-06 21:23:18.033,"","CONTINENT_DERIVED_FROM_COORDINATES"
3404880785,"94a6bf19-40a2-4689-ab0e-53edb30b9d36","Station_116_Date_30AUG2006:11:43:00.000_Callinectes_similis","Animalia","Arthropoda","Malacostraca","Decapoda","Portunidae","Callinectes","Callinectes similis",NA,"SPECIES","Callinectes similis Williams, 1966","Callinectes similis","A.B. Williams, 1966","US","Nueces Estuary","Texas","PRESENT",NA,"c3ad790a-d426-4ac1-8e32-da61f81f0117",27.831667,-97.119722,100,NA,NA,NA,0.25,0.25,"2006-08-30T11:43",30,8,2006,2225642,2225642,"HUMAN_OBSERVATION","TPWD","Corpus Christi Bay Bag Seine",NA,NA,"",NA,"CC0_1_0","","",NA,NA,2025-02-06 21:23:18.032,"","CONTINENT_DERIVED_FROM_COORDINATES"
3404880609,"94a6bf19-40a2-4689-ab0e-53edb30b9d36","Station_110_Date_23FEB2005:14:45:00.000_Callinectes_similis","Animalia","Arthropoda","Malacostraca","Decapoda","Portunidae","Callinectes","Callinectes similis",NA,"SPECIES","Callinectes similis Williams, 1966","Callinectes similis","A.B. Williams, 1966","US","Nueces Estuary","Texas","PRESENT",NA,"c3ad790a-d426-4ac1-8e32-da61f81f0117",27.823056,-97.217222,100,NA,NA,NA,0.25,0.25,"2005-02-23T14:45",23,2,2005,2225642,2225642,"HUMAN_OBSERVATION","TPWD","Corpus Christi Bay Bag Seine",NA,NA,"",NA,"CC0_1_0","","",NA,NA,2025-02-06 21:23:18.004,"","CONTINENT_DERIVED_FROM_COORDINATES"
3404880505,"94a6bf19-40a2-4689-ab0e-53edb30b9d36","Station_97_Date_14JUL2006:11:08:00.000_Callinectes_similis","Animalia","Arthropoda","Malacostraca","Decapoda","Portunidae","Callinectes","Callinectes similis",NA,"SPECIES","Callinectes similis Williams, 1966","Callinectes similis","A.B. Williams, 1966","US","Nueces Estuary","Texas","PRESENT",NA,"c3ad790a-d426-4ac1-8e32-da61f81f0117",27.834444,-97.094444,100,NA,NA,NA,0.1,0.1,"2006-07-14T11:08",14,7,2006,2225642,2225642,"HUMAN_OBSERVATION","TPWD","Corpus Christi Bay Bag Seine",NA,NA,"",NA,"CC0_1_0","","",NA,NA,2025-02-06 21:23:17.99,"","CONTINENT_DERIVED_FROM_COORDINATES"
3404879746,"94a6bf19-40a2-4689-ab0e-53edb30b9d36","Station_115_Date_07DEC2007:10:57:00.000_Callinectes_similis","Animalia","Arthropoda","Malacostraca","Decapoda","Portunidae","Callinectes","Callinectes similis",NA,"SPECIES","Callinectes similis Williams, 1966","Callinectes similis","A.B. Williams, 1966","US","Nueces Estuary","Texas","PRESENT",NA,"c3ad790a-d426-4ac1-8e32-da61f81f0117",27.821667,-97.144722,100,NA,NA,NA,0.25,0.25,"2007-12-07T10:57",7,12,2007,2225642,2225642,"HUMAN_OBSERVATION","TPWD","Corpus Christi Bay Bag Seine",NA,NA,"",NA,"CC0_1_0","","",NA,NA,2025-02-06 21:23:18.487,"","CONTINENT_DERIVED_FROM_COORDINATES"
3404879483,"94a6bf19-40a2-4689-ab0e-53edb30b9d36","Station_94_Date_13JUN2006:17:32:00.000_Callinectes_similis","Animalia","Arthropoda","Malacostraca","Decapoda","Portunidae","Callinectes","Callinectes similis",NA,"SPECIES","Callinectes similis Williams, 1966","Callinectes similis","A.B. Williams, 1966","US","Nueces Estuary","Texas","PRESENT",NA,"c3ad790a-d426-4ac1-8e32-da61f81f0117",27.848889,-97.139167,100,NA,NA,NA,0.1,0.1,"2006-06-13T17:32",13,6,2006,2225642,2225642,"HUMAN_OBSERVATION","TPWD","Corpus Christi Bay Bag Seine",NA,NA,"",NA,"CC0_1_0","","",NA,NA,2025-02-06 21:23:18.412,"","CONTINENT_DERIVED_FROM_COORDINATES"
3404878760,"94a6bf19-40a2-4689-ab0e-53edb30b9d36","Station_116_Date_01JUN2005:18:34:00.000_Callinectes_similis","Animalia","Arthropoda","Malacostraca","Decapoda","Portunidae","Callinectes","Callinectes similis",NA,"SPECIES","Callinectes similis Williams, 1966","Callinectes similis","A.B. Williams, 1966","US","Nueces Estuary","Texas","PRESENT",NA,"c3ad790a-d426-4ac1-8e32-da61f81f0117",27.828333,-97.126389,100,NA,NA,NA,0.1,0.1,"2005-06-01T18:34",1,6,2005,2225642,2225642,"HUMAN_OBSERVATION","TPWD","Corpus Christi Bay Bag Seine",NA,NA,"",NA,"CC0_1_0","","",NA,NA,2025-02-06 21:23:17.836,"","CONTINENT_DERIVED_FROM_COORDINATES"
3404878698,"94a6bf19-40a2-4689-ab0e-53edb30b9d36","Station_113_Date_11NOV2008:10:04:00.000_Callinectes_similis","Animalia","Arthropoda","Malacostraca","Decapoda","Portunidae","Callinectes","Callinectes similis",NA,"SPECIES","Callinectes similis Williams, 1966","Callinectes similis","A.B. Williams, 1966","US","Nueces Estuary","Texas","PRESENT",NA,"c3ad790a-d426-4ac1-8e32-da61f81f0117",27.8175,-97.181389,100,NA,NA,NA,0.5,0.5,"2008-11-11T10:04",11,11,2008,2225642,2225642,"HUMAN_OBSERVATION","TPWD","Corpus Christi Bay Bag Seine",NA,NA,"",NA,"CC0_1_0","","",NA,NA,2025-02-06 21:23:17.829,"","CONTINENT_DERIVED_FROM_COORDINATES"
3404878475,"94a6bf19-40a2-4689-ab0e-53edb30b9d36","Station_93_Date_30AUG2006:12:14:00.000_Callinectes_similis","Animalia","Arthropoda","Malacostraca","Decapoda","Portunidae","Callinectes","Callinectes similis",NA,"SPECIES","Callinectes similis Williams, 1966","Callinectes similis","A.B. Williams, 1966","US","Nueces Estuary","Texas","PRESENT",NA,"c3ad790a-d426-4ac1-8e32-da61f81f0117",27.839722,-97.165278,100,NA,NA,NA,0.15,0.15,"2006-08-30T12:14",30,8,2006,2225642,2225642,"HUMAN_OBSERVATION","TPWD","Corpus Christi Bay Bag Seine",NA,NA,"",NA,"CC0_1_0","","",NA,NA,2025-02-06 21:23:17.799,"","CONTINENT_DERIVED_FROM_COORDINATES"
3404877185,"94a6bf19-40a2-4689-ab0e-53edb30b9d36","Station_58_Date_24MAR2005:11:34:00.000_Callinectes_similis","Animalia","Arthropoda","Malacostraca","Decapoda","Portunidae","Callinectes","Callinectes similis",NA,"SPECIES","Callinectes similis Williams, 1966","Callinectes similis","A.B. Williams, 1966","US","Nueces Estuary","Texas","PRESENT",NA,"c3ad790a-d426-4ac1-8e32-da61f81f0117",27.874167,-97.310556,100,NA,NA,NA,0.05,0.05,"2005-03-24T11:34",24,3,2005,2225642,2225642,"HUMAN_OBSERVATION","TPWD","Corpus Christi Bay Bag Seine",NA,NA,"",NA,"CC0_1_0","","",NA,NA,2025-02-06 21:23:17.749,"","CONTINENT_DERIVED_FROM_COORDINATES"
3404876857,"94a6bf19-40a2-4689-ab0e-53edb30b9d36","Station_30_Date_02MAY2006:18:24:00.000_Callinectes_similis","Animalia","Arthropoda","Malacostraca","Decapoda","Portunidae","Callinectes","Callinectes similis",NA,"SPECIES","Callinectes similis Williams, 1966","Callinectes similis","A.B. Williams, 1966","US","Nueces Estuary","Texas","PRESENT",NA,"c3ad790a-d426-4ac1-8e32-da61f81f0117",27.845278,-97.489722,100,NA,NA,NA,0.35,0.35,"2006-05-02T18:24",2,5,2006,2225642,2225642,"HUMAN_OBSERVATION","TPWD","Corpus Christi Bay Bag Seine",NA,NA,"",NA,"CC0_1_0","","",NA,NA,2025-02-06 21:23:17.701,"","CONTINENT_DERIVED_FROM_COORDINATES"
3404876120,"94a6bf19-40a2-4689-ab0e-53edb30b9d36","Station_68_Date_27MAY2008:17:49:00.000_Callinectes_similis","Animalia","Arthropoda","Malacostraca","Decapoda","Portunidae","Callinectes","Callinectes similis",NA,"SPECIES","Callinectes similis Williams, 1966","Callinectes similis","A.B. Williams, 1966","US","Nueces Estuary","Texas","PRESENT",NA,"c3ad790a-d426-4ac1-8e32-da61f81f0117",27.864167,-97.334167,100,NA,NA,NA,0.15,0.15,"2008-05-27T17:49",27,5,2008,2225642,2225642,"HUMAN_OBSERVATION","TPWD","Corpus Christi Bay Bag Seine",NA,NA,"",NA,"CC0_1_0","","",NA,NA,2025-02-06 21:23:18.482,"","CONTINENT_DERIVED_FROM_COORDINATES"
3404875920,"94a6bf19-40a2-4689-ab0e-53edb30b9d36","Station_43_Date_21MAY2008:18:27:00.000_Callinectes_similis","Animalia","Arthropoda","Malacostraca","Decapoda","Portunidae","Callinectes","Callinectes similis",NA,"SPECIES","Callinectes similis Williams, 1966","Callinectes similis","A.B. Williams, 1966","US","Nueces Estuary","Texas","PRESENT",NA,"c3ad790a-d426-4ac1-8e32-da61f81f0117",27.828889,-97.448889,100,NA,NA,NA,0.35,0.35,"2008-05-21T18:27",21,5,2008,2225642,2225642,"HUMAN_OBSERVATION","TPWD","Corpus Christi Bay Bag Seine",NA,NA,"",NA,"CC0_1_0","","",NA,NA,2025-02-06 21:23:18.417,"","CONTINENT_DERIVED_FROM_COORDINATES"
3404875706,"94a6bf19-40a2-4689-ab0e-53edb30b9d36","Station_29_Date_07MAR2006:14:24:00.000_Callinectes_similis","Animalia","Arthropoda","Malacostraca","Decapoda","Portunidae","Callinectes","Callinectes similis",NA,"SPECIES","Callinectes similis Williams, 1966","Callinectes similis","A.B. Williams, 1966","US","Nueces Estuary","Texas","PRESENT",NA,"c3ad790a-d426-4ac1-8e32-da61f81f0117",27.630833,-97.219167,100,NA,NA,NA,0.2,0.2,"2006-03-07T14:24",7,3,2006,2225642,2225642,"HUMAN_OBSERVATION","TPWD","Corpus Christi Bay Bag Seine",NA,NA,"",NA,"CC0_1_0","","",NA,NA,2025-02-06 21:23:18.359,"","CONTINENT_DERIVED_FROM_COORDINATES"
3404874713,"94a6bf19-40a2-4689-ab0e-53edb30b9d36","Station_21_Date_21APR2008:16:52:00.000_Callinectes_similis","Animalia","Arthropoda","Malacostraca","Decapoda","Portunidae","Callinectes","Callinectes similis",NA,"SPECIES","Callinectes similis Williams, 1966","Callinectes similis","A.B. Williams, 1966","US","Nueces Estuary","Texas","PRESENT",NA,"c3ad790a-d426-4ac1-8e32-da61f81f0117",27.864722,-97.459167,100,NA,NA,NA,0.6,0,"2008-04-21T16:52",21,4,2008,2225642,2225642,"HUMAN_OBSERVATION","TPWD","Corpus Christi Bay Bag Seine",NA,NA,"",NA,"CC0_1_0","","",NA,NA,2025-02-06 21:23:18.019,"","CONTINENT_DERIVED_FROM_COORDINATES"
3404874663,"94a6bf19-40a2-4689-ab0e-53edb30b9d36","Station_20_Date_17APR2007:17:49:00.000_Callinectes_similis","Animalia","Arthropoda","Malacostraca","Decapoda","Portunidae","Callinectes","Callinectes similis",NA,"SPECIES","Callinectes similis Williams, 1966","Callinectes similis","A.B. Williams, 1966","US","Nueces Estuary","Texas","PRESENT",NA,"c3ad790a-d426-4ac1-8e32-da61f81f0117",27.861667,-97.4725,100,NA,NA,NA,0.1,0.1,"2007-04-17T17:49",17,4,2007,2225642,2225642,"HUMAN_OBSERVATION","TPWD","Corpus Christi Bay Bag Seine",NA,NA,"",NA,"CC0_1_0","","",NA,NA,2025-02-06 21:23:18.006,"","CONTINENT_DERIVED_FROM_COORDINATES"
3404873994,"94a6bf19-40a2-4689-ab0e-53edb30b9d36","Station_37_Date_18JUN2007:11:56:00.000_Callinectes_similis","Animalia","Arthropoda","Malacostraca","Decapoda","Portunidae","Callinectes","Callinectes similis",NA,"SPECIES","Callinectes similis Williams, 1966","Callinectes similis","A.B. Williams, 1966","US","Nueces Estuary","Texas","PRESENT",NA,"c3ad790a-d426-4ac1-8e32-da61f81f0117",27.834722,-97.379167,100,NA,NA,NA,0.35,0.35,"2007-06-18T11:56",18,6,2007,2225642,2225642,"HUMAN_OBSERVATION","TPWD","Corpus Christi Bay Bag Seine",NA,NA,"",NA,"CC0_1_0","","",NA,NA,2025-02-06 21:23:18.261,"","CONTINENT_DERIVED_FROM_COORDINATES"
3404873280,"94a6bf19-40a2-4689-ab0e-53edb30b9d36","Station_90_Date_20SEP2005:17:25:00.000_Callinectes_similis","Animalia","Arthropoda","Malacostraca","Decapoda","Portunidae","Callinectes","Callinectes similis",NA,"SPECIES","Callinectes similis Williams, 1966","Callinectes similis","A.B. Williams, 1966","US","Nueces Estuary","Texas","PRESENT",NA,"c3ad790a-d426-4ac1-8e32-da61f81f0117",27.843056,-97.238889,100,NA,NA,NA,0.15,0.15,"2005-09-20T17:25",20,9,2005,2225642,2225642,"HUMAN_OBSERVATION","TPWD","Corpus Christi Bay Bag Seine",NA,NA,"",NA,"CC0_1_0","","",NA,NA,2025-02-06 21:23:17.973,"","CONTINENT_DERIVED_FROM_COORDINATES"
3404873063,"94a6bf19-40a2-4689-ab0e-53edb30b9d36","Station_61_Date_02MAR2007:10:42:00.000_Callinectes_similis","Animalia","Arthropoda","Malacostraca","Decapoda","Portunidae","Callinectes","Callinectes similis",NA,"SPECIES","Callinectes similis Williams, 1966","Callinectes similis","A.B. Williams, 1966","US","Nueces Estuary","Texas","PRESENT",NA,"c3ad790a-d426-4ac1-8e32-da61f81f0117",27.871389,-97.252222,100,NA,NA,NA,0.2,0.1,"2007-03-02T10:42",2,3,2007,2225642,2225642,"HUMAN_OBSERVATION","TPWD","Corpus Christi Bay Bag Seine",NA,NA,"",NA,"CC0_1_0","","",NA,NA,2025-02-06 21:23:17.947,"","CONTINENT_DERIVED_FROM_COORDINATES"
3404873029,"94a6bf19-40a2-4689-ab0e-53edb30b9d36","Station_59_Date_16SEP2008:17:51:00.000_Callinectes_similis","Animalia","Arthropoda","Malacostraca","Decapoda","Portunidae","Callinectes","Callinectes similis",NA,"SPECIES","Callinectes similis Williams, 1966","Callinectes similis","A.B. Williams, 1966","US","Nueces Estuary","Texas","PRESENT",NA,"c3ad790a-d426-4ac1-8e32-da61f81f0117",27.878611,-97.289444,100,NA,NA,NA,0.1,0.1,"2008-09-16T17:51",16,9,2008,2225642,2225642,"HUMAN_OBSERVATION","TPWD","Corpus Christi Bay Bag Seine",NA,NA,"",NA,"CC0_1_0","","",NA,NA,2025-02-06 21:23:17.936,"","CONTINENT_DERIVED_FROM_COORDINATES"
3404872891,"94a6bf19-40a2-4689-ab0e-53edb30b9d36","Station_43_Date_11APR2005:15:20:00.000_Callinectes_similis","Animalia","Arthropoda","Malacostraca","Decapoda","Portunidae","Callinectes","Callinectes similis",NA,"SPECIES","Callinectes similis Williams, 1966","Callinectes similis","A.B. Williams, 1966","US","Nueces Estuary","Texas","PRESENT",NA,"c3ad790a-d426-4ac1-8e32-da61f81f0117",27.831667,-97.435,100,NA,NA,NA,0.35,0.35,"2005-04-11T15:20",11,4,2005,2225642,2225642,"HUMAN_OBSERVATION","TPWD","Corpus Christi Bay Bag Seine",NA,NA,"",NA,"CC0_1_0","","",NA,NA,2025-02-06 21:23:17.918,"","CONTINENT_DERIVED_FROM_COORDINATES"
3404872806,"94a6bf19-40a2-4689-ab0e-53edb30b9d36","Station_38_Date_14FEB2005:12:26:00.000_Callinectes_similis","Animalia","Arthropoda","Malacostraca","Decapoda","Portunidae","Callinectes","Callinectes similis",NA,"SPECIES","Callinectes similis Williams, 1966","Callinectes similis","A.B. Williams, 1966","US","Nueces Estuary","Texas","PRESENT",NA,"c3ad790a-d426-4ac1-8e32-da61f81f0117",27.613333,-97.214444,100,NA,NA,NA,0.4,0.4,"2005-02-14T12:26",14,2,2005,2225642,2225642,"HUMAN_OBSERVATION","TPWD","Corpus Christi Bay Bag Seine",NA,NA,"",NA,"CC0_1_0","","",NA,NA,2025-02-06 21:23:17.907,"","CONTINENT_DERIVED_FROM_COORDINATES"
3404872739,"94a6bf19-40a2-4689-ab0e-53edb30b9d36","Station_30_Date_30NOV2005:11:29:00.000_Callinectes_similis","Animalia","Arthropoda","Malacostraca","Decapoda","Portunidae","Callinectes","Callinectes similis",NA,"SPECIES","Callinectes similis Williams, 1966","Callinectes similis","A.B. Williams, 1966","US","Nueces Estuary","Texas","PRESENT",NA,"c3ad790a-d426-4ac1-8e32-da61f81f0117",27.628056,-97.214444,100,NA,NA,NA,0.35,0.35,"2005-11-30T11:29",30,11,2005,2225642,2225642,"HUMAN_OBSERVATION","TPWD","Corpus Christi Bay Bag Seine",NA,NA,"",NA,"CC0_1_0","","",NA,NA,2025-02-06 21:23:17.899,"","CONTINENT_DERIVED_FROM_COORDINATES"
3404872721,"94a6bf19-40a2-4689-ab0e-53edb30b9d36","Station_30_Date_18DEC2006:13:34:00.000_Callinectes_similis","Animalia","Arthropoda","Malacostraca","Decapoda","Portunidae","Callinectes","Callinectes similis",NA,"SPECIES","Callinectes similis Williams, 1966","Callinectes similis","A.B. Williams, 1966","US","Nueces Estuary","Texas","PRESENT",NA,"c3ad790a-d426-4ac1-8e32-da61f81f0117",27.618611,-97.212778,100,NA,NA,NA,0.4,0.4,"2006-12-18T13:34",18,12,2006,2225642,2225642,"HUMAN_OBSERVATION","TPWD","Corpus Christi Bay Bag Seine",NA,NA,"",NA,"CC0_1_0","","",NA,NA,2025-02-06 21:23:17.896,"","CONTINENT_DERIVED_FROM_COORDINATES"
3404872135,"94a6bf19-40a2-4689-ab0e-53edb30b9d36","Station_59_Date_23APR2007:16:46:00.000_Callinectes_similis","Animalia","Arthropoda","Malacostraca","Decapoda","Portunidae","Callinectes","Callinectes similis",NA,"SPECIES","Callinectes similis Williams, 1966","Callinectes similis","A.B. Williams, 1966","US","Nueces Estuary","Texas","PRESENT",NA,"c3ad790a-d426-4ac1-8e32-da61f81f0117",27.879167,-97.286111,100,NA,NA,NA,0.15,0.15,"2007-04-23T16:46",23,4,2007,2225642,2225642,"HUMAN_OBSERVATION","TPWD","Corpus Christi Bay Bag Seine",NA,NA,"",NA,"CC0_1_0","","",NA,NA,2025-02-06 21:23:17.937,"","CONTINENT_DERIVED_FROM_COORDINATES"
3404871823,"94a6bf19-40a2-4689-ab0e-53edb30b9d36","Station_30_Date_28MAR2006:11:23:00.000_Callinectes_similis","Animalia","Arthropoda","Malacostraca","Decapoda","Portunidae","Callinectes","Callinectes similis",NA,"SPECIES","Callinectes similis Williams, 1966","Callinectes similis","A.B. Williams, 1966","US","Nueces Estuary","Texas","PRESENT",NA,"c3ad790a-d426-4ac1-8e32-da61f81f0117",27.835,-97.488889,100,NA,NA,NA,0.2,0.2,"2006-03-28T11:23",28,3,2006,2225642,2225642,"HUMAN_OBSERVATION","TPWD","Corpus Christi Bay Bag Seine",NA,NA,"",NA,"CC0_1_0","","",NA,NA,2025-02-06 21:23:17.898,"","CONTINENT_DERIVED_FROM_COORDINATES"
3404871393,"94a6bf19-40a2-4689-ab0e-53edb30b9d36","Station_19_Date_21MAY2008:17:42:00.000_Callinectes_similis","Animalia","Arthropoda","Malacostraca","Decapoda","Portunidae","Callinectes","Callinectes similis",NA,"SPECIES","Callinectes similis Williams, 1966","Callinectes similis","A.B. Williams, 1966","US","Nueces Estuary","Texas","PRESENT",NA,"c3ad790a-d426-4ac1-8e32-da61f81f0117",27.861111,-97.485278,100,NA,NA,NA,0.2,0.2,"2008-05-21T17:42",21,5,2008,2225642,2225642,"HUMAN_OBSERVATION","TPWD","Corpus Christi Bay Bag Seine",NA,NA,"",NA,"CC0_1_0","","",NA,NA,2025-02-06 21:23:17.834,"","CONTINENT_DERIVED_FROM_COORDINATES"
3404871273,"94a6bf19-40a2-4689-ab0e-53edb30b9d36","Station_74_Date_06JUN2007:14:53:00.000_Callinectes_similis","Animalia","Arthropoda","Malacostraca","Decapoda","Portunidae","Callinectes","Callinectes similis",NA,"SPECIES","Callinectes similis Williams, 1966","Callinectes similis","A.B. Williams, 1966","US","Nueces Estuary","Texas","PRESENT",NA,"c3ad790a-d426-4ac1-8e32-da61f81f0117",27.851944,-97.2425,100,NA,NA,NA,0.2,0.2,"2007-06-06T14:53",6,6,2007,2225642,2225642,"HUMAN_OBSERVATION","TPWD","Corpus Christi Bay Bag Seine",NA,NA,"",NA,"CC0_1_0","","",NA,NA,2025-02-06 21:23:18.499,"","CONTINENT_DERIVED_FROM_COORDINATES"
3404871198,"94a6bf19-40a2-4689-ab0e-53edb30b9d36","Station_68_Date_24MAR2005:11:14:00.000_Callinectes_similis","Animalia","Arthropoda","Malacostraca","Decapoda","Portunidae","Callinectes","Callinectes similis",NA,"SPECIES","Callinectes similis Williams, 1966","Callinectes similis","A.B. Williams, 1966","US","Nueces Estuary","Texas","PRESENT",NA,"c3ad790a-d426-4ac1-8e32-da61f81f0117",27.863889,-97.333889,100,NA,NA,NA,0.05,0.05,"2005-03-24T11:14",24,3,2005,2225642,2225642,"HUMAN_OBSERVATION","TPWD","Corpus Christi Bay Bag Seine",NA,NA,"",NA,"CC0_1_0","","",NA,NA,2025-02-06 21:23:18.481,"","CONTINENT_DERIVED_FROM_COORDINATES"
3404870763,"94a6bf19-40a2-4689-ab0e-53edb30b9d36","Station_27_Date_04JUL2006:10:47:00.000_Callinectes_similis","Animalia","Arthropoda","Malacostraca","Decapoda","Portunidae","Callinectes","Callinectes similis",NA,"SPECIES","Callinectes similis Williams, 1966","Callinectes similis","A.B. Williams, 1966","US","Nueces Estuary","Texas","PRESENT",NA,"c3ad790a-d426-4ac1-8e32-da61f81f0117",27.853889,-97.358056,100,NA,NA,NA,0.25,0.25,"2006-07-04T10:47",4,7,2006,2225642,2225642,"HUMAN_OBSERVATION","TPWD","Corpus Christi Bay Bag Seine",NA,NA,"",NA,"CC0_1_0","","",NA,NA,2025-02-06 21:23:18.35,"","CONTINENT_DERIVED_FROM_COORDINATES"
3404870256,"94a6bf19-40a2-4689-ab0e-53edb30b9d36","Station_69_Date_29APR2005:11:17:00.000_Callinectes_similis","Animalia","Arthropoda","Malacostraca","Decapoda","Portunidae","Callinectes","Callinectes similis",NA,"SPECIES","Callinectes similis Williams, 1966","Callinectes similis","A.B. Williams, 1966","US","Nueces Estuary","Texas","PRESENT",NA,"c3ad790a-d426-4ac1-8e32-da61f81f0117",27.863889,-97.333056,100,NA,NA,NA,0.15,0.15,"2005-04-29T11:17",29,4,2005,2225642,2225642,"HUMAN_OBSERVATION","TPWD","Corpus Christi Bay Bag Seine",NA,NA,"",NA,"CC0_1_0","","",NA,NA,2025-02-06 21:23:17.766,"","CONTINENT_DERIVED_FROM_COORDINATES"
3404870224,"94a6bf19-40a2-4689-ab0e-53edb30b9d36","Station_69_Date_02JUN2008:19:24:00.000_Callinectes_similis","Animalia","Arthropoda","Malacostraca","Decapoda","Portunidae","Callinectes","Callinectes similis",NA,"SPECIES","Callinectes similis Williams, 1966","Callinectes similis","A.B. Williams, 1966","US","Nueces Estuary","Texas","PRESENT",NA,"c3ad790a-d426-4ac1-8e32-da61f81f0117",27.866389,-97.326944,100,NA,NA,NA,0.2,0,"2008-06-02T19:24",2,6,2008,2225642,2225642,"HUMAN_OBSERVATION","TPWD","Corpus Christi Bay Bag Seine",NA,NA,"",NA,"CC0_1_0","","",NA,NA,2025-02-06 21:23:17.764,"","CONTINENT_DERIVED_FROM_COORDINATES"
3404870178,"94a6bf19-40a2-4689-ab0e-53edb30b9d36","Station_68_Date_06NOV2008:12:59:00.000_Callinectes_similis","Animalia","Arthropoda","Malacostraca","Decapoda","Portunidae","Callinectes","Callinectes similis",NA,"SPECIES","Callinectes similis Williams, 1966","Callinectes similis","A.B. Williams, 1966","US","Nueces Estuary","Texas","PRESENT",NA,"c3ad790a-d426-4ac1-8e32-da61f81f0117",27.862778,-97.339444,100,NA,NA,NA,0.3,0.3,"2008-11-06T12:59",6,11,2008,2225642,2225642,"HUMAN_OBSERVATION","TPWD","Corpus Christi Bay Bag Seine",NA,NA,"",NA,"CC0_1_0","","",NA,NA,2025-02-06 21:23:17.759,"","CONTINENT_DERIVED_FROM_COORDINATES"
3404869436,"94a6bf19-40a2-4689-ab0e-53edb30b9d36","Station_20_Date_21APR2008:16:14:00.000_Callinectes_similis","Animalia","Arthropoda","Malacostraca","Decapoda","Portunidae","Callinectes","Callinectes similis",NA,"SPECIES","Callinectes similis Williams, 1966","Callinectes similis","A.B. Williams, 1966","US","Nueces Estuary","Texas","PRESENT",NA,"c3ad790a-d426-4ac1-8e32-da61f81f0117",27.8625,-97.472222,100,NA,NA,NA,0.2,0.2,"2008-04-21T16:14",21,4,2008,2225642,2225642,"HUMAN_OBSERVATION","TPWD","Corpus Christi Bay Bag Seine",NA,NA,"",NA,"CC0_1_0","","",NA,NA,2025-02-06 21:23:17.659,"","CONTINENT_DERIVED_FROM_COORDINATES"
3404869111,"94a6bf19-40a2-4689-ab0e-53edb30b9d36","Station_58_Date_16SEP2008:17:23:00.000_Callinectes_similis","Animalia","Arthropoda","Malacostraca","Decapoda","Portunidae","Callinectes","Callinectes similis",NA,"SPECIES","Callinectes similis Williams, 1966","Callinectes similis","A.B. Williams, 1966","US","Nueces Estuary","Texas","PRESENT",NA,"c3ad790a-d426-4ac1-8e32-da61f81f0117",27.872222,-97.313056,100,NA,NA,NA,0.1,0.1,"2008-09-16T17:23",16,9,2008,2225642,2225642,"HUMAN_OBSERVATION","TPWD","Corpus Christi Bay Bag Seine",NA,NA,"",NA,"CC0_1_0","","",NA,NA,2025-02-06 21:23:18.319,"","CONTINENT_DERIVED_FROM_COORDINATES"
3404868871,"94a6bf19-40a2-4689-ab0e-53edb30b9d36","Station_36_Date_21OCT2008:17:16:00.000_Callinectes_similis","Animalia","Arthropoda","Malacostraca","Decapoda","Portunidae","Callinectes","Callinectes similis",NA,"SPECIES","Callinectes similis Williams, 1966","Callinectes similis","A.B. Williams, 1966","US","Nueces Estuary","Texas","PRESENT",NA,"c3ad790a-d426-4ac1-8e32-da61f81f0117",27.836111,-97.393611,100,NA,NA,NA,0.3,0.3,"2008-10-21T17:16",21,10,2008,2225642,2225642,"HUMAN_OBSERVATION","TPWD","Corpus Christi Bay Bag Seine",NA,NA,"",NA,"CC0_1_0","","",NA,NA,2025-02-06 21:23:18.254,"","CONTINENT_DERIVED_FROM_COORDINATES"
3404868761,"94a6bf19-40a2-4689-ab0e-53edb30b9d36","Station_27_Date_18JUN2007:12:22:00.000_Callinectes_similis","Animalia","Arthropoda","Malacostraca","Decapoda","Portunidae","Callinectes","Callinectes similis",NA,"SPECIES","Callinectes similis Williams, 1966","Callinectes similis","A.B. Williams, 1966","US","Nueces Estuary","Texas","PRESENT",NA,"c3ad790a-d426-4ac1-8e32-da61f81f0117",27.850833,-97.354722,100,NA,NA,NA,0.2,0.2,"2007-06-18T12:22",18,6,2007,2225642,2225642,"HUMAN_OBSERVATION","TPWD","Corpus Christi Bay Bag Seine",NA,NA,"",NA,"CC0_1_0","","",NA,NA,2025-02-06 21:23:18.221,"","CONTINENT_DERIVED_FROM_COORDINATES"
3404865986,"94a6bf19-40a2-4689-ab0e-53edb30b9d36","Station_13_Date_30AUG2007:12:21:00.000_Callinectes_similis","Animalia","Arthropoda","Malacostraca","Decapoda","Portunidae","Callinectes","Callinectes similis",NA,"SPECIES","Callinectes similis Williams, 1966","Callinectes similis","A.B. Williams, 1966","US","Nueces Estuary","Texas","PRESENT",NA,"c3ad790a-d426-4ac1-8e32-da61f81f0117",27.875,-97.398611,100,NA,NA,NA,0.15,0.15,"2007-08-30T12:21",30,8,2007,2225642,2225642,"HUMAN_OBSERVATION","TPWD","Corpus Christi Bay Bag Seine",NA,NA,"",NA,"CC0_1_0","","",NA,NA,2025-02-06 21:23:18.174,"","CONTINENT_DERIVED_FROM_COORDINATES"
3404865423,"94a6bf19-40a2-4689-ab0e-53edb30b9d36","Station_7_Date_02MAY2006:15:19:00.000_Callinectes_similis","Animalia","Arthropoda","Malacostraca","Decapoda","Portunidae","Callinectes","Callinectes similis",NA,"SPECIES","Callinectes similis Williams, 1966","Callinectes similis","A.B. Williams, 1966","US","Nueces Estuary","Texas","PRESENT",NA,"c3ad790a-d426-4ac1-8e32-da61f81f0117",27.873056,-97.483889,100,NA,NA,NA,0.2,0.2,"2006-05-02T15:19",2,5,2006,2225642,2225642,"HUMAN_OBSERVATION","TPWD","Corpus Christi Bay Bag Seine",NA,NA,"",NA,"CC0_1_0","","",NA,NA,2025-02-06 21:23:18.026,"","CONTINENT_DERIVED_FROM_COORDINATES"
3404862993,"94a6bf19-40a2-4689-ab0e-53edb30b9d36","Station_14_Date_10APR2007:18:31:00.000_Callinectes_similis","Animalia","Arthropoda","Malacostraca","Decapoda","Portunidae","Callinectes","Callinectes similis",NA,"SPECIES","Callinectes similis Williams, 1966","Callinectes similis","A.B. Williams, 1966","US","Nueces Estuary","Texas","PRESENT",NA,"c3ad790a-d426-4ac1-8e32-da61f81f0117",27.874444,-97.380278,100,NA,NA,NA,0.25,0.25,"2007-04-10T18:31",10,4,2007,2225642,2225642,"HUMAN_OBSERVATION","TPWD","Corpus Christi Bay Bag Seine",NA,NA,"",NA,"CC0_1_0","","",NA,NA,2025-02-06 21:23:17.798,"","CONTINENT_DERIVED_FROM_COORDINATES"
3404861902,"94a6bf19-40a2-4689-ab0e-53edb30b9d36","Station_11_Date_06APR2005:09:56:00.000_Callinectes_similis","Animalia","Arthropoda","Malacostraca","Decapoda","Portunidae","Callinectes","Callinectes similis",NA,"SPECIES","Callinectes similis Williams, 1966","Callinectes similis","A.B. Williams, 1966","US","Nueces Estuary","Texas","PRESENT",NA,"c3ad790a-d426-4ac1-8e32-da61f81f0117",27.869722,-97.423333,100,NA,NA,NA,0.15,0.15,"2005-04-06T09:56",6,4,2005,2225642,2225642,"HUMAN_OBSERVATION","TPWD","Corpus Christi Bay Bag Seine",NA,NA,"",NA,"CC0_1_0","","",NA,NA,2025-02-06 21:23:17.765,"","CONTINENT_DERIVED_FROM_COORDINATES"
3404861144,"94a6bf19-40a2-4689-ab0e-53edb30b9d36","Station_14_Date_21MAY2008:16:08:00.000_Callinectes_similis","Animalia","Arthropoda","Malacostraca","Decapoda","Portunidae","Callinectes","Callinectes similis",NA,"SPECIES","Callinectes similis Williams, 1966","Callinectes similis","A.B. Williams, 1966","US","Nueces Estuary","Texas","PRESENT",NA,"c3ad790a-d426-4ac1-8e32-da61f81f0117",27.875556,-97.373611,100,NA,NA,NA,0.15,0.15,"2008-05-21T16:08",21,5,2008,2225642,2225642,"HUMAN_OBSERVATION","TPWD","Corpus Christi Bay Bag Seine",NA,NA,"",NA,"CC0_1_0","","",NA,NA,2025-02-06 21:23:18.184,"","CONTINENT_DERIVED_FROM_COORDINATES"
3404860996,"94a6bf19-40a2-4689-ab0e-53edb30b9d36","Station_12_Date_21APR2008:15:03:00.000_Callinectes_similis","Animalia","Arthropoda","Malacostraca","Decapoda","Portunidae","Callinectes","Callinectes similis",NA,"SPECIES","Callinectes similis Williams, 1966","Callinectes similis","A.B. Williams, 1966","US","Nueces Estuary","Texas","PRESENT",NA,"c3ad790a-d426-4ac1-8e32-da61f81f0117",27.875556,-97.403611,100,NA,NA,NA,0.25,0.25,"2008-04-21T15:03",21,4,2008,2225642,2225642,"HUMAN_OBSERVATION","TPWD","Corpus Christi Bay Bag Seine",NA,NA,"",NA,"CC0_1_0","","",NA,NA,2025-02-06 21:23:18.139,"","CONTINENT_DERIVED_FROM_COORDINATES"
3404860174,"94a6bf19-40a2-4689-ab0e-53edb30b9d36","Station_15_Date_22MAR2005:10:15:00.000_Callinectes_similis","Animalia","Arthropoda","Malacostraca","Decapoda","Portunidae","Callinectes","Callinectes similis",NA,"SPECIES","Callinectes similis Williams, 1966","Callinectes similis","A.B. Williams, 1966","US","Nueces Estuary","Texas","PRESENT",NA,"c3ad790a-d426-4ac1-8e32-da61f81f0117",27.878611,-97.358333,100,NA,NA,NA,0.2,0.1,"2005-03-22T10:15",22,3,2005,2225642,2225642,"HUMAN_OBSERVATION","TPWD","Corpus Christi Bay Bag Seine",NA,NA,"",NA,"CC0_1_0","","",NA,NA,2025-02-06 21:23:17.618,"","CONTINENT_DERIVED_FROM_COORDINATES"
3404860162,"94a6bf19-40a2-4689-ab0e-53edb30b9d36","Station_15_Date_11APR2007:10:30:00.000_Callinectes_similis","Animalia","Arthropoda","Malacostraca","Decapoda","Portunidae","Callinectes","Callinectes similis",NA,"SPECIES","Callinectes similis Williams, 1966","Callinectes similis","A.B. Williams, 1966","US","Nueces Estuary","Texas","PRESENT",NA,"c3ad790a-d426-4ac1-8e32-da61f81f0117",27.879444,-97.358611,100,NA,NA,NA,0.25,0.05,"2007-04-11T10:30",11,4,2007,2225642,2225642,"HUMAN_OBSERVATION","TPWD","Corpus Christi Bay Bag Seine",NA,NA,"",NA,"CC0_1_0","","",NA,NA,2025-02-06 21:23:17.616,"","CONTINENT_DERIVED_FROM_COORDINATES"
3404860047,"94a6bf19-40a2-4689-ab0e-53edb30b9d36","Station_13_Date_10APR2007:18:06:00.000_Callinectes_similis","Animalia","Arthropoda","Malacostraca","Decapoda","Portunidae","Callinectes","Callinectes similis",NA,"SPECIES","Callinectes similis Williams, 1966","Callinectes similis","A.B. Williams, 1966","US","Nueces Estuary","Texas","PRESENT",NA,"c3ad790a-d426-4ac1-8e32-da61f81f0117",27.875833,-97.388611,100,NA,NA,NA,0.25,0.25,"2007-04-10T18:06",10,4,2007,2225642,2225642,"HUMAN_OBSERVATION","TPWD","Corpus Christi Bay Bag Seine",NA,NA,"",NA,"CC0_1_0","","",NA,NA,2025-02-06 21:23:17.601,"","CONTINENT_DERIVED_FROM_COORDINATES"
3404859917,"94a6bf19-40a2-4689-ab0e-53edb30b9d36","Station_11_Date_25MAY2005:10:00:00.000_Callinectes_similis","Animalia","Arthropoda","Malacostraca","Decapoda","Portunidae","Callinectes","Callinectes similis",NA,"SPECIES","Callinectes similis Williams, 1966","Callinectes similis","A.B. Williams, 1966","US","Nueces Estuary","Texas","PRESENT",NA,"c3ad790a-d426-4ac1-8e32-da61f81f0117",27.87,-97.423333,100,NA,NA,NA,0.05,0.05,"2005-05-25T10:00",25,5,2005,2225642,2225642,"HUMAN_OBSERVATION","TPWD","Corpus Christi Bay Bag Seine",NA,NA,"",NA,"CC0_1_0","","",NA,NA,2025-02-06 21:23:17.583,"","CONTINENT_DERIVED_FROM_COORDINATES"
3404856016,"94a6bf19-40a2-4689-ab0e-53edb30b9d36","Station_1_Date_26APR2006:13:28:00.000_Callinectes_similis","Animalia","Arthropoda","Malacostraca","Decapoda","Portunidae","Callinectes","Callinectes similis",NA,"SPECIES","Callinectes similis Williams, 1966","Callinectes similis","A.B. Williams, 1966","US","Nueces Estuary","Texas","PRESENT",NA,"c3ad790a-d426-4ac1-8e32-da61f81f0117",27.6925,-97.253333,100,NA,NA,NA,0.1,0.1,"2006-04-26T13:28",26,4,2006,2225642,2225642,"HUMAN_OBSERVATION","TPWD","Corpus Christi Bay Bag Seine",NA,NA,"",NA,"CC0_1_0","","",NA,NA,2025-02-06 21:23:17.428,"","CONTINENT_DERIVED_FROM_COORDINATES"
3404757513,"94a6bf19-40a2-4689-ab0e-53edb30b9d36","Station_225_Date_29APR2005:12:17:00.000_Callinectes_similis","Animalia","Arthropoda","Malacostraca","Decapoda","Portunidae","Callinectes","Callinectes similis",NA,"SPECIES","Callinectes similis Williams, 1966","Callinectes similis","A.B. Williams, 1966","US","Nueces Estuary","Texas","PRESENT",NA,"c3ad790a-d426-4ac1-8e32-da61f81f0117",27.708611,-97.321944,100,NA,NA,NA,0.05,0.05,"2005-04-29T12:17",29,4,2005,2225642,2225642,"HUMAN_OBSERVATION","TPWD","Corpus Christi Bay Bag Seine",NA,NA,"",NA,"CC0_1_0","","",NA,NA,2025-02-06 21:23:17.961,"","CONTINENT_DERIVED_FROM_COORDINATES"
3404757409,"94a6bf19-40a2-4689-ab0e-53edb30b9d36","Station_208_Date_25MAY2006:11:18:00.000_Callinectes_similis","Animalia","Arthropoda","Malacostraca","Decapoda","Portunidae","Callinectes","Callinectes similis",NA,"SPECIES","Callinectes similis Williams, 1966","Callinectes similis","A.B. Williams, 1966","US","Nueces Estuary","Texas","PRESENT",NA,"c3ad790a-d426-4ac1-8e32-da61f81f0117",27.737222,-97.136944,100,NA,NA,NA,0.25,0.25,"2006-05-25T11:18",25,5,2006,2225642,2225642,"HUMAN_OBSERVATION","TPWD","Corpus Christi Bay Bag Seine",NA,NA,"",NA,"CC0_1_0","","",NA,NA,2025-02-06 21:23:17.937,"","CONTINENT_DERIVED_FROM_COORDINATES"
3404756556,"94a6bf19-40a2-4689-ab0e-53edb30b9d36","Station_222_Date_09MAY2006:10:57:00.000_Callinectes_similis","Animalia","Arthropoda","Malacostraca","Decapoda","Portunidae","Callinectes","Callinectes similis",NA,"SPECIES","Callinectes similis Williams, 1966","Callinectes similis","A.B. Williams, 1966","US","Nueces Estuary","Texas","PRESENT",NA,"c3ad790a-d426-4ac1-8e32-da61f81f0117",27.731389,-97.164722,100,NA,NA,NA,0.15,0.15,"2006-05-09T10:57",9,5,2006,2225642,2225642,"HUMAN_OBSERVATION","TPWD","Corpus Christi Bay Bag Seine",NA,NA,"",NA,"CC0_1_0","","",NA,NA,2025-02-06 21:23:18.138,"","CONTINENT_DERIVED_FROM_COORDINATES"
3404755907,"94a6bf19-40a2-4689-ab0e-53edb30b9d36","Station_249_Date_25MAY2006:12:43:00.000_Callinectes_similis","Animalia","Arthropoda","Malacostraca","Decapoda","Portunidae","Callinectes","Callinectes similis",NA,"SPECIES","Callinectes similis Williams, 1966","Callinectes similis","A.B. Williams, 1966","US","Nueces Estuary","Texas","PRESENT",NA,"c3ad790a-d426-4ac1-8e32-da61f81f0117",27.666944,-97.175556,100,NA,NA,NA,0.2,0.1,"2006-05-25T12:43",25,5,2006,2225642,2225642,"HUMAN_OBSERVATION","TPWD","Corpus Christi Bay Bag Seine",NA,NA,"",NA,"CC0_1_0","","",NA,NA,2025-02-06 21:23:18.907,"","CONTINENT_DERIVED_FROM_COORDINATES"
3404754390,"94a6bf19-40a2-4689-ab0e-53edb30b9d36","Station_225_Date_29DEC2005:10:45:00.000_Callinectes_similis","Animalia","Arthropoda","Malacostraca","Decapoda","Portunidae","Callinectes","Callinectes similis",NA,"SPECIES","Callinectes similis Williams, 1966","Callinectes similis","A.B. Williams, 1966","US","Nueces Estuary","Texas","PRESENT",NA,"c3ad790a-d426-4ac1-8e32-da61f81f0117",27.715,-97.320556,100,NA,NA,NA,0.2,0.2,"2005-12-29T10:45",29,12,2005,2225642,2225642,"HUMAN_OBSERVATION","TPWD","Corpus Christi Bay Bag Seine",NA,NA,"",NA,"CC0_1_0","","",NA,NA,2025-02-06 21:23:18.71,"","CONTINENT_DERIVED_FROM_COORDINATES"
3404753506,"94a6bf19-40a2-4689-ab0e-53edb30b9d36","Station_207_Date_08NOV2005:15:15:00.000_Callinectes_similis","Animalia","Arthropoda","Malacostraca","Decapoda","Portunidae","Callinectes","Callinectes similis",NA,"SPECIES","Callinectes similis Williams, 1966","Callinectes similis","A.B. Williams, 1966","US","Nueces Estuary","Texas","PRESENT",NA,"c3ad790a-d426-4ac1-8e32-da61f81f0117",27.749722,-97.157778,100,NA,NA,NA,0.1,0.1,"2005-11-08T15:15",8,11,2005,2225642,2225642,"HUMAN_OBSERVATION","TPWD","Corpus Christi Bay Bag Seine",NA,NA,"",NA,"CC0_1_0","","",NA,NA,2025-02-06 21:23:18.335,"","CONTINENT_DERIVED_FROM_COORDINATES"
3404753404,"94a6bf19-40a2-4689-ab0e-53edb30b9d36","Station_191_Date_03MAY2007:17:36:00.000_Callinectes_similis","Animalia","Arthropoda","Malacostraca","Decapoda","Portunidae","Callinectes","Callinectes similis",NA,"SPECIES","Callinectes similis Williams, 1966","Callinectes similis","A.B. Williams, 1966","US","Nueces Estuary","Texas","PRESENT",NA,"c3ad790a-d426-4ac1-8e32-da61f81f0117",27.755,-97.157222,100,NA,NA,NA,0.2,0.2,"2007-05-03T17:36",3,5,2007,2225642,2225642,"HUMAN_OBSERVATION","TPWD","Corpus Christi Bay Bag Seine",NA,NA,"",NA,"CC0_1_0","","",NA,NA,2025-02-06 21:23:18.32,"","CONTINENT_DERIVED_FROM_COORDINATES"
3404752415,"94a6bf19-40a2-4689-ab0e-53edb30b9d36","Station_191_Date_01OCT2007:17:03:00.000_Callinectes_similis","Animalia","Arthropoda","Malacostraca","Decapoda","Portunidae","Callinectes","Callinectes similis",NA,"SPECIES","Callinectes similis Williams, 1966","Callinectes similis","A.B. Williams, 1966","US","Nueces Estuary","Texas","PRESENT",NA,"c3ad790a-d426-4ac1-8e32-da61f81f0117",27.755278,-97.156944,100,NA,NA,NA,0.15,0.15,"2007-10-01T17:03",1,10,2007,2225642,2225642,"HUMAN_OBSERVATION","TPWD","Corpus Christi Bay Bag Seine",NA,NA,"",NA,"CC0_1_0","","",NA,NA,2025-02-06 21:23:18.644,"","CONTINENT_DERIVED_FROM_COORDINATES"
3404751757,"94a6bf19-40a2-4689-ab0e-53edb30b9d36","Station_249_Date_25APR2006:11:52:00.000_Callinectes_similis","Animalia","Arthropoda","Malacostraca","Decapoda","Portunidae","Callinectes","Callinectes similis",NA,"SPECIES","Callinectes similis Williams, 1966","Callinectes similis","A.B. Williams, 1966","US","Nueces Estuary","Texas","PRESENT",NA,"c3ad790a-d426-4ac1-8e32-da61f81f0117",27.682222,-97.174722,100,NA,NA,NA,0.15,0.15,"2006-04-25T11:52",25,4,2006,2225642,2225642,"HUMAN_OBSERVATION","TPWD","Corpus Christi Bay Bag Seine",NA,NA,"",NA,"CC0_1_0","","",NA,NA,2025-02-06 21:23:18.182,"","CONTINENT_DERIVED_FROM_COORDINATES"
3404751443,"94a6bf19-40a2-4689-ab0e-53edb30b9d36","Station_221_Date_10SEP2007:17:52:00.000_Callinectes_similis","Animalia","Arthropoda","Malacostraca","Decapoda","Portunidae","Callinectes","Callinectes similis",NA,"SPECIES","Callinectes similis Williams, 1966","Callinectes similis","A.B. Williams, 1966","US","Nueces Estuary","Texas","PRESENT",NA,"c3ad790a-d426-4ac1-8e32-da61f81f0117",27.7175,-97.171111,100,NA,NA,NA,0.25,0.25,"2007-09-10T17:52",10,9,2007,2225642,2225642,"HUMAN_OBSERVATION","TPWD","Corpus Christi Bay Bag Seine",NA,NA,"",NA,"CC0_1_0","","",NA,NA,2025-02-06 21:23:18.135,"","CONTINENT_DERIVED_FROM_COORDINATES"
3404749439,"94a6bf19-40a2-4689-ab0e-53edb30b9d36","Station_221_Date_16OCT2006:18:29:00.000_Callinectes_similis","Animalia","Arthropoda","Malacostraca","Decapoda","Portunidae","Callinectes","Callinectes similis",NA,"SPECIES","Callinectes similis Williams, 1966","Callinectes similis","A.B. Williams, 1966","US","Nueces Estuary","Texas","PRESENT",NA,"c3ad790a-d426-4ac1-8e32-da61f81f0117",27.726389,-97.167778,100,NA,NA,NA,0.3,0.3,"2006-10-16T18:29",16,10,2006,2225642,2225642,"HUMAN_OBSERVATION","TPWD","Corpus Christi Bay Bag Seine",NA,NA,"",NA,"CC0_1_0","","",NA,NA,2025-02-06 21:23:17.952,"","CONTINENT_DERIVED_FROM_COORDINATES"
3404748727,"94a6bf19-40a2-4689-ab0e-53edb30b9d36","Station_243_Date_06OCT2008:17:50:00.000_Callinectes_similis","Animalia","Arthropoda","Malacostraca","Decapoda","Portunidae","Callinectes","Callinectes similis",NA,"SPECIES","Callinectes similis Williams, 1966","Callinectes similis","A.B. Williams, 1966","US","Nueces Estuary","Texas","PRESENT",NA,"c3ad790a-d426-4ac1-8e32-da61f81f0117",27.697778,-97.182778,100,NA,NA,NA,0.1,0.1,"2008-10-06T17:50",6,10,2008,2225642,2225642,"HUMAN_OBSERVATION","TPWD","Corpus Christi Bay Bag Seine",NA,NA,"",NA,"CC0_1_0","","",NA,NA,2025-02-06 21:23:18.385,"","CONTINENT_DERIVED_FROM_COORDINATES"
3404748548,"94a6bf19-40a2-4689-ab0e-53edb30b9d36","Station_225_Date_25APR2006:08:49:00.000_Callinectes_similis","Animalia","Arthropoda","Malacostraca","Decapoda","Portunidae","Callinectes","Callinectes similis",NA,"SPECIES","Callinectes similis Williams, 1966","Callinectes similis","A.B. Williams, 1966","US","Nueces Estuary","Texas","PRESENT",NA,"c3ad790a-d426-4ac1-8e32-da61f81f0117",27.715833,-97.321944,100,NA,NA,NA,0.3,0.3,"2006-04-25T08:49",25,4,2006,2225642,2225642,"HUMAN_OBSERVATION","TPWD","Corpus Christi Bay Bag Seine",NA,NA,"",NA,"CC0_1_0","","",NA,NA,2025-02-06 21:23:18.359,"","CONTINENT_DERIVED_FROM_COORDINATES"
3404748415,"94a6bf19-40a2-4689-ab0e-53edb30b9d36","Station_208_Date_10MAY2005:18:04:00.000_Callinectes_similis","Animalia","Arthropoda","Malacostraca","Decapoda","Portunidae","Callinectes","Callinectes similis",NA,"SPECIES","Callinectes similis Williams, 1966","Callinectes similis","A.B. Williams, 1966","US","Nueces Estuary","Texas","PRESENT",NA,"c3ad790a-d426-4ac1-8e32-da61f81f0117",27.738333,-97.138611,100,NA,NA,NA,0.35,0.35,"2005-05-10T18:04",10,5,2005,2225642,2225642,"HUMAN_OBSERVATION","TPWD","Corpus Christi Bay Bag Seine",NA,NA,"",NA,"CC0_1_0","","",NA,NA,2025-02-06 21:23:18.34,"","CONTINENT_DERIVED_FROM_COORDINATES"
3404748216,"94a6bf19-40a2-4689-ab0e-53edb30b9d36","Station_190_Date_08FEB2006:09:38:00.000_Callinectes_similis","Animalia","Arthropoda","Malacostraca","Decapoda","Portunidae","Callinectes","Callinectes similis",NA,"SPECIES","Callinectes similis Williams, 1966","Callinectes similis","A.B. Williams, 1966","US","Nueces Estuary","Texas","PRESENT",NA,"c3ad790a-d426-4ac1-8e32-da61f81f0117",27.753333,-97.17,100,NA,NA,NA,0.15,0.15,"2006-02-08T09:38",8,2,2006,2225642,2225642,"HUMAN_OBSERVATION","TPWD","Corpus Christi Bay Bag Seine",NA,NA,"",NA,"CC0_1_0","","",NA,NA,2025-02-06 21:23:17.915,"","CONTINENT_DERIVED_FROM_COORDINATES"
3404748098,"94a6bf19-40a2-4689-ab0e-53edb30b9d36","Station_173_Date_10SEP2007:17:20:00.000_Callinectes_similis","Animalia","Arthropoda","Malacostraca","Decapoda","Portunidae","Callinectes","Callinectes similis",NA,"SPECIES","Callinectes similis Williams, 1966","Callinectes similis","A.B. Williams, 1966","US","Nueces Estuary","Texas","PRESENT",NA,"c3ad790a-d426-4ac1-8e32-da61f81f0117",27.769444,-97.151111,100,NA,NA,NA,0.25,0.25,"2007-09-10T17:20",10,9,2007,2225642,2225642,"HUMAN_OBSERVATION","TPWD","Corpus Christi Bay Bag Seine",NA,NA,"",NA,"CC0_1_0","","",NA,NA,2025-02-06 21:23:17.901,"","CONTINENT_DERIVED_FROM_COORDINATES"
3404747817,"94a6bf19-40a2-4689-ab0e-53edb30b9d36","Station_130_Date_28NOV2006:11:35:00.000_Callinectes_similis","Animalia","Arthropoda","Malacostraca","Decapoda","Portunidae","Callinectes","Callinectes similis",NA,"SPECIES","Callinectes similis Williams, 1966","Callinectes similis","A.B. Williams, 1966","US","Nueces Estuary","Texas","PRESENT",NA,"c3ad790a-d426-4ac1-8e32-da61f81f0117",27.810278,-97.222222,100,NA,NA,NA,0.25,0.25,"2006-11-28T11:35",28,11,2006,2225642,2225642,"HUMAN_OBSERVATION","TPWD","Corpus Christi Bay Bag Seine",NA,NA,"",NA,"CC0_1_0","","",NA,NA,2025-02-06 21:23:17.856,"","CONTINENT_DERIVED_FROM_COORDINATES"
3404747557,"94a6bf19-40a2-4689-ab0e-53edb30b9d36","Station_110_Date_26JAN2006:14:21:00.000_Callinectes_similis","Animalia","Arthropoda","Malacostraca","Decapoda","Portunidae","Callinectes","Callinectes similis",NA,"SPECIES","Callinectes similis Williams, 1966","Callinectes similis","A.B. Williams, 1966","US","Nueces Estuary","Texas","PRESENT",NA,"c3ad790a-d426-4ac1-8e32-da61f81f0117",27.824722,-97.222778,100,NA,NA,NA,0.25,0.25,"2006-01-26T14:21",26,1,2006,2225642,2225642,"HUMAN_OBSERVATION","TPWD","Corpus Christi Bay Bag Seine",NA,NA,"",NA,"CC0_1_0","","",NA,NA,2025-02-06 21:23:17.821,"","CONTINENT_DERIVED_FROM_COORDINATES"
3404747348,"94a6bf19-40a2-4689-ab0e-53edb30b9d36","Station_93_Date_01APR2008:10:45:00.000_Callinectes_similis","Animalia","Arthropoda","Malacostraca","Decapoda","Portunidae","Callinectes","Callinectes similis",NA,"SPECIES","Callinectes similis Williams, 1966","Callinectes similis","A.B. Williams, 1966","US","Nueces Estuary","Texas","PRESENT",NA,"c3ad790a-d426-4ac1-8e32-da61f81f0117",27.843611,-97.160833,100,NA,NA,NA,0.15,0.15,"2008-04-01T10:45",1,4,2008,2225642,2225642,"HUMAN_OBSERVATION","TPWD","Corpus Christi Bay Bag Seine",NA,NA,"",NA,"CC0_1_0","","",NA,NA,2025-02-06 21:23:17.797,"","CONTINENT_DERIVED_FROM_COORDINATES"
3404747187,"94a6bf19-40a2-4689-ab0e-53edb30b9d36","Station_173_Date_09MAY2006:10:09:00.000_Callinectes_similis","Animalia","Arthropoda","Malacostraca","Decapoda","Portunidae","Callinectes","Callinectes similis",NA,"SPECIES","Callinectes similis Williams, 1966","Callinectes similis","A.B. Williams, 1966","US","Nueces Estuary","Texas","PRESENT",NA,"c3ad790a-d426-4ac1-8e32-da61f81f0117",27.769444,-97.150833,100,NA,NA,NA,0.25,0.25,"2006-05-09T10:09",9,5,2006,2225642,2225642,"HUMAN_OBSERVATION","TPWD","Corpus Christi Bay Bag Seine",NA,NA,"",NA,"CC0_1_0","","",NA,NA,2025-02-06 21:23:18.084,"","CONTINENT_DERIVED_FROM_COORDINATES"
3404746932,"94a6bf19-40a2-4689-ab0e-53edb30b9d36","Station_132_Date_01JUN2005:16:45:00.000_Callinectes_similis","Animalia","Arthropoda","Malacostraca","Decapoda","Portunidae","Callinectes","Callinectes similis",NA,"SPECIES","Callinectes similis Williams, 1966","Callinectes similis","A.B. Williams, 1966","US","Nueces Estuary","Texas","PRESENT",NA,"c3ad790a-d426-4ac1-8e32-da61f81f0117",27.813056,-97.183889,100,NA,NA,NA,0.25,0.25,"2005-06-01T16:45",1,6,2005,2225642,2225642,"HUMAN_OBSERVATION","TPWD","Corpus Christi Bay Bag Seine",NA,NA,"",NA,"CC0_1_0","","",NA,NA,2025-02-06 21:23:18.047,"","CONTINENT_DERIVED_FROM_COORDINATES"
3404746745,"94a6bf19-40a2-4689-ab0e-53edb30b9d36","Station_114_Date_11NOV2008:09:43:00.000_Callinectes_similis","Animalia","Arthropoda","Malacostraca","Decapoda","Portunidae","Callinectes","Callinectes similis",NA,"SPECIES","Callinectes similis Williams, 1966","Callinectes similis","A.B. Williams, 1966","US","Nueces Estuary","Texas","PRESENT",NA,"c3ad790a-d426-4ac1-8e32-da61f81f0117",27.821944,-97.154722,100,NA,NA,NA,0.3,0.3,"2008-11-11T09:43",11,11,2008,2225642,2225642,"HUMAN_OBSERVATION","TPWD","Corpus Christi Bay Bag Seine",NA,NA,"",NA,"CC0_1_0","","",NA,NA,2025-02-06 21:23:18.022,"","CONTINENT_DERIVED_FROM_COORDINATES"
3404746550,"94a6bf19-40a2-4689-ab0e-53edb30b9d36","Station_96_Date_27APR2005:16:32:00.000_Callinectes_similis","Animalia","Arthropoda","Malacostraca","Decapoda","Portunidae","Callinectes","Callinectes similis",NA,"SPECIES","Callinectes similis Williams, 1966","Callinectes similis","A.B. Williams, 1966","US","Nueces Estuary","Texas","PRESENT",NA,"c3ad790a-d426-4ac1-8e32-da61f81f0117",27.837778,-97.111389,100,NA,NA,NA,0.05,0.05,"2005-04-27T16:32",27,4,2005,2225642,2225642,"HUMAN_OBSERVATION","TPWD","Corpus Christi Bay Bag Seine",NA,NA,"",NA,"CC0_1_0","","",NA,NA,2025-02-06 21:23:17.989,"","CONTINENT_DERIVED_FROM_COORDINATES"
3404746485,"94a6bf19-40a2-4689-ab0e-53edb30b9d36","Station_93_Date_19OCT2005:16:24:00.000_Callinectes_similis","Animalia","Arthropoda","Malacostraca","Decapoda","Portunidae","Callinectes","Callinectes similis",NA,"SPECIES","Callinectes similis Williams, 1966","Callinectes similis","A.B. Williams, 1966","US","Nueces Estuary","Texas","PRESENT",NA,"c3ad790a-d426-4ac1-8e32-da61f81f0117",27.845278,-97.150556,100,NA,NA,NA,0.35,0.35,"2005-10-19T16:24",19,10,2005,2225642,2225642,"HUMAN_OBSERVATION","TPWD","Corpus Christi Bay Bag Seine",NA,NA,"",NA,"CC0_1_0","","",NA,NA,2025-02-06 21:23:17.981,"","CONTINENT_DERIVED_FROM_COORDINATES"
3404745944,"94a6bf19-40a2-4689-ab0e-53edb30b9d36","Station_132_Date_12AUG2008:13:07:00.000_Callinectes_similis","Animalia","Arthropoda","Malacostraca","Decapoda","Portunidae","Callinectes","Callinectes similis",NA,"SPECIES","Callinectes similis Williams, 1966","Callinectes similis","A.B. Williams, 1966","US","Nueces Estuary","Texas","PRESENT",NA,"c3ad790a-d426-4ac1-8e32-da61f81f0117",27.816389,-97.191667,100,NA,NA,NA,0.1,0.1,"2008-08-12T13:07",12,8,2008,2225642,2225642,"HUMAN_OBSERVATION","TPWD","Corpus Christi Bay Bag Seine",NA,NA,"",NA,"CC0_1_0","","",NA,NA,2025-02-06 21:23:18.669,"","CONTINENT_DERIVED_FROM_COORDINATES"
3404745513,"94a6bf19-40a2-4689-ab0e-53edb30b9d36","Station_95_Date_10JUL2007:13:56:00.000_Callinectes_similis","Animalia","Arthropoda","Malacostraca","Decapoda","Portunidae","Callinectes","Callinectes similis",NA,"SPECIES","Callinectes similis Williams, 1966","Callinectes similis","A.B. Williams, 1966","US","Nueces Estuary","Texas","PRESENT",NA,"c3ad790a-d426-4ac1-8e32-da61f81f0117",27.8425,-97.126389,100,NA,NA,NA,0.3,0.2,"2007-07-10T13:56",10,7,2007,2225642,2225642,"HUMAN_OBSERVATION","TPWD","Corpus Christi Bay Bag Seine",NA,NA,"",NA,"CC0_1_0","","",NA,NA,2025-02-06 21:23:18.554,"","CONTINENT_DERIVED_FROM_COORDINATES"
3404745431,"94a6bf19-40a2-4689-ab0e-53edb30b9d36","Station_91_Date_10OCT2005:16:47:00.000_Callinectes_similis","Animalia","Arthropoda","Malacostraca","Decapoda","Portunidae","Callinectes","Callinectes similis",NA,"SPECIES","Callinectes similis Williams, 1966","Callinectes similis","A.B. Williams, 1966","US","Nueces Estuary","Texas","PRESENT",NA,"c3ad790a-d426-4ac1-8e32-da61f81f0117",27.844167,-97.226111,100,NA,NA,NA,0.25,0.25,"2005-10-10T16:47",10,10,2005,2225642,2225642,"HUMAN_OBSERVATION","TPWD","Corpus Christi Bay Bag Seine",NA,NA,"",NA,"CC0_1_0","","",NA,NA,2025-02-06 21:23:18.528,"","CONTINENT_DERIVED_FROM_COORDINATES"
3404745416,"94a6bf19-40a2-4689-ab0e-53edb30b9d36","Station_90_Date_29APR2008:17:12:00.000_Callinectes_similis","Animalia","Arthropoda","Malacostraca","Decapoda","Portunidae","Callinectes","Callinectes similis",NA,"SPECIES","Callinectes similis Williams, 1966","Callinectes similis","A.B. Williams, 1966","US","Nueces Estuary","Texas","PRESENT",NA,"c3ad790a-d426-4ac1-8e32-da61f81f0117",27.838333,-97.238611,100,NA,NA,NA,0.1,0.1,"2008-04-29T17:12",29,4,2008,2225642,2225642,"HUMAN_OBSERVATION","TPWD","Corpus Christi Bay Bag Seine",NA,NA,"",NA,"CC0_1_0","","",NA,NA,2025-02-06 21:23:18.524,"","CONTINENT_DERIVED_FROM_COORDINATES"
3404745117,"94a6bf19-40a2-4689-ab0e-53edb30b9d36","Station_191_Date_13SEP2005:16:39:00.000_Callinectes_similis","Animalia","Arthropoda","Malacostraca","Decapoda","Portunidae","Callinectes","Callinectes similis",NA,"SPECIES","Callinectes similis Williams, 1966","Callinectes similis","A.B. Williams, 1966","US","Nueces Estuary","Texas","PRESENT",NA,"c3ad790a-d426-4ac1-8e32-da61f81f0117",27.764167,-97.166389,100,NA,NA,NA,0.15,0.15,"2005-09-13T16:39",13,9,2005,2225642,2225642,"HUMAN_OBSERVATION","TPWD","Corpus Christi Bay Bag Seine",NA,NA,"",NA,"CC0_1_0","","",NA,NA,2025-02-06 21:23:18.648,"","CONTINENT_DERIVED_FROM_COORDINATES"
3404744716,"94a6bf19-40a2-4689-ab0e-53edb30b9d36","Station_132_Date_13JUN2006:15:57:00.000_Callinectes_similis","Animalia","Arthropoda","Malacostraca","Decapoda","Portunidae","Callinectes","Callinectes similis",NA,"SPECIES","Callinectes similis Williams, 1966","Callinectes similis","A.B. Williams, 1966","US","Nueces Estuary","Texas","PRESENT",NA,"c3ad790a-d426-4ac1-8e32-da61f81f0117",27.815833,-97.1925,100,NA,NA,NA,0.25,0.25,"2006-06-13T15:57",13,6,2006,2225642,2225642,"HUMAN_OBSERVATION","TPWD","Corpus Christi Bay Bag Seine",NA,NA,"",NA,"CC0_1_0","","",NA,NA,2025-02-06 21:23:18.528,"","CONTINENT_DERIVED_FROM_COORDINATES"
3404744558,"94a6bf19-40a2-4689-ab0e-53edb30b9d36","Station_115_Date_27JUN2007:10:22:00.000_Callinectes_similis","Animalia","Arthropoda","Malacostraca","Decapoda","Portunidae","Callinectes","Callinectes similis",NA,"SPECIES","Callinectes similis Williams, 1966","Callinectes similis","A.B. Williams, 1966","US","Nueces Estuary","Texas","PRESENT",NA,"c3ad790a-d426-4ac1-8e32-da61f81f0117",27.825556,-97.134167,100,NA,NA,NA,0.2,0.2,"2007-06-27T10:22",27,6,2007,2225642,2225642,"HUMAN_OBSERVATION","TPWD","Corpus Christi Bay Bag Seine",NA,NA,"",NA,"CC0_1_0","","",NA,NA,2025-02-06 21:23:18.49,"","CONTINENT_DERIVED_FROM_COORDINATES"
3404744085,"94a6bf19-40a2-4689-ab0e-53edb30b9d36","Station_135_Date_11APR2006:17:49:00.000_Callinectes_similis","Animalia","Arthropoda","Malacostraca","Decapoda","Portunidae","Callinectes","Callinectes similis",NA,"SPECIES","Callinectes similis Williams, 1966","Callinectes similis","A.B. Williams, 1966","US","Nueces Estuary","Texas","PRESENT",NA,"c3ad790a-d426-4ac1-8e32-da61f81f0117",27.814444,-97.1475,100,NA,NA,NA,0.1,0.1,"2006-04-11T17:49",11,4,2006,2225642,2225642,"HUMAN_OBSERVATION","TPWD","Corpus Christi Bay Bag Seine",NA,NA,"",NA,"CC0_1_0","","",NA,NA,2025-02-06 21:23:18.26,"","CONTINENT_DERIVED_FROM_COORDINATES"
3404743939,"94a6bf19-40a2-4689-ab0e-53edb30b9d36","Station_116_Date_23APR2007:15:35:00.000_Callinectes_similis","Animalia","Arthropoda","Malacostraca","Decapoda","Portunidae","Callinectes","Callinectes similis",NA,"SPECIES","Callinectes similis Williams, 1966","Callinectes similis","A.B. Williams, 1966","US","Nueces Estuary","Texas","PRESENT",NA,"c3ad790a-d426-4ac1-8e32-da61f81f0117",27.826944,-97.131111,100,NA,NA,NA,0.1,0.1,"2007-04-23T15:35",23,4,2007,2225642,2225642,"HUMAN_OBSERVATION","TPWD","Corpus Christi Bay Bag Seine",NA,NA,"",NA,"CC0_1_0","","",NA,NA,2025-02-06 21:23:18.227,"","CONTINENT_DERIVED_FROM_COORDINATES"
3404743527,"94a6bf19-40a2-4689-ab0e-53edb30b9d36","Station_90_Date_23JUN2006:10:00:00.000_Callinectes_similis","Animalia","Arthropoda","Malacostraca","Decapoda","Portunidae","Callinectes","Callinectes similis",NA,"SPECIES","Callinectes similis Williams, 1966","Callinectes similis","A.B. Williams, 1966","US","Nueces Estuary","Texas","PRESENT",NA,"c3ad790a-d426-4ac1-8e32-da61f81f0117",27.848611,-97.241111,100,NA,NA,NA,0.15,0.15,"2006-06-23T10:00",23,6,2006,2225642,2225642,"HUMAN_OBSERVATION","TPWD","Corpus Christi Bay Bag Seine",NA,NA,"",NA,"CC0_1_0","","",NA,NA,2025-02-06 21:23:18.159,"","CONTINENT_DERIVED_FROM_COORDINATES"
3404742955,"94a6bf19-40a2-4689-ab0e-53edb30b9d36","Station_130_Date_02JUN2008:17:30:00.000_Callinectes_similis","Animalia","Arthropoda","Malacostraca","Decapoda","Portunidae","Callinectes","Callinectes similis",NA,"SPECIES","Callinectes similis Williams, 1966","Callinectes similis","A.B. Williams, 1966","US","Nueces Estuary","Texas","PRESENT",NA,"c3ad790a-d426-4ac1-8e32-da61f81f0117",27.810556,-97.220278,100,NA,NA,NA,0.05,0.05,"2008-06-02T17:30",2,6,2008,2225642,2225642,"HUMAN_OBSERVATION","TPWD","Corpus Christi Bay Bag Seine",NA,NA,"",NA,"CC0_1_0","","",NA,NA,2025-02-06 21:23:18.517,"","CONTINENT_DERIVED_FROM_COORDINATES"
3404742597,"94a6bf19-40a2-4689-ab0e-53edb30b9d36","Station_98_Date_03MAY2005:17:34:00.000_Callinectes_similis","Animalia","Arthropoda","Malacostraca","Decapoda","Portunidae","Callinectes","Callinectes similis",NA,"SPECIES","Callinectes similis Williams, 1966","Callinectes similis","A.B. Williams, 1966","US","Nueces Estuary","Texas","PRESENT",NA,"c3ad790a-d426-4ac1-8e32-da61f81f0117",27.843889,-97.079722,100,NA,NA,NA,0.3,0.3,"2005-05-03T17:34",3,5,2005,2225642,2225642,"HUMAN_OBSERVATION","TPWD","Corpus Christi Bay Bag Seine",NA,NA,"",NA,"CC0_1_0","","",NA,NA,2025-02-06 21:23:18.428,"","CONTINENT_DERIVED_FROM_COORDINATES"
3404742579,"94a6bf19-40a2-4689-ab0e-53edb30b9d36","Station_96_Date_24JUN2008:12:08:00.000_Callinectes_similis","Animalia","Arthropoda","Malacostraca","Decapoda","Portunidae","Callinectes","Callinectes similis",NA,"SPECIES","Callinectes similis Williams, 1966","Callinectes similis","A.B. Williams, 1966","US","Nueces Estuary","Texas","PRESENT",NA,"c3ad790a-d426-4ac1-8e32-da61f81f0117",27.838889,-97.105,100,NA,NA,NA,0.15,0.15,"2008-06-24T12:08",24,6,2008,2225642,2225642,"HUMAN_OBSERVATION","TPWD","Corpus Christi Bay Bag Seine",NA,NA,"",NA,"CC0_1_0","","",NA,NA,2025-02-06 21:23:18.423,"","CONTINENT_DERIVED_FROM_COORDINATES"
3404742480,"94a6bf19-40a2-4689-ab0e-53edb30b9d36","Station_91_Date_12SEP2007:11:07:00.000_Callinectes_similis","Animalia","Arthropoda","Malacostraca","Decapoda","Portunidae","Callinectes","Callinectes similis",NA,"SPECIES","Callinectes similis Williams, 1966","Callinectes similis","A.B. Williams, 1966","US","Nueces Estuary","Texas","PRESENT",NA,"c3ad790a-d426-4ac1-8e32-da61f81f0117",27.8375,-97.220556,100,NA,NA,NA,0.3,0.2,"2007-09-12T11:07",12,9,2007,2225642,2225642,"HUMAN_OBSERVATION","TPWD","Corpus Christi Bay Bag Seine",NA,NA,"",NA,"CC0_1_0","","",NA,NA,2025-02-06 21:23:18.399,"","CONTINENT_DERIVED_FROM_COORDINATES"
3404742305,"94a6bf19-40a2-4689-ab0e-53edb30b9d36","Station_69_Date_13AUG2008:12:28:00.000_Callinectes_similis","Animalia","Arthropoda","Malacostraca","Decapoda","Portunidae","Callinectes","Callinectes similis",NA,"SPECIES","Callinectes similis Williams, 1966","Callinectes similis","A.B. Williams, 1966","US","Nueces Estuary","Texas","PRESENT",NA,"c3ad790a-d426-4ac1-8e32-da61f81f0117",27.865278,-97.330556,100,NA,NA,NA,0.1,0.1,"2008-08-13T12:28",13,8,2008,2225642,2225642,"HUMAN_OBSERVATION","TPWD","Corpus Christi Bay Bag Seine",NA,NA,"",NA,"CC0_1_0","","",NA,NA,2025-02-06 21:23:18.35,"","CONTINENT_DERIVED_FROM_COORDINATES"
3404741749,"94a6bf19-40a2-4689-ab0e-53edb30b9d36","Station_117_Date_24APR2006:16:10:00.000_Callinectes_similis","Animalia","Arthropoda","Malacostraca","Decapoda","Portunidae","Callinectes","Callinectes similis",NA,"SPECIES","Callinectes similis Williams, 1966","Callinectes similis","A.B. Williams, 1966","US","Nueces Estuary","Texas","PRESENT",NA,"c3ad790a-d426-4ac1-8e32-da61f81f0117",27.830833,-97.111944,100,NA,NA,NA,0.15,0.15,"2006-04-24T16:10",24,4,2006,2225642,2225642,"HUMAN_OBSERVATION","TPWD","Corpus Christi Bay Bag Seine",NA,NA,"",NA,"CC0_1_0","","",NA,NA,2025-02-06 21:23:18.644,"","CONTINENT_DERIVED_FROM_COORDINATES"
3404741424,"94a6bf19-40a2-4689-ab0e-53edb30b9d36","Station_93_Date_27APR2005:15:39:00.000_Callinectes_similis","Animalia","Arthropoda","Malacostraca","Decapoda","Portunidae","Callinectes","Callinectes similis",NA,"SPECIES","Callinectes similis Williams, 1966","Callinectes similis","A.B. Williams, 1966","US","Nueces Estuary","Texas","PRESENT",NA,"c3ad790a-d426-4ac1-8e32-da61f81f0117",27.840833,-97.163611,100,NA,NA,NA,0.25,0.25,"2005-04-27T15:39",27,4,2005,2225642,2225642,"HUMAN_OBSERVATION","TPWD","Corpus Christi Bay Bag Seine",NA,NA,"",NA,"CC0_1_0","","",NA,NA,2025-02-06 21:23:18.545,"","CONTINENT_DERIVED_FROM_COORDINATES"
3404741237,"94a6bf19-40a2-4689-ab0e-53edb30b9d36","Station_191_Date_10MAR2005:12:02:00.000_Callinectes_similis","Animalia","Arthropoda","Malacostraca","Decapoda","Portunidae","Callinectes","Callinectes similis",NA,"SPECIES","Callinectes similis Williams, 1966","Callinectes similis","A.B. Williams, 1966","US","Nueces Estuary","Texas","PRESENT",NA,"c3ad790a-d426-4ac1-8e32-da61f81f0117",27.755278,-97.1575,100,NA,NA,NA,0.1,0.1,"2005-03-10T12:02",10,3,2005,2225642,2225642,"HUMAN_OBSERVATION","TPWD","Corpus Christi Bay Bag Seine",NA,NA,"",NA,"CC0_1_0","","",NA,NA,2025-02-06 21:23:18.109,"","CONTINENT_DERIVED_FROM_COORDINATES"
3404740707,"94a6bf19-40a2-4689-ab0e-53edb30b9d36","Station_117_Date_11SEP2006:18:06:00.000_Callinectes_similis","Animalia","Arthropoda","Malacostraca","Decapoda","Portunidae","Callinectes","Callinectes similis",NA,"SPECIES","Callinectes similis Williams, 1966","Callinectes similis","A.B. Williams, 1966","US","Nueces Estuary","Texas","PRESENT",NA,"c3ad790a-d426-4ac1-8e32-da61f81f0117",27.830556,-97.112778,100,NA,NA,NA,0.1,0.1,"2006-09-11T18:06",11,9,2006,2225642,2225642,"HUMAN_OBSERVATION","TPWD","Corpus Christi Bay Bag Seine",NA,NA,"",NA,"CC0_1_0","","",NA,NA,2025-02-06 21:23:18.033,"","CONTINENT_DERIVED_FROM_COORDINATES"
3404740636,"94a6bf19-40a2-4689-ab0e-53edb30b9d36","Station_114_Date_12NOV2007:16:24:00.000_Callinectes_similis","Animalia","Arthropoda","Malacostraca","Decapoda","Portunidae","Callinectes","Callinectes similis",NA,"SPECIES","Callinectes similis Williams, 1966","Callinectes similis","A.B. Williams, 1966","US","Nueces Estuary","Texas","PRESENT",NA,"c3ad790a-d426-4ac1-8e32-da61f81f0117",27.816944,-97.153056,100,NA,NA,NA,0.15,0.05,"2007-11-12T16:24",12,11,2007,2225642,2225642,"HUMAN_OBSERVATION","TPWD","Corpus Christi Bay Bag Seine",NA,NA,"",NA,"CC0_1_0","","",NA,NA,2025-02-06 21:23:18.023,"","CONTINENT_DERIVED_FROM_COORDINATES"
3404740557,"94a6bf19-40a2-4689-ab0e-53edb30b9d36","Station_111_Date_11APR2006:16:27:00.000_Callinectes_similis","Animalia","Arthropoda","Malacostraca","Decapoda","Portunidae","Callinectes","Callinectes similis",NA,"SPECIES","Callinectes similis Williams, 1966","Callinectes similis","A.B. Williams, 1966","US","Nueces Estuary","Texas","PRESENT",NA,"c3ad790a-d426-4ac1-8e32-da61f81f0117",27.821389,-97.215,100,NA,NA,NA,0.4,0.4,"2006-04-11T16:27",11,4,2006,2225642,2225642,"HUMAN_OBSERVATION","TPWD","Corpus Christi Bay Bag Seine",NA,NA,"",NA,"CC0_1_0","","",NA,NA,2025-02-06 21:23:18.006,"","CONTINENT_DERIVED_FROM_COORDINATES"
3404740210,"94a6bf19-40a2-4689-ab0e-53edb30b9d36","Station_190_Date_09MAY2006:10:34:00.000_Callinectes_similis","Animalia","Arthropoda","Malacostraca","Decapoda","Portunidae","Callinectes","Callinectes similis",NA,"SPECIES","Callinectes similis Williams, 1966","Callinectes similis","A.B. Williams, 1966","US","Nueces Estuary","Texas","PRESENT",NA,"c3ad790a-d426-4ac1-8e32-da61f81f0117",27.755833,-97.1675,100,NA,NA,NA,0.5,0.5,"2006-05-09T10:34",9,5,2006,2225642,2225642,"HUMAN_OBSERVATION","TPWD","Corpus Christi Bay Bag Seine",NA,NA,"",NA,"CC0_1_0","","",NA,NA,2025-02-06 21:23:17.915,"","CONTINENT_DERIVED_FROM_COORDINATES"
3404740069,"94a6bf19-40a2-4689-ab0e-53edb30b9d36","Station_159_Date_29SEP2008:11:57:00.000_Callinectes_similis","Animalia","Arthropoda","Malacostraca","Decapoda","Portunidae","Callinectes","Callinectes similis",NA,"SPECIES","Callinectes similis Williams, 1966","Callinectes similis","A.B. Williams, 1966","US","Nueces Estuary","Texas","PRESENT",NA,"c3ad790a-d426-4ac1-8e32-da61f81f0117",27.776667,-97.391389,100,NA,NA,NA,0.2,0.2,"2008-09-29T11:57",29,9,2008,2225642,2225642,"HUMAN_OBSERVATION","TPWD","Corpus Christi Bay Bag Seine",NA,NA,"",NA,"CC0_1_0","","",NA,NA,2025-02-06 21:23:17.896,"","CONTINENT_DERIVED_FROM_COORDINATES"
3404739475,"94a6bf19-40a2-4689-ab0e-53edb30b9d36","Station_98_Date_08MAR2006:10:58:00.000_Callinectes_similis","Animalia","Arthropoda","Malacostraca","Decapoda","Portunidae","Callinectes","Callinectes similis",NA,"SPECIES","Callinectes similis Williams, 1966","Callinectes similis","A.B. Williams, 1966","US","Nueces Estuary","Texas","PRESENT",NA,"c3ad790a-d426-4ac1-8e32-da61f81f0117",27.838889,-97.070556,100,NA,NA,NA,0.15,0.15,"2006-03-08T10:58",8,3,2006,2225642,2225642,"HUMAN_OBSERVATION","TPWD","Corpus Christi Bay Bag Seine",NA,NA,"",NA,"CC0_1_0","","",NA,NA,2025-02-06 21:23:17.809,"","CONTINENT_DERIVED_FROM_COORDINATES"
3404739441,"94a6bf19-40a2-4689-ab0e-53edb30b9d36","Station_96_Date_03MAY2005:17:52:00.000_Callinectes_similis","Animalia","Arthropoda","Malacostraca","Decapoda","Portunidae","Callinectes","Callinectes similis",NA,"SPECIES","Callinectes similis Williams, 1966","Callinectes similis","A.B. Williams, 1966","US","Nueces Estuary","Texas","PRESENT",NA,"c3ad790a-d426-4ac1-8e32-da61f81f0117",27.839722,-97.103056,100,NA,NA,NA,0.1,0.1,"2005-05-03T17:52",3,5,2005,2225642,2225642,"HUMAN_OBSERVATION","TPWD","Corpus Christi Bay Bag Seine",NA,NA,"",NA,"CC0_1_0","","",NA,NA,2025-02-06 21:23:17.805,"","CONTINENT_DERIVED_FROM_COORDINATES"
3404738907,"94a6bf19-40a2-4689-ab0e-53edb30b9d36","Station_134_Date_11APR2006:17:27:00.000_Callinectes_similis","Animalia","Arthropoda","Malacostraca","Decapoda","Portunidae","Callinectes","Callinectes similis",NA,"SPECIES","Callinectes similis Williams, 1966","Callinectes similis","A.B. Williams, 1966","US","Nueces Estuary","Texas","PRESENT",NA,"c3ad790a-d426-4ac1-8e32-da61f81f0117",27.816111,-97.160556,100,NA,NA,NA,0.2,0.2,"2006-04-11T17:27",11,4,2006,2225642,2225642,"HUMAN_OBSERVATION","TPWD","Corpus Christi Bay Bag Seine",NA,NA,"",NA,"CC0_1_0","","",NA,NA,2025-02-06 21:23:18.258,"","CONTINENT_DERIVED_FROM_COORDINATES"
3404738872,"94a6bf19-40a2-4689-ab0e-53edb30b9d36","Station_132_Date_19OCT2005:16:57:00.000_Callinectes_similis","Animalia","Arthropoda","Malacostraca","Decapoda","Portunidae","Callinectes","Callinectes similis",NA,"SPECIES","Callinectes similis Williams, 1966","Callinectes similis","A.B. Williams, 1966","US","Nueces Estuary","Texas","PRESENT",NA,"c3ad790a-d426-4ac1-8e32-da61f81f0117",27.816111,-97.193056,100,NA,NA,NA,0.65,0.65,"2005-10-19T16:57",19,10,2005,2225642,2225642,"HUMAN_OBSERVATION","TPWD","Corpus Christi Bay Bag Seine",NA,NA,"",NA,"CC0_1_0","","",NA,NA,2025-02-06 21:23:18.253,"","CONTINENT_DERIVED_FROM_COORDINATES"
3404738063,"94a6bf19-40a2-4689-ab0e-53edb30b9d36","Station_44_Date_27NOV2007:11:09:00.000_Callinectes_similis","Animalia","Arthropoda","Malacostraca","Decapoda","Portunidae","Callinectes","Callinectes similis",NA,"SPECIES","Callinectes similis Williams, 1966","Callinectes similis","A.B. Williams, 1966","US","Nueces Estuary","Texas","PRESENT",NA,"c3ad790a-d426-4ac1-8e32-da61f81f0117",27.828611,-97.428889,100,NA,NA,NA,0.2,0.2,"2007-11-27T11:09",27,11,2007,2225642,2225642,"HUMAN_OBSERVATION","TPWD","Corpus Christi Bay Bag Seine",NA,NA,"",NA,"CC0_1_0","","",NA,NA,2025-02-06 21:23:18.425,"","CONTINENT_DERIVED_FROM_COORDINATES"
3404737459,"94a6bf19-40a2-4689-ab0e-53edb30b9d36","Station_19_Date_17APR2007:18:14:00.000_Callinectes_similis","Animalia","Arthropoda","Malacostraca","Decapoda","Portunidae","Callinectes","Callinectes similis",NA,"SPECIES","Callinectes similis Williams, 1966","Callinectes similis","A.B. Williams, 1966","US","Nueces Estuary","Texas","PRESENT",NA,"c3ad790a-d426-4ac1-8e32-da61f81f0117",27.861111,-97.485,100,NA,NA,NA,0.15,0.15,"2007-04-17T18:14",17,4,2007,2225642,2225642,"HUMAN_OBSERVATION","TPWD","Corpus Christi Bay Bag Seine",NA,NA,"",NA,"CC0_1_0","","",NA,NA,2025-02-06 21:23:18.256,"","CONTINENT_DERIVED_FROM_COORDINATES"
3404737186,"94a6bf19-40a2-4689-ab0e-53edb30b9d36","Station_69_Date_22SEP2006:09:46:00.000_Callinectes_similis","Animalia","Arthropoda","Malacostraca","Decapoda","Portunidae","Callinectes","Callinectes similis",NA,"SPECIES","Callinectes similis Williams, 1966","Callinectes similis","A.B. Williams, 1966","US","Nueces Estuary","Texas","PRESENT",NA,"c3ad790a-d426-4ac1-8e32-da61f81f0117",27.864167,-97.333056,100,NA,NA,NA,0.15,0.15,"2006-09-22T09:46",22,9,2006,2225642,2225642,"HUMAN_OBSERVATION","TPWD","Corpus Christi Bay Bag Seine",NA,NA,"",NA,"CC0_1_0","","",NA,NA,2025-02-06 21:23:17.766,"","CONTINENT_DERIVED_FROM_COORDINATES"
3404736906,"94a6bf19-40a2-4689-ab0e-53edb30b9d36","Station_41_Date_24MAR2008:11:18:00.000_Callinectes_similis","Animalia","Arthropoda","Malacostraca","Decapoda","Portunidae","Callinectes","Callinectes similis",NA,"SPECIES","Callinectes similis Williams, 1966","Callinectes similis","A.B. Williams, 1966","US","Nueces Estuary","Texas","PRESENT",NA,"c3ad790a-d426-4ac1-8e32-da61f81f0117",27.828333,-97.481944,100,NA,NA,NA,0.25,0.25,"2008-03-24T11:18",24,3,2008,2225642,2225642,"HUMAN_OBSERVATION","TPWD","Corpus Christi Bay Bag Seine",NA,NA,"",NA,"CC0_1_0","","",NA,NA,2025-02-06 21:23:17.729,"","CONTINENT_DERIVED_FROM_COORDINATES"
3404736739,"94a6bf19-40a2-4689-ab0e-53edb30b9d36","Station_29_Date_12OCT2005:15:30:00.000_Callinectes_similis","Animalia","Arthropoda","Malacostraca","Decapoda","Portunidae","Callinectes","Callinectes similis",NA,"SPECIES","Callinectes similis Williams, 1966","Callinectes similis","A.B. Williams, 1966","US","Nueces Estuary","Texas","PRESENT",NA,"c3ad790a-d426-4ac1-8e32-da61f81f0117",27.630833,-97.227222,100,NA,NA,NA,0.3,0.2,"2005-10-12T15:30",12,10,2005,2225642,2225642,"HUMAN_OBSERVATION","TPWD","Corpus Christi Bay Bag Seine",NA,NA,"",NA,"CC0_1_0","","",NA,NA,2025-02-06 21:23:17.698,"","CONTINENT_DERIVED_FROM_COORDINATES"
3404736448,"94a6bf19-40a2-4689-ab0e-53edb30b9d36","Station_20_Date_27NOV2007:12:46:00.000_Callinectes_similis","Animalia","Arthropoda","Malacostraca","Decapoda","Portunidae","Callinectes","Callinectes similis",NA,"SPECIES","Callinectes similis Williams, 1966","Callinectes similis","A.B. Williams, 1966","US","Nueces Estuary","Texas","PRESENT",NA,"c3ad790a-d426-4ac1-8e32-da61f81f0117",27.862222,-97.471944,100,NA,NA,NA,0.05,0.05,"2007-11-27T12:46",27,11,2007,2225642,2225642,"HUMAN_OBSERVATION","TPWD","Corpus Christi Bay Bag Seine",NA,NA,"",NA,"CC0_1_0","","",NA,NA,2025-02-06 21:23:17.66,"","CONTINENT_DERIVED_FROM_COORDINATES"
3404736194,"94a6bf19-40a2-4689-ab0e-53edb30b9d36","Station_59_Date_23JUN2006:09:34:00.000_Callinectes_similis","Animalia","Arthropoda","Malacostraca","Decapoda","Portunidae","Callinectes","Callinectes similis",NA,"SPECIES","Callinectes similis Williams, 1966","Callinectes similis","A.B. Williams, 1966","US","Nueces Estuary","Texas","PRESENT",NA,"c3ad790a-d426-4ac1-8e32-da61f81f0117",27.879167,-97.285556,100,NA,NA,NA,0.1,0.1,"2006-06-23T09:34",23,6,2006,2225642,2225642,"HUMAN_OBSERVATION","TPWD","Corpus Christi Bay Bag Seine",NA,NA,"",NA,"CC0_1_0","","",NA,NA,2025-02-06 21:23:17.937,"","CONTINENT_DERIVED_FROM_COORDINATES"
3404736027,"94a6bf19-40a2-4689-ab0e-53edb30b9d36","Station_42_Date_17APR2007:16:54:00.000_Callinectes_similis","Animalia","Arthropoda","Malacostraca","Decapoda","Portunidae","Callinectes","Callinectes similis",NA,"SPECIES","Callinectes similis Williams, 1966","Callinectes similis","A.B. Williams, 1966","US","Nueces Estuary","Texas","PRESENT",NA,"c3ad790a-d426-4ac1-8e32-da61f81f0117",27.825278,-97.455278,100,NA,NA,NA,0.25,0.25,"2007-04-17T16:54",17,4,2007,2225642,2225642,"HUMAN_OBSERVATION","TPWD","Corpus Christi Bay Bag Seine",NA,NA,"",NA,"CC0_1_0","","",NA,NA,2025-02-06 21:23:17.915,"","CONTINENT_DERIVED_FROM_COORDINATES"
3404733241,"94a6bf19-40a2-4689-ab0e-53edb30b9d36","Station_61_Date_11APR2006:16:02:00.000_Callinectes_similis","Animalia","Arthropoda","Malacostraca","Decapoda","Portunidae","Callinectes","Callinectes similis",NA,"SPECIES","Callinectes similis Williams, 1966","Callinectes similis","A.B. Williams, 1966","US","Nueces Estuary","Texas","PRESENT",NA,"c3ad790a-d426-4ac1-8e32-da61f81f0117",27.871111,-97.251944,100,NA,NA,NA,0.3,0.1,"2006-04-11T16:02",11,4,2006,2225642,2225642,"HUMAN_OBSERVATION","TPWD","Corpus Christi Bay Bag Seine",NA,NA,"",NA,"CC0_1_0","","",NA,NA,2025-02-06 21:23:18.333,"","CONTINENT_DERIVED_FROM_COORDINATES"
3404731695,"94a6bf19-40a2-4689-ab0e-53edb30b9d36","Station_29_Date_14JUN2006:10:09:00.000_Callinectes_similis","Animalia","Arthropoda","Malacostraca","Decapoda","Portunidae","Callinectes","Callinectes similis",NA,"SPECIES","Callinectes similis Williams, 1966","Callinectes similis","A.B. Williams, 1966","US","Nueces Estuary","Texas","PRESENT",NA,"c3ad790a-d426-4ac1-8e32-da61f81f0117",27.632222,-97.220278,100,NA,NA,NA,0.1,0.1,"2006-06-14T10:09",14,6,2006,2225642,2225642,"HUMAN_OBSERVATION","TPWD","Corpus Christi Bay Bag Seine",NA,NA,"",NA,"CC0_1_0","","",NA,NA,2025-02-06 21:23:17.891,"","CONTINENT_DERIVED_FROM_COORDINATES"
3404731262,"94a6bf19-40a2-4689-ab0e-53edb30b9d36","Station_74_Date_22MAY2007:16:27:00.000_Callinectes_similis","Animalia","Arthropoda","Malacostraca","Decapoda","Portunidae","Callinectes","Callinectes similis",NA,"SPECIES","Callinectes similis Williams, 1966","Callinectes similis","A.B. Williams, 1966","US","Nueces Estuary","Texas","PRESENT",NA,"c3ad790a-d426-4ac1-8e32-da61f81f0117",27.861111,-97.245556,100,NA,NA,NA,0.35,0.35,"2007-05-22T16:27",22,5,2007,2225642,2225642,"HUMAN_OBSERVATION","TPWD","Corpus Christi Bay Bag Seine",NA,NA,"",NA,"CC0_1_0","","",NA,NA,2025-02-06 21:23:18.502,"","CONTINENT_DERIVED_FROM_COORDINATES"
3404731146,"94a6bf19-40a2-4689-ab0e-53edb30b9d36","Station_68_Date_06APR2005:11:54:00.000_Callinectes_similis","Animalia","Arthropoda","Malacostraca","Decapoda","Portunidae","Callinectes","Callinectes similis",NA,"SPECIES","Callinectes similis Williams, 1966","Callinectes similis","A.B. Williams, 1966","US","Nueces Estuary","Texas","PRESENT",NA,"c3ad790a-d426-4ac1-8e32-da61f81f0117",27.865833,-97.343333,100,NA,NA,NA,0.15,0.15,"2005-04-06T11:54",6,4,2005,2225642,2225642,"HUMAN_OBSERVATION","TPWD","Corpus Christi Bay Bag Seine",NA,NA,"",NA,"CC0_1_0","","",NA,NA,2025-02-06 21:23:18.475,"","CONTINENT_DERIVED_FROM_COORDINATES"
3404731055,"94a6bf19-40a2-4689-ab0e-53edb30b9d36","Station_58_Date_18JUL2007:11:12:00.000_Callinectes_similis","Animalia","Arthropoda","Malacostraca","Decapoda","Portunidae","Callinectes","Callinectes similis",NA,"SPECIES","Callinectes similis Williams, 1966","Callinectes similis","A.B. Williams, 1966","US","Nueces Estuary","Texas","PRESENT",NA,"c3ad790a-d426-4ac1-8e32-da61f81f0117",27.871944,-97.313611,100,NA,NA,NA,0.35,0.15,"2007-07-18T11:12",18,7,2007,2225642,2225642,"HUMAN_OBSERVATION","TPWD","Corpus Christi Bay Bag Seine",NA,NA,"",NA,"CC0_1_0","","",NA,NA,2025-02-06 21:23:18.443,"","CONTINENT_DERIVED_FROM_COORDINATES"
3404730837,"94a6bf19-40a2-4689-ab0e-53edb30b9d36","Station_36_Date_24MAR2008:09:54:00.000_Callinectes_similis","Animalia","Arthropoda","Malacostraca","Decapoda","Portunidae","Callinectes","Callinectes similis",NA,"SPECIES","Callinectes similis Williams, 1966","Callinectes similis","A.B. Williams, 1966","US","Nueces Estuary","Texas","PRESENT",NA,"c3ad790a-d426-4ac1-8e32-da61f81f0117",27.836667,-97.394444,100,NA,NA,NA,0.15,0.15,"2008-03-24T09:54",24,3,2008,2225642,2225642,"HUMAN_OBSERVATION","TPWD","Corpus Christi Bay Bag Seine",NA,NA,"",NA,"CC0_1_0","","",NA,NA,2025-02-06 21:23:18.382,"","CONTINENT_DERIVED_FROM_COORDINATES"
3404730714,"94a6bf19-40a2-4689-ab0e-53edb30b9d36","Station_27_Date_20AUG2007:13:24:00.000_Callinectes_similis","Animalia","Arthropoda","Malacostraca","Decapoda","Portunidae","Callinectes","Callinectes similis",NA,"SPECIES","Callinectes similis Williams, 1966","Callinectes similis","A.B. Williams, 1966","US","Nueces Estuary","Texas","PRESENT",NA,"c3ad790a-d426-4ac1-8e32-da61f81f0117",27.850833,-97.355,100,NA,NA,NA,0.15,0.15,"2007-08-20T13:24",20,8,2007,2225642,2225642,"HUMAN_OBSERVATION","TPWD","Corpus Christi Bay Bag Seine",NA,NA,"",NA,"CC0_1_0","","",NA,NA,2025-02-06 21:23:18.355,"","CONTINENT_DERIVED_FROM_COORDINATES"
3404730020,"94a6bf19-40a2-4689-ab0e-53edb30b9d36","Station_57_Date_04JUL2006:10:18:00.000_Callinectes_similis","Animalia","Arthropoda","Malacostraca","Decapoda","Portunidae","Callinectes","Callinectes similis",NA,"SPECIES","Callinectes similis Williams, 1966","Callinectes similis","A.B. Williams, 1966","US","Nueces Estuary","Texas","PRESENT",NA,"c3ad790a-d426-4ac1-8e32-da61f81f0117",27.8675,-97.326111,100,NA,NA,NA,0.1,0.1,"2006-07-04T10:18",4,7,2006,2225642,2225642,"HUMAN_OBSERVATION","TPWD","Corpus Christi Bay Bag Seine",NA,NA,"",NA,"CC0_1_0","","",NA,NA,2025-02-06 21:23:17.744,"","CONTINENT_DERIVED_FROM_COORDINATES"
3404729921,"94a6bf19-40a2-4689-ab0e-53edb30b9d36","Station_42_Date_28JUL2008:13:17:00.000_Callinectes_similis","Animalia","Arthropoda","Malacostraca","Decapoda","Portunidae","Callinectes","Callinectes similis",NA,"SPECIES","Callinectes similis Williams, 1966","Callinectes similis","A.B. Williams, 1966","US","Nueces Estuary","Texas","PRESENT",NA,"c3ad790a-d426-4ac1-8e32-da61f81f0117",27.825278,-97.455833,100,NA,NA,NA,0.25,0.25,"2008-07-28T13:17",28,7,2008,2225642,2225642,"HUMAN_OBSERVATION","TPWD","Corpus Christi Bay Bag Seine",NA,NA,"",NA,"CC0_1_0","","",NA,NA,2025-02-06 21:23:17.733,"","CONTINENT_DERIVED_FROM_COORDINATES"
3404729210,"94a6bf19-40a2-4689-ab0e-53edb30b9d36","Station_69_Date_27JUL2005:09:53:00.000_Callinectes_similis","Animalia","Arthropoda","Malacostraca","Decapoda","Portunidae","Callinectes","Callinectes similis",NA,"SPECIES","Callinectes similis Williams, 1966","Callinectes similis","A.B. Williams, 1966","US","Nueces Estuary","Texas","PRESENT",NA,"c3ad790a-d426-4ac1-8e32-da61f81f0117",27.864444,-97.3325,100,NA,NA,NA,0.1,0,"2005-07-27T09:53",27,7,2005,2225642,2225642,"HUMAN_OBSERVATION","TPWD","Corpus Christi Bay Bag Seine",NA,NA,"",NA,"CC0_1_0","","",NA,NA,2025-02-06 21:23:18.137,"","CONTINENT_DERIVED_FROM_COORDINATES"
3404729170,"94a6bf19-40a2-4689-ab0e-53edb30b9d36","Station_68_Date_20JUN2007:08:38:00.000_Callinectes_similis","Animalia","Arthropoda","Malacostraca","Decapoda","Portunidae","Callinectes","Callinectes similis",NA,"SPECIES","Callinectes similis Williams, 1966","Callinectes similis","A.B. Williams, 1966","US","Nueces Estuary","Texas","PRESENT",NA,"c3ad790a-d426-4ac1-8e32-da61f81f0117",27.863611,-97.333889,100,NA,NA,NA,0.1,0.1,"2007-06-20T08:38",20,6,2007,2225642,2225642,"HUMAN_OBSERVATION","TPWD","Corpus Christi Bay Bag Seine",NA,NA,"",NA,"CC0_1_0","","",NA,NA,2025-02-06 21:23:18.132,"","CONTINENT_DERIVED_FROM_COORDINATES"
3404728789,"94a6bf19-40a2-4689-ab0e-53edb30b9d36","Station_30_Date_27AUG2008:12:03:00.000_Callinectes_similis","Animalia","Arthropoda","Malacostraca","Decapoda","Portunidae","Callinectes","Callinectes similis",NA,"SPECIES","Callinectes similis Williams, 1966","Callinectes similis","A.B. Williams, 1966","US","Nueces Estuary","Texas","PRESENT",NA,"c3ad790a-d426-4ac1-8e32-da61f81f0117",27.839167,-97.490833,100,NA,NA,NA,0.35,0.15,"2008-08-27T12:03",27,8,2008,2225642,2225642,"HUMAN_OBSERVATION","TPWD","Corpus Christi Bay Bag Seine",NA,NA,"",NA,"CC0_1_0","","",NA,NA,2025-02-06 21:23:18.068,"","CONTINENT_DERIVED_FROM_COORDINATES"
3404727024,"94a6bf19-40a2-4689-ab0e-53edb30b9d36","Station_12_Date_27NOV2007:13:37:00.000_Callinectes_similis","Animalia","Arthropoda","Malacostraca","Decapoda","Portunidae","Callinectes","Callinectes similis",NA,"SPECIES","Callinectes similis Williams, 1966","Callinectes similis","A.B. Williams, 1966","US","Nueces Estuary","Texas","PRESENT",NA,"c3ad790a-d426-4ac1-8e32-da61f81f0117",27.8725,-97.409722,100,NA,NA,NA,0.05,0.05,"2007-11-27T13:37",27,11,2007,2225642,2225642,"HUMAN_OBSERVATION","TPWD","Corpus Christi Bay Bag Seine",NA,NA,"",NA,"CC0_1_0","","",NA,NA,2025-02-06 21:23:17.773,"","CONTINENT_DERIVED_FROM_COORDINATES"
3404724058,"94a6bf19-40a2-4689-ab0e-53edb30b9d36","Station_12_Date_11OCT2006:15:30:00.000_Callinectes_similis","Animalia","Arthropoda","Malacostraca","Decapoda","Portunidae","Callinectes","Callinectes similis",NA,"SPECIES","Callinectes similis Williams, 1966","Callinectes similis","A.B. Williams, 1966","US","Nueces Estuary","Texas","PRESENT",NA,"c3ad790a-d426-4ac1-8e32-da61f81f0117",27.875278,-97.403889,100,NA,NA,NA,0.1,0.1,"2006-10-11T15:30",11,10,2006,2225642,2225642,"HUMAN_OBSERVATION","TPWD","Corpus Christi Bay Bag Seine",NA,NA,"",NA,"CC0_1_0","","",NA,NA,2025-02-06 21:23:17.921,"","CONTINENT_DERIVED_FROM_COORDINATES"
3404723179,"94a6bf19-40a2-4689-ab0e-53edb30b9d36","Station_13_Date_06APR2005:10:20:00.000_Callinectes_similis","Animalia","Arthropoda","Malacostraca","Decapoda","Portunidae","Callinectes","Callinectes similis",NA,"SPECIES","Callinectes similis Williams, 1966","Callinectes similis","A.B. Williams, 1966","US","Nueces Estuary","Texas","PRESENT",NA,"c3ad790a-d426-4ac1-8e32-da61f81f0117",27.875,-97.392222,100,NA,NA,NA,0.15,0.15,"2005-04-06T10:20",6,4,2005,2225642,2225642,"HUMAN_OBSERVATION","TPWD","Corpus Christi Bay Bag Seine",NA,NA,"",NA,"CC0_1_0","","",NA,NA,2025-02-06 21:23:18.033,"","CONTINENT_DERIVED_FROM_COORDINATES"
3404722620,"94a6bf19-40a2-4689-ab0e-53edb30b9d36","Station_6_Date_27AUG2008:13:02:00.000_Callinectes_similis","Animalia","Arthropoda","Malacostraca","Decapoda","Portunidae","Callinectes","Callinectes similis",NA,"SPECIES","Callinectes similis Williams, 1966","Callinectes similis","A.B. Williams, 1966","US","Nueces Estuary","Texas","PRESENT",NA,"c3ad790a-d426-4ac1-8e32-da61f81f0117",27.876944,-97.504444,100,NA,NA,NA,0.25,0.25,"2008-08-27T13:02",27,8,2008,2225642,2225642,"HUMAN_OBSERVATION","TPWD","Corpus Christi Bay Bag Seine",NA,NA,"",NA,"CC0_1_0","","",NA,NA,2025-02-06 21:23:17.876,"","CONTINENT_DERIVED_FROM_COORDINATES"
3404721510,"94a6bf19-40a2-4689-ab0e-53edb30b9d36","Station_7_Date_21APR2008:17:36:00.000_Callinectes_similis","Animalia","Arthropoda","Malacostraca","Decapoda","Portunidae","Callinectes","Callinectes similis",NA,"SPECIES","Callinectes similis Williams, 1966","Callinectes similis","A.B. Williams, 1966","US","Nueces Estuary","Texas","PRESENT",NA,"c3ad790a-d426-4ac1-8e32-da61f81f0117",27.873056,-97.483611,100,NA,NA,NA,0.2,0.2,"2008-04-21T17:36",21,4,2008,2225642,2225642,"HUMAN_OBSERVATION","TPWD","Corpus Christi Bay Bag Seine",NA,NA,"",NA,"CC0_1_0","","",NA,NA,2025-02-06 21:23:17.723,"","CONTINENT_DERIVED_FROM_COORDINATES"
3404719920,"94a6bf19-40a2-4689-ab0e-53edb30b9d36","Station_12_Date_25MAY2005:09:37:00.000_Callinectes_similis","Animalia","Arthropoda","Malacostraca","Decapoda","Portunidae","Callinectes","Callinectes similis",NA,"SPECIES","Callinectes similis Williams, 1966","Callinectes similis","A.B. Williams, 1966","US","Nueces Estuary","Texas","PRESENT",NA,"c3ad790a-d426-4ac1-8e32-da61f81f0117",27.874722,-97.404167,100,NA,NA,NA,0.15,0.05,"2005-05-25T09:37",25,5,2005,2225642,2225642,"HUMAN_OBSERVATION","TPWD","Corpus Christi Bay Bag Seine",NA,NA,"",NA,"CC0_1_0","","",NA,NA,2025-02-06 21:23:17.588,"","CONTINENT_DERIVED_FROM_COORDINATES"
3404719495,"94a6bf19-40a2-4689-ab0e-53edb30b9d36","Station_7_Date_12JAN2005:13:40:00.000_Callinectes_similis","Animalia","Arthropoda","Malacostraca","Decapoda","Portunidae","Callinectes","Callinectes similis",NA,"SPECIES","Callinectes similis Williams, 1966","Callinectes similis","A.B. Williams, 1966","US","Nueces Estuary","Texas","PRESENT",NA,"c3ad790a-d426-4ac1-8e32-da61f81f0117",27.671389,-97.258611,100,NA,NA,NA,0.2,0.2,"2005-01-12T13:40",12,1,2005,2225642,2225642,"HUMAN_OBSERVATION","TPWD","Corpus Christi Bay Bag Seine",NA,NA,"",NA,"CC0_1_0","","",NA,NA,2025-02-06 21:23:17.526,"","CONTINENT_DERIVED_FROM_COORDINATES"
3404622393,"2473e9c3-624f-4cd6-bfc6-b476913790b5","Station_343_Date_07MAY2008:14:46:00.000_Callinectes_similis","Animalia","Arthropoda","Malacostraca","Decapoda","Portunidae","Callinectes","Callinectes similis",NA,"SPECIES","Callinectes similis Williams, 1966","Callinectes similis","A.B. Williams, 1966","US","Mission-Aransas Estuary","Texas","PRESENT",NA,"c3ad790a-d426-4ac1-8e32-da61f81f0117",27.851389,-97.054444,100,NA,NA,NA,0.3,0.2,"2008-05-07T14:46",7,5,2008,2225642,2225642,"HUMAN_OBSERVATION","TPWD","Aransas Bay Bag Seine",NA,NA,"",NA,"CC0_1_0","","",NA,NA,2025-02-06 18:23:34.478,"","CONTINENT_DERIVED_FROM_COORDINATES"
3404622341,"2473e9c3-624f-4cd6-bfc6-b476913790b5","Station_340_Date_07FEB2006:14:47:00.000_Callinectes_similis","Animalia","Arthropoda","Malacostraca","Decapoda","Portunidae","Callinectes","Callinectes similis",NA,"SPECIES","Callinectes similis Williams, 1966","Callinectes similis","A.B. Williams, 1966","US","Mission-Aransas Estuary","Texas","PRESENT",NA,"c3ad790a-d426-4ac1-8e32-da61f81f0117",27.882222,-97.049444,100,NA,NA,NA,0.35,0.35,"2006-02-07T14:47",7,2,2006,2225642,2225642,"HUMAN_OBSERVATION","TPWD","Aransas Bay Bag Seine",NA,NA,"",NA,"CC0_1_0","","",NA,NA,2025-02-06 18:23:34.466,"","CONTINENT_DERIVED_FROM_COORDINATES"
3404621450,"2473e9c3-624f-4cd6-bfc6-b476913790b5","Station_344_Date_12APR2006:14:28:00.000_Callinectes_similis","Animalia","Arthropoda","Malacostraca","Decapoda","Portunidae","Callinectes","Callinectes similis",NA,"SPECIES","Callinectes similis Williams, 1966","Callinectes similis","A.B. Williams, 1966","US","Mission-Aransas Estuary","Texas","PRESENT",NA,"c3ad790a-d426-4ac1-8e32-da61f81f0117",27.861667,-97.048889,100,NA,NA,NA,0.2,0.2,"2006-04-12T14:28",12,4,2006,2225642,2225642,"HUMAN_OBSERVATION","TPWD","Aransas Bay Bag Seine",NA,NA,"",NA,"CC0_1_0","","",NA,NA,2025-02-06 18:23:35.361,"","CONTINENT_DERIVED_FROM_COORDINATES"
3404621354,"2473e9c3-624f-4cd6-bfc6-b476913790b5","Station_339_Date_23MAY2007:16:32:00.000_Callinectes_similis","Animalia","Arthropoda","Malacostraca","Decapoda","Portunidae","Callinectes","Callinectes similis",NA,"SPECIES","Callinectes similis Williams, 1966","Callinectes similis","A.B. Williams, 1966","US","Mission-Aransas Estuary","Texas","PRESENT",NA,"c3ad790a-d426-4ac1-8e32-da61f81f0117",27.8675,-97.053056,100,NA,NA,NA,0.5,0.1,"2007-05-23T16:32",23,5,2007,2225642,2225642,"HUMAN_OBSERVATION","TPWD","Aransas Bay Bag Seine",NA,NA,"",NA,"CC0_1_0","","",NA,NA,2025-02-06 18:23:35.333,"","CONTINENT_DERIVED_FROM_COORDINATES"
3404616444,"2473e9c3-624f-4cd6-bfc6-b476913790b5","Station_343_Date_11APR2005:14:22:00.000_Callinectes_similis","Animalia","Arthropoda","Malacostraca","Decapoda","Portunidae","Callinectes","Callinectes similis",NA,"SPECIES","Callinectes similis Williams, 1966","Callinectes similis","A.B. Williams, 1966","US","Mission-Aransas Estuary","Texas","PRESENT",NA,"c3ad790a-d426-4ac1-8e32-da61f81f0117",27.855833,-97.058333,100,NA,NA,NA,0.25,0.15,"2005-04-11T14:22",11,4,2005,2225642,2225642,"HUMAN_OBSERVATION","TPWD","Aransas Bay Bag Seine",NA,NA,"",NA,"CC0_1_0","","",NA,NA,2025-02-06 18:23:34.464,"","CONTINENT_DERIVED_FROM_COORDINATES"
3404616433,"2473e9c3-624f-4cd6-bfc6-b476913790b5","Station_343_Date_03JUN2008:16:57:00.000_Callinectes_similis","Animalia","Arthropoda","Malacostraca","Decapoda","Portunidae","Callinectes","Callinectes similis",NA,"SPECIES","Callinectes similis Williams, 1966","Callinectes similis","A.B. Williams, 1966","US","Mission-Aransas Estuary","Texas","PRESENT",NA,"c3ad790a-d426-4ac1-8e32-da61f81f0117",27.855,-97.058611,100,NA,NA,NA,0.1,0.1,"2008-06-03T16:57",3,6,2008,2225642,2225642,"HUMAN_OBSERVATION","TPWD","Aransas Bay Bag Seine",NA,NA,"",NA,"CC0_1_0","","",NA,NA,2025-02-06 18:23:34.462,"","CONTINENT_DERIVED_FROM_COORDINATES"
3404616344,"2473e9c3-624f-4cd6-bfc6-b476913790b5","Station_338_Date_09OCT2006:15:53:00.000_Callinectes_similis","Animalia","Arthropoda","Malacostraca","Decapoda","Portunidae","Callinectes","Callinectes similis",NA,"SPECIES","Callinectes similis Williams, 1966","Callinectes similis","A.B. Williams, 1966","US","Mission-Aransas Estuary","Texas","PRESENT",NA,"c3ad790a-d426-4ac1-8e32-da61f81f0117",27.868056,-97.0825,100,NA,NA,NA,0.45,0.05,"2006-10-09T15:53",9,10,2006,2225642,2225642,"HUMAN_OBSERVATION","TPWD","Aransas Bay Bag Seine",NA,NA,"",NA,"CC0_1_0","","",NA,NA,2025-02-06 18:23:34.442,"","CONTINENT_DERIVED_FROM_COORDINATES"
3404615426,"2473e9c3-624f-4cd6-bfc6-b476913790b5","Station_338_Date_05MAR2008:13:50:00.000_Callinectes_similis","Animalia","Arthropoda","Malacostraca","Decapoda","Portunidae","Callinectes","Callinectes similis",NA,"SPECIES","Callinectes similis Williams, 1966","Callinectes similis","A.B. Williams, 1966","US","Mission-Aransas Estuary","Texas","PRESENT",NA,"c3ad790a-d426-4ac1-8e32-da61f81f0117",27.868056,-97.083056,100,NA,NA,NA,0.15,0.15,"2008-03-05T13:50",5,3,2008,2225642,2225642,"HUMAN_OBSERVATION","TPWD","Aransas Bay Bag Seine",NA,NA,"",NA,"CC0_1_0","","",NA,NA,2025-02-06 18:23:34.745,"","CONTINENT_DERIVED_FROM_COORDINATES"
3404613029,"2473e9c3-624f-4cd6-bfc6-b476913790b5","Station_313_Date_20JUN2007:09:38:00.000_Callinectes_similis","Animalia","Arthropoda","Malacostraca","Decapoda","Portunidae","Callinectes","Callinectes similis",NA,"SPECIES","Callinectes similis Williams, 1966","Callinectes similis","A.B. Williams, 1966","US","Mission-Aransas Estuary","Texas","PRESENT",NA,"c3ad790a-d426-4ac1-8e32-da61f81f0117",27.918056,-97.076944,100,NA,NA,NA,0.2,0,"2007-06-20T09:38",20,6,2007,2225642,2225642,"HUMAN_OBSERVATION","TPWD","Aransas Bay Bag Seine",NA,NA,"",NA,"CC0_1_0","","",NA,NA,2025-02-06 18:23:34.383,"","CONTINENT_DERIVED_FROM_COORDINATES"
3404611675,"2473e9c3-624f-4cd6-bfc6-b476913790b5","Station_295_Date_09OCT2006:18:01:00.000_Callinectes_similis","Animalia","Arthropoda","Malacostraca","Decapoda","Portunidae","Callinectes","Callinectes similis",NA,"SPECIES","Callinectes similis Williams, 1966","Callinectes similis","A.B. Williams, 1966","US","Mission-Aransas Estuary","Texas","PRESENT",NA,"c3ad790a-d426-4ac1-8e32-da61f81f0117",27.962222,-97.079167,100,NA,NA,NA,0.25,0.15,"2006-10-09T18:01",9,10,2006,2225642,2225642,"HUMAN_OBSERVATION","TPWD","Aransas Bay Bag Seine",NA,NA,"",NA,"CC0_1_0","","",NA,NA,2025-02-06 18:23:33.5,"","CONTINENT_DERIVED_FROM_COORDINATES"
3404611394,"2473e9c3-624f-4cd6-bfc6-b476913790b5","Station_267_Date_20DEC2007:10:11:00.000_Callinectes_similis","Animalia","Arthropoda","Malacostraca","Decapoda","Portunidae","Callinectes","Callinectes similis",NA,"SPECIES","Callinectes similis Williams, 1966","Callinectes similis","A.B. Williams, 1966","US","Mission-Aransas Estuary","Texas","PRESENT",NA,"c3ad790a-d426-4ac1-8e32-da61f81f0117",28.001667,-96.976389,100,NA,NA,NA,0.2,0.2,"2007-12-20T10:11",20,12,2007,2225642,2225642,"HUMAN_OBSERVATION","TPWD","Aransas Bay Bag Seine",NA,NA,"",NA,"CC0_1_0","","",NA,NA,2025-02-06 18:23:33.461,"","CONTINENT_DERIVED_FROM_COORDINATES"
3404609735,"2473e9c3-624f-4cd6-bfc6-b476913790b5","Station_294_Date_05FEB2007:13:02:00.000_Callinectes_similis","Animalia","Arthropoda","Malacostraca","Decapoda","Portunidae","Callinectes","Callinectes similis",NA,"SPECIES","Callinectes similis Williams, 1966","Callinectes similis","A.B. Williams, 1966","US","Mission-Aransas Estuary","Texas","PRESENT",NA,"c3ad790a-d426-4ac1-8e32-da61f81f0117",27.957222,-97.093889,100,NA,NA,NA,0.15,0.15,"2007-02-05T13:02",5,2,2007,2225642,2225642,"HUMAN_OBSERVATION","TPWD","Aransas Bay Bag Seine",NA,NA,"",NA,"CC0_1_0","","",NA,NA,2025-02-06 18:23:35.176,"","CONTINENT_DERIVED_FROM_COORDINATES"
3404592315,"2473e9c3-624f-4cd6-bfc6-b476913790b5","Station_333_Date_03JUN2008:17:49:00.000_Callinectes_similis","Animalia","Arthropoda","Malacostraca","Decapoda","Portunidae","Callinectes","Callinectes similis",NA,"SPECIES","Callinectes similis Williams, 1966","Callinectes similis","A.B. Williams, 1966","US","Mission-Aransas Estuary","Texas","PRESENT",NA,"c3ad790a-d426-4ac1-8e32-da61f81f0117",27.884167,-97.044167,100,NA,NA,NA,0.35,0.25,"2008-06-03T17:49",3,6,2008,2225642,2225642,"HUMAN_OBSERVATION","TPWD","Aransas Bay Bag Seine",NA,NA,"",NA,"CC0_1_0","","",NA,NA,2025-02-06 18:23:34.451,"","CONTINENT_DERIVED_FROM_COORDINATES"
3404592073,"2473e9c3-624f-4cd6-bfc6-b476913790b5","Station_98_Date_01MAY2006:16:02:00.000_Callinectes_similis","Animalia","Arthropoda","Malacostraca","Decapoda","Portunidae","Callinectes","Callinectes similis",NA,"SPECIES","Callinectes similis Williams, 1966","Callinectes similis","A.B. Williams, 1966","US","Mission-Aransas Estuary","Texas","PRESENT",NA,"c3ad790a-d426-4ac1-8e32-da61f81f0117",28.134167,-96.961111,100,NA,NA,NA,0.2,0.2,"2006-05-01T16:02",1,5,2006,2225642,2225642,"HUMAN_OBSERVATION","TPWD","Aransas Bay Bag Seine",NA,NA,"",NA,"CC0_1_0","","",NA,NA,2025-02-06 18:23:33.862,"","CONTINENT_DERIVED_FROM_COORDINATES"
3404591863,"2473e9c3-624f-4cd6-bfc6-b476913790b5","Station_82_Date_10MAY2005:17:05:00.000_Callinectes_similis","Animalia","Arthropoda","Malacostraca","Decapoda","Portunidae","Callinectes","Callinectes similis",NA,"SPECIES","Callinectes similis Williams, 1966","Callinectes similis","A.B. Williams, 1966","US","Mission-Aransas Estuary","Texas","PRESENT",NA,"c3ad790a-d426-4ac1-8e32-da61f81f0117",27.860556,-97.0825,100,NA,NA,NA,0.4,0.4,"2005-05-10T17:05",10,5,2005,2225642,2225642,"HUMAN_OBSERVATION","TPWD","Aransas Bay Bag Seine",NA,NA,"",NA,"CC0_1_0","","",NA,NA,2025-02-06 18:23:33.81,"","CONTINENT_DERIVED_FROM_COORDINATES"
3404590675,"2473e9c3-624f-4cd6-bfc6-b476913790b5","Station_78_Date_10NOV2008:16:02:00.000_Callinectes_similis","Animalia","Arthropoda","Malacostraca","Decapoda","Portunidae","Callinectes","Callinectes similis",NA,"SPECIES","Callinectes similis Williams, 1966","Callinectes similis","A.B. Williams, 1966","US","Mission-Aransas Estuary","Texas","PRESENT",NA,"c3ad790a-d426-4ac1-8e32-da61f81f0117",27.864722,-97.136667,100,NA,NA,NA,0.35,0.15,"2008-11-10T16:02",10,11,2008,2225642,2225642,"HUMAN_OBSERVATION","TPWD","Aransas Bay Bag Seine",NA,NA,"",NA,"CC0_1_0","","",NA,NA,2025-02-06 18:23:33.238,"","CONTINENT_DERIVED_FROM_COORDINATES"
3404589612,"2473e9c3-624f-4cd6-bfc6-b476913790b5","Station_345_Date_13APR2005:10:22:00.000_Callinectes_similis","Animalia","Arthropoda","Malacostraca","Decapoda","Portunidae","Callinectes","Callinectes similis",NA,"SPECIES","Callinectes similis Williams, 1966","Callinectes similis","A.B. Williams, 1966","US","Mission-Aransas Estuary","Texas","PRESENT",NA,"c3ad790a-d426-4ac1-8e32-da61f81f0117",27.849167,-97.055833,100,NA,NA,NA,0.3,0.1,"2005-04-13T10:22",13,4,2005,2225642,2225642,"HUMAN_OBSERVATION","TPWD","Aransas Bay Bag Seine",NA,NA,"",NA,"CC0_1_0","","",NA,NA,2025-02-06 18:23:34.779,"","CONTINENT_DERIVED_FROM_COORDINATES"
3404588318,"2473e9c3-624f-4cd6-bfc6-b476913790b5","Station_333_Date_11APR2005:15:09:00.000_Callinectes_similis","Animalia","Arthropoda","Malacostraca","Decapoda","Portunidae","Callinectes","Callinectes similis",NA,"SPECIES","Callinectes similis Williams, 1966","Callinectes similis","A.B. Williams, 1966","US","Mission-Aransas Estuary","Texas","PRESENT",NA,"c3ad790a-d426-4ac1-8e32-da61f81f0117",27.889722,-97.046667,100,NA,NA,NA,0.4,0,"2005-04-11T15:09",11,4,2005,2225642,2225642,"HUMAN_OBSERVATION","TPWD","Aransas Bay Bag Seine",NA,NA,"",NA,"CC0_1_0","","",NA,NA,2025-02-06 18:23:33.566,"","CONTINENT_DERIVED_FROM_COORDINATES"
3404588271,"2473e9c3-624f-4cd6-bfc6-b476913790b5","Station_122_Date_08JUL2008:13:42:00.000_Callinectes_similis","Animalia","Arthropoda","Malacostraca","Decapoda","Portunidae","Callinectes","Callinectes similis",NA,"SPECIES","Callinectes similis Williams, 1966","Callinectes similis","A.B. Williams, 1966","US","Mission-Aransas Estuary","Texas","PRESENT",NA,"c3ad790a-d426-4ac1-8e32-da61f81f0117",28.125833,-96.984167,100,NA,NA,NA,0.3,0.1,"2008-07-08T13:42",8,7,2008,2225642,2225642,"HUMAN_OBSERVATION","TPWD","Aransas Bay Bag Seine",NA,NA,"",NA,"CC0_1_0","","",NA,NA,2025-02-06 18:23:34.788,"","CONTINENT_DERIVED_FROM_COORDINATES"
3404588142,"2473e9c3-624f-4cd6-bfc6-b476913790b5","Station_102_Date_03MAY2006:18:06:00.000_Callinectes_similis","Animalia","Arthropoda","Malacostraca","Decapoda","Portunidae","Callinectes","Callinectes similis",NA,"SPECIES","Callinectes similis Williams, 1966","Callinectes similis","A.B. Williams, 1966","US","Mission-Aransas Estuary","Texas","PRESENT",NA,"c3ad790a-d426-4ac1-8e32-da61f81f0117",28.145556,-96.896944,100,NA,NA,NA,0.25,0.15,"2006-05-03T18:06",3,5,2006,2225642,2225642,"HUMAN_OBSERVATION","TPWD","Aransas Bay Bag Seine",NA,NA,"",NA,"CC0_1_0","","",NA,NA,2025-02-06 18:23:34.756,"","CONTINENT_DERIVED_FROM_COORDINATES"
3404587814,"2473e9c3-624f-4cd6-bfc6-b476913790b5","Station_81_Date_14MAY2008:19:11:00.000_Callinectes_similis","Animalia","Arthropoda","Malacostraca","Decapoda","Portunidae","Callinectes","Callinectes similis",NA,"SPECIES","Callinectes similis Williams, 1966","Callinectes similis","A.B. Williams, 1966","US","Mission-Aransas Estuary","Texas","PRESENT",NA,"c3ad790a-d426-4ac1-8e32-da61f81f0117",27.866111,-97.086389,100,NA,NA,NA,0.35,0.35,"2008-05-14T19:11",14,5,2008,2225642,2225642,"HUMAN_OBSERVATION","TPWD","Aransas Bay Bag Seine",NA,NA,"",NA,"CC0_1_0","","",NA,NA,2025-02-06 18:23:34.665,"","CONTINENT_DERIVED_FROM_COORDINATES"
3404587476,"2473e9c3-624f-4cd6-bfc6-b476913790b5","Station_64_Date_19OCT2005:15:28:00.000_Callinectes_similis","Animalia","Arthropoda","Malacostraca","Decapoda","Portunidae","Callinectes","Callinectes similis",NA,"SPECIES","Callinectes similis Williams, 1966","Callinectes similis","A.B. Williams, 1966","US","Mission-Aransas Estuary","Texas","PRESENT",NA,"c3ad790a-d426-4ac1-8e32-da61f81f0117",27.876389,-97.135833,100,NA,NA,NA,0.15,0.15,"2005-10-19T15:28",19,10,2005,2225642,2225642,"HUMAN_OBSERVATION","TPWD","Aransas Bay Bag Seine",NA,NA,"",NA,"CC0_1_0","","",NA,NA,2025-02-06 18:23:34.532,"","CONTINENT_DERIVED_FROM_COORDINATES"
3404587471,"2473e9c3-624f-4cd6-bfc6-b476913790b5","Station_64_Date_18FEB2005:09:43:00.000_Callinectes_similis","Animalia","Arthropoda","Malacostraca","Decapoda","Portunidae","Callinectes","Callinectes similis",NA,"SPECIES","Callinectes similis Williams, 1966","Callinectes similis","A.B. Williams, 1966","US","Mission-Aransas Estuary","Texas","PRESENT",NA,"c3ad790a-d426-4ac1-8e32-da61f81f0117",27.874722,-97.134722,100,NA,NA,NA,0.1,0.1,"2005-02-18T09:43",18,2,2005,2225642,2225642,"HUMAN_OBSERVATION","TPWD","Aransas Bay Bag Seine",NA,NA,"",NA,"CC0_1_0","","",NA,NA,2025-02-06 18:23:34.531,"","CONTINENT_DERIVED_FROM_COORDINATES"
3404587329,"2473e9c3-624f-4cd6-bfc6-b476913790b5","Station_55_Date_28OCT2008:15:50:00.000_Callinectes_similis","Animalia","Arthropoda","Malacostraca","Decapoda","Portunidae","Callinectes","Callinectes similis",NA,"SPECIES","Callinectes similis Williams, 1966","Callinectes similis","A.B. Williams, 1966","US","Mission-Aransas Estuary","Texas","PRESENT",NA,"c3ad790a-d426-4ac1-8e32-da61f81f0117",27.894167,-97.131944,100,NA,NA,NA,0.15,0.15,"2008-10-28T15:50",28,10,2008,2225642,2225642,"HUMAN_OBSERVATION","TPWD","Aransas Bay Bag Seine",NA,NA,"",NA,"CC0_1_0","","",NA,NA,2025-02-06 18:23:34.491,"","CONTINENT_DERIVED_FROM_COORDINATES"
3404585330,"2473e9c3-624f-4cd6-bfc6-b476913790b5","Station_344_Date_05JUN2006:16:26:00.000_Callinectes_similis","Animalia","Arthropoda","Malacostraca","Decapoda","Portunidae","Callinectes","Callinectes similis",NA,"SPECIES","Callinectes similis Williams, 1966","Callinectes similis","A.B. Williams, 1966","US","Mission-Aransas Estuary","Texas","PRESENT",NA,"c3ad790a-d426-4ac1-8e32-da61f81f0117",27.864444,-97.047222,100,NA,NA,NA,0.1,0.1,"2006-06-05T16:26",5,6,2006,2225642,2225642,"HUMAN_OBSERVATION","TPWD","Aransas Bay Bag Seine",NA,NA,"",NA,"CC0_1_0","","",NA,NA,2025-02-06 18:23:34.469,"","CONTINENT_DERIVED_FROM_COORDINATES"
3404584985,"2473e9c3-624f-4cd6-bfc6-b476913790b5","Station_93_Date_11JAN2006:11:27:00.000_Callinectes_similis","Animalia","Arthropoda","Malacostraca","Decapoda","Portunidae","Callinectes","Callinectes similis",NA,"SPECIES","Callinectes similis Williams, 1966","Callinectes similis","A.B. Williams, 1966","US","Mission-Aransas Estuary","Texas","PRESENT",NA,"c3ad790a-d426-4ac1-8e32-da61f81f0117",27.844722,-97.16,100,NA,NA,NA,0.35,0.35,"2006-01-11T11:27",11,1,2006,2225642,2225642,"HUMAN_OBSERVATION","TPWD","Aransas Bay Bag Seine",NA,NA,"",NA,"CC0_1_0","","",NA,NA,2025-02-06 18:23:33.794,"","CONTINENT_DERIVED_FROM_COORDINATES"
3404584834,"2473e9c3-624f-4cd6-bfc6-b476913790b5","Station_81_Date_18JUN2007:10:12:00.000_Callinectes_similis","Animalia","Arthropoda","Malacostraca","Decapoda","Portunidae","Callinectes","Callinectes similis",NA,"SPECIES","Callinectes similis Williams, 1966","Callinectes similis","A.B. Williams, 1966","US","Mission-Aransas Estuary","Texas","PRESENT",NA,"c3ad790a-d426-4ac1-8e32-da61f81f0117",27.865556,-97.085278,100,NA,NA,NA,0.5,0.3,"2007-06-18T10:12",18,6,2007,2225642,2225642,"HUMAN_OBSERVATION","TPWD","Aransas Bay Bag Seine",NA,NA,"",NA,"CC0_1_0","","",NA,NA,2025-02-06 18:23:33.758,"","CONTINENT_DERIVED_FROM_COORDINATES"
3404584331,"2473e9c3-624f-4cd6-bfc6-b476913790b5","Station_55_Date_19SEP2006:15:48:00.000_Callinectes_similis","Animalia","Arthropoda","Malacostraca","Decapoda","Portunidae","Callinectes","Callinectes similis",NA,"SPECIES","Callinectes similis Williams, 1966","Callinectes similis","A.B. Williams, 1966","US","Mission-Aransas Estuary","Texas","PRESENT",NA,"c3ad790a-d426-4ac1-8e32-da61f81f0117",27.893333,-97.129722,100,NA,NA,NA,0.25,0.25,"2006-09-19T15:48",19,9,2006,2225642,2225642,"HUMAN_OBSERVATION","TPWD","Aransas Bay Bag Seine",NA,NA,"",NA,"CC0_1_0","","",NA,NA,2025-02-06 18:23:33.619,"","CONTINENT_DERIVED_FROM_COORDINATES"
3404583821,"2473e9c3-624f-4cd6-bfc6-b476913790b5","Station_78_Date_19SEP2006:17:57:00.000_Callinectes_similis","Animalia","Arthropoda","Malacostraca","Decapoda","Portunidae","Callinectes","Callinectes similis",NA,"SPECIES","Callinectes similis Williams, 1966","Callinectes similis","A.B. Williams, 1966","US","Mission-Aransas Estuary","Texas","PRESENT",NA,"c3ad790a-d426-4ac1-8e32-da61f81f0117",27.854167,-97.137222,100,NA,NA,NA,0.15,0.15,"2006-09-19T17:57",19,9,2006,2225642,2225642,"HUMAN_OBSERVATION","TPWD","Aransas Bay Bag Seine",NA,NA,"",NA,"CC0_1_0","","",NA,NA,2025-02-06 18:23:34.057,"","CONTINENT_DERIVED_FROM_COORDINATES"
3404583575,"2473e9c3-624f-4cd6-bfc6-b476913790b5","Station_66_Date_08JAN2007:11:01:00.000_Callinectes_similis","Animalia","Arthropoda","Malacostraca","Decapoda","Portunidae","Callinectes","Callinectes similis",NA,"SPECIES","Callinectes similis Williams, 1966","Callinectes similis","A.B. Williams, 1966","US","Mission-Aransas Estuary","Texas","PRESENT",NA,"c3ad790a-d426-4ac1-8e32-da61f81f0117",27.879167,-97.100278,100,NA,NA,NA,0.4,0.4,"2007-01-08T11:01",8,1,2007,2225642,2225642,"HUMAN_OBSERVATION","TPWD","Aransas Bay Bag Seine",NA,NA,"",NA,"CC0_1_0","","",NA,NA,2025-02-06 18:23:33.987,"","CONTINENT_DERIVED_FROM_COORDINATES"
3404583421,"2473e9c3-624f-4cd6-bfc6-b476913790b5","Station_63_Date_18FEB2005:13:27:00.000_Callinectes_similis","Animalia","Arthropoda","Malacostraca","Decapoda","Portunidae","Callinectes","Callinectes similis",NA,"SPECIES","Callinectes similis Williams, 1966","Callinectes similis","A.B. Williams, 1966","US","Mission-Aransas Estuary","Texas","PRESENT",NA,"c3ad790a-d426-4ac1-8e32-da61f81f0117",27.869444,-97.160556,100,NA,NA,NA,0.3,0.3,"2005-02-18T13:27",18,2,2005,2225642,2225642,"HUMAN_OBSERVATION","TPWD","Aransas Bay Bag Seine",NA,NA,"",NA,"CC0_1_0","","",NA,NA,2025-02-06 18:23:33.954,"","CONTINENT_DERIVED_FROM_COORDINATES"
3404583418,"2473e9c3-624f-4cd6-bfc6-b476913790b5","Station_63_Date_14JUL2006:09:34:00.000_Callinectes_similis","Animalia","Arthropoda","Malacostraca","Decapoda","Portunidae","Callinectes","Callinectes similis",NA,"SPECIES","Callinectes similis Williams, 1966","Callinectes similis","A.B. Williams, 1966","US","Mission-Aransas Estuary","Texas","PRESENT",NA,"c3ad790a-d426-4ac1-8e32-da61f81f0117",27.875833,-97.151111,100,NA,NA,NA,0.1,0.1,"2006-07-14T09:34",14,7,2006,2225642,2225642,"HUMAN_OBSERVATION","TPWD","Aransas Bay Bag Seine",NA,NA,"",NA,"CC0_1_0","","",NA,NA,2025-02-06 18:23:33.954,"","CONTINENT_DERIVED_FROM_COORDINATES"
3404583037,"2473e9c3-624f-4cd6-bfc6-b476913790b5","Station_313_Date_09OCT2006:17:13:00.000_Callinectes_similis","Animalia","Arthropoda","Malacostraca","Decapoda","Portunidae","Callinectes","Callinectes similis",NA,"SPECIES","Callinectes similis Williams, 1966","Callinectes similis","A.B. Williams, 1966","US","Mission-Aransas Estuary","Texas","PRESENT",NA,"c3ad790a-d426-4ac1-8e32-da61f81f0117",27.932222,-97.08,100,NA,NA,NA,0.15,0.15,"2006-10-09T17:13",9,10,2006,2225642,2225642,"HUMAN_OBSERVATION","TPWD","Aransas Bay Bag Seine",NA,NA,"",NA,"CC0_1_0","","",NA,NA,2025-02-06 18:23:34.381,"","CONTINENT_DERIVED_FROM_COORDINATES"
3404582869,"2473e9c3-624f-4cd6-bfc6-b476913790b5","Station_303_Date_22MAY2006:14:42:00.000_Callinectes_similis","Animalia","Arthropoda","Malacostraca","Decapoda","Portunidae","Callinectes","Callinectes similis",NA,"SPECIES","Callinectes similis Williams, 1966","Callinectes similis","A.B. Williams, 1966","US","Mission-Aransas Estuary","Texas","PRESENT",NA,"c3ad790a-d426-4ac1-8e32-da61f81f0117",27.934167,-97.085278,100,NA,NA,NA,0.15,0.15,"2006-05-22T14:42",22,5,2006,2225642,2225642,"HUMAN_OBSERVATION","TPWD","Aransas Bay Bag Seine",NA,NA,"",NA,"CC0_1_0","","",NA,NA,2025-02-06 18:23:34.34,"","CONTINENT_DERIVED_FROM_COORDINATES"
3404582689,"2473e9c3-624f-4cd6-bfc6-b476913790b5","Station_285_Date_06NOV2006:16:18:00.000_Callinectes_similis","Animalia","Arthropoda","Malacostraca","Decapoda","Portunidae","Callinectes","Callinectes similis",NA,"SPECIES","Callinectes similis Williams, 1966","Callinectes similis","A.B. Williams, 1966","US","Mission-Aransas Estuary","Texas","PRESENT",NA,"c3ad790a-d426-4ac1-8e32-da61f81f0117",27.981667,-97.067778,100,NA,NA,NA,0.4,0.2,"2006-11-06T16:18",6,11,2006,2225642,2225642,"HUMAN_OBSERVATION","TPWD","Aransas Bay Bag Seine",NA,NA,"",NA,"CC0_1_0","","",NA,NA,2025-02-06 18:23:34.289,"","CONTINENT_DERIVED_FROM_COORDINATES"
3404582447,"2473e9c3-624f-4cd6-bfc6-b476913790b5","Station_255_Date_27MAR2007:14:16:00.000_Callinectes_similis","Animalia","Arthropoda","Malacostraca","Decapoda","Portunidae","Callinectes","Callinectes similis",NA,"SPECIES","Callinectes similis Williams, 1966","Callinectes similis","A.B. Williams, 1966","US","Mission-Aransas Estuary","Texas","PRESENT",NA,"c3ad790a-d426-4ac1-8e32-da61f81f0117",28.021667,-96.964722,100,NA,NA,NA,0.15,0.15,"2007-03-27T14:16",27,3,2007,2225642,2225642,"HUMAN_OBSERVATION","TPWD","Aransas Bay Bag Seine",NA,NA,"",NA,"CC0_1_0","","",NA,NA,2025-02-06 18:23:34.222,"","CONTINENT_DERIVED_FROM_COORDINATES"
3404582274,"2473e9c3-624f-4cd6-bfc6-b476913790b5","Station_319_Date_13APR2005:11:37:00.000_Callinectes_similis","Animalia","Arthropoda","Malacostraca","Decapoda","Portunidae","Callinectes","Callinectes similis",NA,"SPECIES","Callinectes similis Williams, 1966","Callinectes similis","A.B. Williams, 1966","US","Mission-Aransas Estuary","Texas","PRESENT",NA,"c3ad790a-d426-4ac1-8e32-da61f81f0117",27.909722,-97.122222,100,NA,NA,NA,0.1,0,"2005-04-13T11:37",13,4,2005,2225642,2225642,"HUMAN_OBSERVATION","TPWD","Aransas Bay Bag Seine",NA,NA,"",NA,"CC0_1_0","","",NA,NA,2025-02-06 18:23:34.693,"","CONTINENT_DERIVED_FROM_COORDINATES"
3404581506,"2473e9c3-624f-4cd6-bfc6-b476913790b5","Station_250_Date_12MAY2008:16:09:00.000_Callinectes_similis","Animalia","Arthropoda","Malacostraca","Decapoda","Portunidae","Callinectes","Callinectes similis",NA,"SPECIES","Callinectes similis Williams, 1966","Callinectes similis","A.B. Williams, 1966","US","Mission-Aransas Estuary","Texas","PRESENT",NA,"c3ad790a-d426-4ac1-8e32-da61f81f0117",28.030833,-97.034167,100,NA,NA,NA,0.15,0.15,"2008-05-12T16:09",12,5,2008,2225642,2225642,"HUMAN_OBSERVATION","TPWD","Aransas Bay Bag Seine",NA,NA,"",NA,"CC0_1_0","","",NA,NA,2025-02-06 18:23:34.499,"","CONTINENT_DERIVED_FROM_COORDINATES"
3404581134,"2473e9c3-624f-4cd6-bfc6-b476913790b5","Station_319_Date_05MAR2008:10:14:00.000_Callinectes_similis","Animalia","Arthropoda","Malacostraca","Decapoda","Portunidae","Callinectes","Callinectes similis",NA,"SPECIES","Callinectes similis Williams, 1966","Callinectes similis","A.B. Williams, 1966","US","Mission-Aransas Estuary","Texas","PRESENT",NA,"c3ad790a-d426-4ac1-8e32-da61f81f0117",27.910556,-97.125278,100,NA,NA,NA,0.2,0.2,"2008-03-05T10:14",5,3,2008,2225642,2225642,"HUMAN_OBSERVATION","TPWD","Aransas Bay Bag Seine",NA,NA,"",NA,"CC0_1_0","","",NA,NA,2025-02-06 18:23:33.544,"","CONTINENT_DERIVED_FROM_COORDINATES"
3404581060,"2473e9c3-624f-4cd6-bfc6-b476913790b5","Station_313_Date_12APR2006:15:07:00.000_Callinectes_similis","Animalia","Arthropoda","Malacostraca","Decapoda","Portunidae","Callinectes","Callinectes similis",NA,"SPECIES","Callinectes similis Williams, 1966","Callinectes similis","A.B. Williams, 1966","US","Mission-Aransas Estuary","Texas","PRESENT",NA,"c3ad790a-d426-4ac1-8e32-da61f81f0117",27.931111,-97.0775,100,NA,NA,NA,0.2,0.1,"2006-04-12T15:07",12,4,2006,2225642,2225642,"HUMAN_OBSERVATION","TPWD","Aransas Bay Bag Seine",NA,NA,"",NA,"CC0_1_0","","",NA,NA,2025-02-06 18:23:33.53,"","CONTINENT_DERIVED_FROM_COORDINATES"
3404580904,"2473e9c3-624f-4cd6-bfc6-b476913790b5","Station_303_Date_21MAR2006:13:09:00.000_Callinectes_similis","Animalia","Arthropoda","Malacostraca","Decapoda","Portunidae","Callinectes","Callinectes similis",NA,"SPECIES","Callinectes similis Williams, 1966","Callinectes similis","A.B. Williams, 1966","US","Mission-Aransas Estuary","Texas","PRESENT",NA,"c3ad790a-d426-4ac1-8e32-da61f81f0117",27.933611,-97.086389,100,NA,NA,NA,0.3,0.1,"2006-03-21T13:09",21,3,2006,2225642,2225642,"HUMAN_OBSERVATION","TPWD","Aransas Bay Bag Seine",NA,NA,"",NA,"CC0_1_0","","",NA,NA,2025-02-06 18:23:33.51,"","CONTINENT_DERIVED_FROM_COORDINATES"
3404580747,"2473e9c3-624f-4cd6-bfc6-b476913790b5","Station_285_Date_13JUL2005:09:20:00.000_Callinectes_similis","Animalia","Arthropoda","Malacostraca","Decapoda","Portunidae","Callinectes","Callinectes similis",NA,"SPECIES","Callinectes similis Williams, 1966","Callinectes similis","A.B. Williams, 1966","US","Mission-Aransas Estuary","Texas","PRESENT",NA,"c3ad790a-d426-4ac1-8e32-da61f81f0117",27.970278,-97.068333,100,NA,NA,NA,0.3,0.1,"2005-07-13T09:20",13,7,2005,2225642,2225642,"HUMAN_OBSERVATION","TPWD","Aransas Bay Bag Seine",NA,NA,"",NA,"CC0_1_0","","",NA,NA,2025-02-06 18:23:33.491,"","CONTINENT_DERIVED_FROM_COORDINATES"
3404579280,"2473e9c3-624f-4cd6-bfc6-b476913790b5","Station_55_Date_03APR2007:11:16:00.000_Callinectes_similis","Animalia","Arthropoda","Malacostraca","Decapoda","Portunidae","Callinectes","Callinectes similis",NA,"SPECIES","Callinectes similis Williams, 1966","Callinectes similis","A.B. Williams, 1966","US","Mission-Aransas Estuary","Texas","PRESENT",NA,"c3ad790a-d426-4ac1-8e32-da61f81f0117",27.893889,-97.13,100,NA,NA,NA,0.2,0.2,"2007-04-03T11:16",3,4,2007,2225642,2225642,"HUMAN_OBSERVATION","TPWD","Aransas Bay Bag Seine",NA,NA,"",NA,"CC0_1_0","","",NA,NA,2025-02-06 18:23:33.653,"","CONTINENT_DERIVED_FROM_COORDINATES"
3404578281,"2473e9c3-624f-4cd6-bfc6-b476913790b5","Station_56_Date_18JUN2007:10:43:00.000_Callinectes_similis","Animalia","Arthropoda","Malacostraca","Decapoda","Portunidae","Callinectes","Callinectes similis",NA,"SPECIES","Callinectes similis Williams, 1966","Callinectes similis","A.B. Williams, 1966","US","Mission-Aransas Estuary","Texas","PRESENT",NA,"c3ad790a-d426-4ac1-8e32-da61f81f0117",27.8875,-97.113333,100,NA,NA,NA,0.3,0.3,"2007-06-18T10:43",18,6,2007,2225642,2225642,"HUMAN_OBSERVATION","TPWD","Aransas Bay Bag Seine",NA,NA,"",NA,"CC0_1_0","","",NA,NA,2025-02-06 18:23:33.191,"","CONTINENT_DERIVED_FROM_COORDINATES"
3404576222,"2473e9c3-624f-4cd6-bfc6-b476913790b5","Station_338_Date_23APR2008:17:51:00.000_Callinectes_similis","Animalia","Arthropoda","Malacostraca","Decapoda","Portunidae","Callinectes","Callinectes similis",NA,"SPECIES","Callinectes similis Williams, 1966","Callinectes similis","A.B. Williams, 1966","US","Mission-Aransas Estuary","Texas","PRESENT",NA,"c3ad790a-d426-4ac1-8e32-da61f81f0117",27.867778,-97.0825,100,NA,NA,NA,0.55,0.15,"2008-04-23T17:51",23,4,2008,2225642,2225642,"HUMAN_OBSERVATION","TPWD","Aransas Bay Bag Seine",NA,NA,"",NA,"CC0_1_0","","",NA,NA,2025-02-06 18:23:34.443,"","CONTINENT_DERIVED_FROM_COORDINATES"
3404575730,"2473e9c3-624f-4cd6-bfc6-b476913790b5","Station_302_Date_02MAY2005:16:46:00.000_Callinectes_similis","Animalia","Arthropoda","Malacostraca","Decapoda","Portunidae","Callinectes","Callinectes similis",NA,"SPECIES","Callinectes similis Williams, 1966","Callinectes similis","A.B. Williams, 1966","US","Mission-Aransas Estuary","Texas","PRESENT",NA,"c3ad790a-d426-4ac1-8e32-da61f81f0117",27.946389,-97.104167,100,NA,NA,NA,0.2,0.1,"2005-05-02T16:46",2,5,2005,2225642,2225642,"HUMAN_OBSERVATION","TPWD","Aransas Bay Bag Seine",NA,NA,"",NA,"CC0_1_0","","",NA,NA,2025-02-06 18:23:34.307,"","CONTINENT_DERIVED_FROM_COORDINATES"
3404575724,"2473e9c3-624f-4cd6-bfc6-b476913790b5","Station_301_Date_21JUL2008:16:36:00.000_Callinectes_similis","Animalia","Arthropoda","Malacostraca","Decapoda","Portunidae","Callinectes","Callinectes similis",NA,"SPECIES","Callinectes similis Williams, 1966","Callinectes similis","A.B. Williams, 1966","US","Mission-Aransas Estuary","Texas","PRESENT",NA,"c3ad790a-d426-4ac1-8e32-da61f81f0117",27.965833,-96.982222,100,NA,NA,NA,0.15,0.15,"2008-07-21T16:36",21,7,2008,2225642,2225642,"HUMAN_OBSERVATION","TPWD","Aransas Bay Bag Seine",NA,NA,"",NA,"CC0_1_0","","",NA,NA,2025-02-06 18:23:34.306,"","CONTINENT_DERIVED_FROM_COORDINATES"
3404575615,"2473e9c3-624f-4cd6-bfc6-b476913790b5","Station_290_Date_12APR2006:16:28:00.000_Callinectes_similis","Animalia","Arthropoda","Malacostraca","Decapoda","Portunidae","Callinectes","Callinectes similis",NA,"SPECIES","Callinectes similis Williams, 1966","Callinectes similis","A.B. Williams, 1966","US","Mission-Aransas Estuary","Texas","PRESENT",NA,"c3ad790a-d426-4ac1-8e32-da61f81f0117",27.981667,-96.984444,100,NA,NA,NA,0.2,0.2,"2006-04-12T16:28",12,4,2006,2225642,2225642,"HUMAN_OBSERVATION","TPWD","Aransas Bay Bag Seine",NA,NA,"",NA,"CC0_1_0","","",NA,NA,2025-02-06 18:23:34.28,"","CONTINENT_DERIVED_FROM_COORDINATES"
3404575521,"2473e9c3-624f-4cd6-bfc6-b476913790b5","Station_279_Date_28MAR2006:09:10:00.000_Callinectes_similis","Animalia","Arthropoda","Malacostraca","Decapoda","Portunidae","Callinectes","Callinectes similis",NA,"SPECIES","Callinectes similis Williams, 1966","Callinectes similis","A.B. Williams, 1966","US","Mission-Aransas Estuary","Texas","PRESENT",NA,"c3ad790a-d426-4ac1-8e32-da61f81f0117",27.986111,-96.983333,100,NA,NA,NA,0.35,0.15,"2006-03-28T09:10",28,3,2006,2225642,2225642,"HUMAN_OBSERVATION","TPWD","Aransas Bay Bag Seine",NA,NA,"",NA,"CC0_1_0","","",NA,NA,2025-02-06 18:23:34.252,"","CONTINENT_DERIVED_FROM_COORDINATES"
3404575453,"2473e9c3-624f-4cd6-bfc6-b476913790b5","Station_274_Date_06NOV2006:16:58:00.000_Callinectes_similis","Animalia","Arthropoda","Malacostraca","Decapoda","Portunidae","Callinectes","Callinectes similis",NA,"SPECIES","Callinectes similis Williams, 1966","Callinectes similis","A.B. Williams, 1966","US","Mission-Aransas Estuary","Texas","PRESENT",NA,"c3ad790a-d426-4ac1-8e32-da61f81f0117",27.990833,-97.0675,100,NA,NA,NA,0.4,0.1,"2006-11-06T16:58",6,11,2006,2225642,2225642,"HUMAN_OBSERVATION","TPWD","Aransas Bay Bag Seine",NA,NA,"",NA,"CC0_1_0","","",NA,NA,2025-02-06 18:23:34.236,"","CONTINENT_DERIVED_FROM_COORDINATES"
3404572245,"2473e9c3-624f-4cd6-bfc6-b476913790b5","Station_250_Date_30OCT2008:14:02:00.000_Callinectes_similis","Animalia","Arthropoda","Malacostraca","Decapoda","Portunidae","Callinectes","Callinectes similis",NA,"SPECIES","Callinectes similis Williams, 1966","Callinectes similis","A.B. Williams, 1966","US","Mission-Aransas Estuary","Texas","PRESENT",NA,"c3ad790a-d426-4ac1-8e32-da61f81f0117",28.028056,-97.043333,100,NA,NA,NA,0.15,0.15,"2008-10-30T14:02",30,10,2008,2225642,2225642,"HUMAN_OBSERVATION","TPWD","Aransas Bay Bag Seine",NA,NA,"",NA,"CC0_1_0","","",NA,NA,2025-02-06 18:23:35.081,"","CONTINENT_DERIVED_FROM_COORDINATES"
3404568243,"2473e9c3-624f-4cd6-bfc6-b476913790b5","Station_250_Date_11JUL2007:14:26:00.000_Callinectes_similis","Animalia","Arthropoda","Malacostraca","Decapoda","Portunidae","Callinectes","Callinectes similis",NA,"SPECIES","Callinectes similis Williams, 1966","Callinectes similis","A.B. Williams, 1966","US","Mission-Aransas Estuary","Texas","PRESENT",NA,"c3ad790a-d426-4ac1-8e32-da61f81f0117",28.031111,-97.033889,100,NA,NA,NA,0.3,0.3,"2007-07-11T14:26",11,7,2007,2225642,2225642,"HUMAN_OBSERVATION","TPWD","Aransas Bay Bag Seine",NA,NA,"",NA,"CC0_1_0","","",NA,NA,2025-02-06 18:23:34.178,"","CONTINENT_DERIVED_FROM_COORDINATES"
3404562960,"2473e9c3-624f-4cd6-bfc6-b476913790b5","Station_92_Date_01MAR2006:11:32:00.000_Callinectes_similis","Animalia","Arthropoda","Malacostraca","Decapoda","Portunidae","Callinectes","Callinectes similis",NA,"SPECIES","Callinectes similis Williams, 1966","Callinectes similis","A.B. Williams, 1966","US","Mission-Aransas Estuary","Texas","PRESENT",NA,"c3ad790a-d426-4ac1-8e32-da61f81f0117",27.843333,-97.1775,100,NA,NA,NA,0.2,0.2,"2006-03-01T11:32",1,3,2006,2225642,2225642,"HUMAN_OBSERVATION","TPWD","Aransas Bay Bag Seine",NA,NA,"",NA,"CC0_1_0","","",NA,NA,2025-02-06 18:23:33.831,"","CONTINENT_DERIVED_FROM_COORDINATES"
3404562762,"2473e9c3-624f-4cd6-bfc6-b476913790b5","Station_78_Date_03APR2007:11:43:00.000_Callinectes_similis","Animalia","Arthropoda","Malacostraca","Decapoda","Portunidae","Callinectes","Callinectes similis",NA,"SPECIES","Callinectes similis Williams, 1966","Callinectes similis","A.B. Williams, 1966","US","Mission-Aransas Estuary","Texas","PRESENT",NA,"c3ad790a-d426-4ac1-8e32-da61f81f0117",27.865,-97.136111,100,NA,NA,NA,0.3,0.1,"2007-04-03T11:43",3,4,2007,2225642,2225642,"HUMAN_OBSERVATION","TPWD","Aransas Bay Bag Seine",NA,NA,"",NA,"CC0_1_0","","",NA,NA,2025-02-06 18:23:33.778,"","CONTINENT_DERIVED_FROM_COORDINATES"
3404562543,"2473e9c3-624f-4cd6-bfc6-b476913790b5","Station_66_Date_13JUN2006:18:27:00.000_Callinectes_similis","Animalia","Arthropoda","Malacostraca","Decapoda","Portunidae","Callinectes","Callinectes similis",NA,"SPECIES","Callinectes similis Williams, 1966","Callinectes similis","A.B. Williams, 1966","US","Mission-Aransas Estuary","Texas","PRESENT",NA,"c3ad790a-d426-4ac1-8e32-da61f81f0117",27.880556,-97.101667,100,NA,NA,NA,0.1,0.1,"2006-06-13T18:27",13,6,2006,2225642,2225642,"HUMAN_OBSERVATION","TPWD","Aransas Bay Bag Seine",NA,NA,"",NA,"CC0_1_0","","",NA,NA,2025-02-06 18:23:33.721,"","CONTINENT_DERIVED_FROM_COORDINATES"
3404561985,"2473e9c3-624f-4cd6-bfc6-b476913790b5","Station_102_Date_11DEC2006:15:00:00.000_Callinectes_similis","Animalia","Arthropoda","Malacostraca","Decapoda","Portunidae","Callinectes","Callinectes similis",NA,"SPECIES","Callinectes similis Williams, 1966","Callinectes similis","A.B. Williams, 1966","US","Mission-Aransas Estuary","Texas","PRESENT",NA,"c3ad790a-d426-4ac1-8e32-da61f81f0117",28.1475,-96.888889,100,NA,NA,NA,0.2,0.2,"2006-12-11T15:00",11,12,2006,2225642,2225642,"HUMAN_OBSERVATION","TPWD","Aransas Bay Bag Seine",NA,NA,"",NA,"CC0_1_0","","",NA,NA,2025-02-06 18:23:34.758,"","CONTINENT_DERIVED_FROM_COORDINATES"
3404561774,"2473e9c3-624f-4cd6-bfc6-b476913790b5","Station_92_Date_21MAY2007:18:27:00.000_Callinectes_similis","Animalia","Arthropoda","Malacostraca","Decapoda","Portunidae","Callinectes","Callinectes similis",NA,"SPECIES","Callinectes similis Williams, 1966","Callinectes similis","A.B. Williams, 1966","US","Mission-Aransas Estuary","Texas","PRESENT",NA,"c3ad790a-d426-4ac1-8e32-da61f81f0117",27.845,-97.176111,100,NA,NA,NA,0.25,0.25,"2007-05-21T18:27",21,5,2007,2225642,2225642,"HUMAN_OBSERVATION","TPWD","Aransas Bay Bag Seine",NA,NA,"",NA,"CC0_1_0","","",NA,NA,2025-02-06 18:23:34.702,"","CONTINENT_DERIVED_FROM_COORDINATES"
3404561714,"2473e9c3-624f-4cd6-bfc6-b476913790b5","Station_86_Date_17JUL2006:09:19:00.000_Callinectes_similis","Animalia","Arthropoda","Malacostraca","Decapoda","Portunidae","Callinectes","Callinectes similis",NA,"SPECIES","Callinectes similis Williams, 1966","Callinectes similis","A.B. Williams, 1966","US","Mission-Aransas Estuary","Texas","PRESENT",NA,"c3ad790a-d426-4ac1-8e32-da61f81f0117",28.136667,-97.153889,100,NA,NA,NA,0.1,0.1,"2006-07-17T09:19",17,7,2006,2225642,2225642,"HUMAN_OBSERVATION","TPWD","Aransas Bay Bag Seine",NA,NA,"",NA,"CC0_1_0","","",NA,NA,2025-02-06 18:23:34.687,"","CONTINENT_DERIVED_FROM_COORDINATES"
3404560021,"2473e9c3-624f-4cd6-bfc6-b476913790b5","Station_82_Date_15AUG2005:10:23:00.000_Callinectes_similis","Animalia","Arthropoda","Malacostraca","Decapoda","Portunidae","Callinectes","Callinectes similis",NA,"SPECIES","Callinectes similis Williams, 1966","Callinectes similis","A.B. Williams, 1966","US","Mission-Aransas Estuary","Texas","PRESENT",NA,"c3ad790a-d426-4ac1-8e32-da61f81f0117",27.860278,-97.0825,100,NA,NA,NA,0.5,0.4,"2005-08-15T10:23",15,8,2005,2225642,2225642,"HUMAN_OBSERVATION","TPWD","Aransas Bay Bag Seine",NA,NA,"",NA,"CC0_1_0","","",NA,NA,2025-02-06 18:23:34.083,"","CONTINENT_DERIVED_FROM_COORDINATES"
3404559844,"2473e9c3-624f-4cd6-bfc6-b476913790b5","Station_76_Date_03APR2007:13:42:00.000_Callinectes_similis","Animalia","Arthropoda","Malacostraca","Decapoda","Portunidae","Callinectes","Callinectes similis",NA,"SPECIES","Callinectes similis Williams, 1966","Callinectes similis","A.B. Williams, 1966","US","Mission-Aransas Estuary","Texas","PRESENT",NA,"c3ad790a-d426-4ac1-8e32-da61f81f0117",27.856944,-97.167222,100,NA,NA,NA,0.2,0.1,"2007-04-03T13:42",3,4,2007,2225642,2225642,"HUMAN_OBSERVATION","TPWD","Aransas Bay Bag Seine",NA,NA,"",NA,"CC0_1_0","","",NA,NA,2025-02-06 18:23:34.035,"","CONTINENT_DERIVED_FROM_COORDINATES"
3404559521,"2473e9c3-624f-4cd6-bfc6-b476913790b5","Station_63_Date_19OCT2005:18:10:00.000_Callinectes_similis","Animalia","Arthropoda","Malacostraca","Decapoda","Portunidae","Callinectes","Callinectes similis",NA,"SPECIES","Callinectes similis Williams, 1966","Callinectes similis","A.B. Williams, 1966","US","Mission-Aransas Estuary","Texas","PRESENT",NA,"c3ad790a-d426-4ac1-8e32-da61f81f0117",27.873889,-97.156389,100,NA,NA,NA,0.2,0.2,"2005-10-19T18:10",19,10,2005,2225642,2225642,"HUMAN_OBSERVATION","TPWD","Aransas Bay Bag Seine",NA,NA,"",NA,"CC0_1_0","","",NA,NA,2025-02-06 18:23:33.955,"","CONTINENT_DERIVED_FROM_COORDINATES"
3404558405,"2473e9c3-624f-4cd6-bfc6-b476913790b5","Station_66_Date_19SEP2006:16:20:00.000_Callinectes_similis","Animalia","Arthropoda","Malacostraca","Decapoda","Portunidae","Callinectes","Callinectes similis",NA,"SPECIES","Callinectes similis Williams, 1966","Callinectes similis","A.B. Williams, 1966","US","Mission-Aransas Estuary","Texas","PRESENT",NA,"c3ad790a-d426-4ac1-8e32-da61f81f0117",27.880278,-97.101111,100,NA,NA,NA,0.1,0.1,"2006-09-19T16:20",19,9,2006,2225642,2225642,"HUMAN_OBSERVATION","TPWD","Aransas Bay Bag Seine",NA,NA,"",NA,"CC0_1_0","","",NA,NA,2025-02-06 18:23:33.687,"","CONTINENT_DERIVED_FROM_COORDINATES"
3404442475,"2473e9c3-624f-4cd6-bfc6-b476913790b5","Station_343_Date_11APR2007:16:37:00.000_Callinectes_similis","Animalia","Arthropoda","Malacostraca","Decapoda","Portunidae","Callinectes","Callinectes similis",NA,"SPECIES","Callinectes similis Williams, 1966","Callinectes similis","A.B. Williams, 1966","US","Mission-Aransas Estuary","Texas","PRESENT",NA,"c3ad790a-d426-4ac1-8e32-da61f81f0117",27.859444,-97.066389,100,NA,NA,NA,0.45,0.05,"2007-04-11T16:37",11,4,2007,2225642,2225642,"HUMAN_OBSERVATION","TPWD","Aransas Bay Bag Seine",NA,NA,"",NA,"CC0_1_0","","",NA,NA,2025-02-06 18:23:35.356,"","CONTINENT_DERIVED_FROM_COORDINATES"
3404442389,"2473e9c3-624f-4cd6-bfc6-b476913790b5","Station_338_Date_16NOV2006:14:15:00.000_Callinectes_similis","Animalia","Arthropoda","Malacostraca","Decapoda","Portunidae","Callinectes","Callinectes similis",NA,"SPECIES","Callinectes similis Williams, 1966","Callinectes similis","A.B. Williams, 1966","US","Mission-Aransas Estuary","Texas","PRESENT",NA,"c3ad790a-d426-4ac1-8e32-da61f81f0117",27.869722,-97.077778,100,NA,NA,NA,0.3,0.3,"2006-11-16T14:15",16,11,2006,2225642,2225642,"HUMAN_OBSERVATION","TPWD","Aransas Bay Bag Seine",NA,NA,"",NA,"CC0_1_0","","",NA,NA,2025-02-06 18:23:35.328,"","CONTINENT_DERIVED_FROM_COORDINATES"
3404438354,"2473e9c3-624f-4cd6-bfc6-b476913790b5","Station_344_Date_20DEC2007:11:43:00.000_Callinectes_similis","Animalia","Arthropoda","Malacostraca","Decapoda","Portunidae","Callinectes","Callinectes similis",NA,"SPECIES","Callinectes similis Williams, 1966","Callinectes similis","A.B. Williams, 1966","US","Mission-Aransas Estuary","Texas","PRESENT",NA,"c3ad790a-d426-4ac1-8e32-da61f81f0117",27.86,-97.049722,100,NA,NA,NA,0.15,0.15,"2007-12-20T11:43",20,12,2007,2225642,2225642,"HUMAN_OBSERVATION","TPWD","Aransas Bay Bag Seine",NA,NA,"",NA,"CC0_1_0","","",NA,NA,2025-02-06 18:23:33.583,"","CONTINENT_DERIVED_FROM_COORDINATES"
3404438340,"2473e9c3-624f-4cd6-bfc6-b476913790b5","Station_343_Date_30JAN2006:14:15:00.000_Callinectes_similis","Animalia","Arthropoda","Malacostraca","Decapoda","Portunidae","Callinectes","Callinectes similis",NA,"SPECIES","Callinectes similis Williams, 1966","Callinectes similis","A.B. Williams, 1966","US","Mission-Aransas Estuary","Texas","PRESENT",NA,"c3ad790a-d426-4ac1-8e32-da61f81f0117",27.854722,-97.058889,100,NA,NA,NA,0.15,0.15,"2006-01-30T14:15",30,1,2006,2225642,2225642,"HUMAN_OBSERVATION","TPWD","Aransas Bay Bag Seine",NA,NA,"",NA,"CC0_1_0","","",NA,NA,2025-02-06 18:23:33.581,"","CONTINENT_DERIVED_FROM_COORDINATES"
3404431378,"2473e9c3-624f-4cd6-bfc6-b476913790b5","Station_250_Date_21MAR2006:14:22:00.000_Callinectes_similis","Animalia","Arthropoda","Malacostraca","Decapoda","Portunidae","Callinectes","Callinectes similis",NA,"SPECIES","Callinectes similis Williams, 1966","Callinectes similis","A.B. Williams, 1966","US","Mission-Aransas Estuary","Texas","PRESENT",NA,"c3ad790a-d426-4ac1-8e32-da61f81f0117",28.029444,-97.039722,100,NA,NA,NA,0.15,0.15,"2006-03-21T14:22",21,3,2006,2225642,2225642,"HUMAN_OBSERVATION","TPWD","Aransas Bay Bag Seine",NA,NA,"",NA,"CC0_1_0","","",NA,NA,2025-02-06 18:23:34.501,"","CONTINENT_DERIVED_FROM_COORDINATES"
3404430968,"2473e9c3-624f-4cd6-bfc6-b476913790b5","Station_319_Date_21MAR2006:12:22:00.000_Callinectes_similis","Animalia","Arthropoda","Malacostraca","Decapoda","Portunidae","Callinectes","Callinectes similis",NA,"SPECIES","Callinectes similis Williams, 1966","Callinectes similis","A.B. Williams, 1966","US","Mission-Aransas Estuary","Texas","PRESENT",NA,"c3ad790a-d426-4ac1-8e32-da61f81f0117",27.900278,-97.126944,100,NA,NA,NA,0.35,0.15,"2006-03-21T12:22",21,3,2006,2225642,2225642,"HUMAN_OBSERVATION","TPWD","Aransas Bay Bag Seine",NA,NA,"",NA,"CC0_1_0","","",NA,NA,2025-02-06 18:23:34.386,"","CONTINENT_DERIVED_FROM_COORDINATES"
3404430961,"2473e9c3-624f-4cd6-bfc6-b476913790b5","Station_319_Date_11APR2007:15:42:00.000_Callinectes_similis","Animalia","Arthropoda","Malacostraca","Decapoda","Portunidae","Callinectes","Callinectes similis",NA,"SPECIES","Callinectes similis Williams, 1966","Callinectes similis","A.B. Williams, 1966","US","Mission-Aransas Estuary","Texas","PRESENT",NA,"c3ad790a-d426-4ac1-8e32-da61f81f0117",27.910278,-97.126111,100,NA,NA,NA,0.25,0.25,"2007-04-11T15:42",11,4,2007,2225642,2225642,"HUMAN_OBSERVATION","TPWD","Aransas Bay Bag Seine",NA,NA,"",NA,"CC0_1_0","","",NA,NA,2025-02-06 18:23:34.385,"","CONTINENT_DERIVED_FROM_COORDINATES"
3404430316,"2473e9c3-624f-4cd6-bfc6-b476913790b5","Station_255_Date_28AUG2008:09:32:00.000_Callinectes_similis","Animalia","Arthropoda","Malacostraca","Decapoda","Portunidae","Callinectes","Callinectes similis",NA,"SPECIES","Callinectes similis Williams, 1966","Callinectes similis","A.B. Williams, 1966","US","Mission-Aransas Estuary","Texas","PRESENT",NA,"c3ad790a-d426-4ac1-8e32-da61f81f0117",28.032222,-96.956111,100,NA,NA,NA,0.15,0.15,"2008-08-28T09:32",28,8,2008,2225642,2225642,"HUMAN_OBSERVATION","TPWD","Aransas Bay Bag Seine",NA,NA,"",NA,"CC0_1_0","","",NA,NA,2025-02-06 18:23:34.204,"","CONTINENT_DERIVED_FROM_COORDINATES"
3404429508,"2473e9c3-624f-4cd6-bfc6-b476913790b5","Station_345_Date_23MAY2007:15:47:00.000_Callinectes_similis","Animalia","Arthropoda","Malacostraca","Decapoda","Portunidae","Callinectes","Callinectes similis",NA,"SPECIES","Callinectes similis Williams, 1966","Callinectes similis","A.B. Williams, 1966","US","Mission-Aransas Estuary","Texas","PRESENT",NA,"c3ad790a-d426-4ac1-8e32-da61f81f0117",27.849444,-97.055833,100,NA,NA,NA,0.35,0.35,"2007-05-23T15:47",23,5,2007,2225642,2225642,"HUMAN_OBSERVATION","TPWD","Aransas Bay Bag Seine",NA,NA,"",NA,"CC0_1_0","","",NA,NA,2025-02-06 18:23:34.474,"","CONTINENT_DERIVED_FROM_COORDINATES"
3404428327,"2473e9c3-624f-4cd6-bfc6-b476913790b5","Station_344_Date_22MAY2006:16:05:00.000_Callinectes_similis","Animalia","Arthropoda","Malacostraca","Decapoda","Portunidae","Callinectes","Callinectes similis",NA,"SPECIES","Callinectes similis Williams, 1966","Callinectes similis","A.B. Williams, 1966","US","Mission-Aransas Estuary","Texas","PRESENT",NA,"c3ad790a-d426-4ac1-8e32-da61f81f0117",27.865556,-97.046389,100,NA,NA,NA,0.25,0.25,"2006-05-22T16:05",22,5,2006,2225642,2225642,"HUMAN_OBSERVATION","TPWD","Aransas Bay Bag Seine",NA,NA,"",NA,"CC0_1_0","","",NA,NA,2025-02-06 18:23:34.777,"","CONTINENT_DERIVED_FROM_COORDINATES"
3404427940,"2473e9c3-624f-4cd6-bfc6-b476913790b5","Station_313_Date_06NOV2006:15:25:00.000_Callinectes_similis","Animalia","Arthropoda","Malacostraca","Decapoda","Portunidae","Callinectes","Callinectes similis",NA,"SPECIES","Callinectes similis Williams, 1966","Callinectes similis","A.B. Williams, 1966","US","Mission-Aransas Estuary","Texas","PRESENT",NA,"c3ad790a-d426-4ac1-8e32-da61f81f0117",27.923611,-97.076111,100,NA,NA,NA,0.2,0.2,"2006-11-06T15:25",6,11,2006,2225642,2225642,"HUMAN_OBSERVATION","TPWD","Aransas Bay Bag Seine",NA,NA,"",NA,"CC0_1_0","","",NA,NA,2025-02-06 18:23:33.529,"","CONTINENT_DERIVED_FROM_COORDINATES"
3404425812,"2473e9c3-624f-4cd6-bfc6-b476913790b5","Station_300_Date_27NOV2007:13:47:00.000_Callinectes_similis","Animalia","Arthropoda","Malacostraca","Decapoda","Portunidae","Callinectes","Callinectes similis",NA,"SPECIES","Callinectes similis Williams, 1966","Callinectes similis","A.B. Williams, 1966","US","Mission-Aransas Estuary","Texas","PRESENT",NA,"c3ad790a-d426-4ac1-8e32-da61f81f0117",27.957778,-96.985278,100,NA,NA,NA,0.2,0.1,"2007-11-27T13:47",27,11,2007,2225642,2225642,"HUMAN_OBSERVATION","TPWD","Aransas Bay Bag Seine",NA,NA,"",NA,"CC0_1_0","","",NA,NA,2025-02-06 18:23:34.322,"","CONTINENT_DERIVED_FROM_COORDINATES"
3404425569,"2473e9c3-624f-4cd6-bfc6-b476913790b5","Station_274_Date_20MAR2007:10:19:00.000_Callinectes_similis","Animalia","Arthropoda","Malacostraca","Decapoda","Portunidae","Callinectes","Callinectes similis",NA,"SPECIES","Callinectes similis Williams, 1966","Callinectes similis","A.B. Williams, 1966","US","Mission-Aransas Estuary","Texas","PRESENT",NA,"c3ad790a-d426-4ac1-8e32-da61f81f0117",27.991667,-97.07,100,NA,NA,NA,0.3,0,"2007-03-20T10:19",20,3,2007,2225642,2225642,"HUMAN_OBSERVATION","TPWD","Aransas Bay Bag Seine",NA,NA,"",NA,"CC0_1_0","","",NA,NA,2025-02-06 18:23:34.255,"","CONTINENT_DERIVED_FROM_COORDINATES"
3404422334,"2473e9c3-624f-4cd6-bfc6-b476913790b5","Station_126_Date_01MAR2006:10:06:00.000_Callinectes_similis","Animalia","Arthropoda","Malacostraca","Decapoda","Portunidae","Callinectes","Callinectes similis",NA,"SPECIES","Callinectes similis Williams, 1966","Callinectes similis","A.B. Williams, 1966","US","Mission-Aransas Estuary","Texas","PRESENT",NA,"c3ad790a-d426-4ac1-8e32-da61f81f0117",28.125,-96.930833,100,NA,NA,NA,0.3,0,"2006-03-01T10:06",1,3,2006,2225642,2225642,"HUMAN_OBSERVATION","TPWD","Aransas Bay Bag Seine",NA,NA,"",NA,"CC0_1_0","","",NA,NA,2025-02-06 18:23:34.222,"","CONTINENT_DERIVED_FROM_COORDINATES"
3404422254,"2473e9c3-624f-4cd6-bfc6-b476913790b5","Station_323_Date_29NOV2005:11:47:00.000_Callinectes_similis","Animalia","Arthropoda","Malacostraca","Decapoda","Portunidae","Callinectes","Callinectes similis",NA,"SPECIES","Callinectes similis Williams, 1966","Callinectes similis","A.B. Williams, 1966","US","Mission-Aransas Estuary","Texas","PRESENT",NA,"c3ad790a-d426-4ac1-8e32-da61f81f0117",27.914167,-97.065278,100,NA,NA,NA,0.15,0.05,"2005-11-29T11:47",29,11,2005,2225642,2225642,"HUMAN_OBSERVATION","TPWD","Aransas Bay Bag Seine",NA,NA,"",NA,"CC0_1_0","","",NA,NA,2025-02-06 18:23:34.406,"","CONTINENT_DERIVED_FROM_COORDINATES"
3404422197,"2473e9c3-624f-4cd6-bfc6-b476913790b5","Station_320_Date_29NOV2005:10:18:00.000_Callinectes_similis","Animalia","Arthropoda","Malacostraca","Decapoda","Portunidae","Callinectes","Callinectes similis",NA,"SPECIES","Callinectes similis Williams, 1966","Callinectes similis","A.B. Williams, 1966","US","Mission-Aransas Estuary","Texas","PRESENT",NA,"c3ad790a-d426-4ac1-8e32-da61f81f0117",27.900833,-97.100556,100,NA,NA,NA,0.3,0.3,"2005-11-29T10:18",29,11,2005,2225642,2225642,"HUMAN_OBSERVATION","TPWD","Aransas Bay Bag Seine",NA,NA,"",NA,"CC0_1_0","","",NA,NA,2025-02-06 18:23:34.392,"","CONTINENT_DERIVED_FROM_COORDINATES"
3404421660,"2473e9c3-624f-4cd6-bfc6-b476913790b5","Station_279_Date_07FEB2006:11:00:00.000_Callinectes_similis","Animalia","Arthropoda","Malacostraca","Decapoda","Portunidae","Callinectes","Callinectes similis",NA,"SPECIES","Callinectes similis Williams, 1966","Callinectes similis","A.B. Williams, 1966","US","Mission-Aransas Estuary","Texas","PRESENT",NA,"c3ad790a-d426-4ac1-8e32-da61f81f0117",27.984444,-96.984722,100,NA,NA,NA,0.1,0.1,"2006-02-07T11:00",7,2,2006,2225642,2225642,"HUMAN_OBSERVATION","TPWD","Aransas Bay Bag Seine",NA,NA,"",NA,"CC0_1_0","","",NA,NA,2025-02-06 18:23:34.249,"","CONTINENT_DERIVED_FROM_COORDINATES"
3404421601,"2473e9c3-624f-4cd6-bfc6-b476913790b5","Station_273_Date_25AUG2008:10:47:00.000_Callinectes_similis","Animalia","Arthropoda","Malacostraca","Decapoda","Portunidae","Callinectes","Callinectes similis",NA,"SPECIES","Callinectes similis Williams, 1966","Callinectes similis","A.B. Williams, 1966","US","Mission-Aransas Estuary","Texas","PRESENT",NA,"c3ad790a-d426-4ac1-8e32-da61f81f0117",27.997222,-97.149167,100,NA,NA,NA,0.35,0.05,"2008-08-25T10:47",25,8,2008,2225642,2225642,"HUMAN_OBSERVATION","TPWD","Aransas Bay Bag Seine",NA,NA,"",NA,"CC0_1_0","","",NA,NA,2025-02-06 18:23:34.234,"","CONTINENT_DERIVED_FROM_COORDINATES"
3404420249,"2473e9c3-624f-4cd6-bfc6-b476913790b5","Station_236_Date_15MAR2007:09:33:00.000_Callinectes_similis","Animalia","Arthropoda","Malacostraca","Decapoda","Portunidae","Callinectes","Callinectes similis",NA,"SPECIES","Callinectes similis Williams, 1966","Callinectes similis","A.B. Williams, 1966","US","Mission-Aransas Estuary","Texas","PRESENT",NA,"c3ad790a-d426-4ac1-8e32-da61f81f0117",28.038889,-97.039444,100,NA,NA,NA,0.2,0.1,"2007-03-15T09:33",15,3,2007,2225642,2225642,"HUMAN_OBSERVATION","TPWD","Aransas Bay Bag Seine",NA,NA,"",NA,"CC0_1_0","","",NA,NA,2025-02-06 18:23:35.027,"","CONTINENT_DERIVED_FROM_COORDINATES"
3404418815,"2473e9c3-624f-4cd6-bfc6-b476913790b5","Station_308_Date_23MAY2007:18:29:00.000_Callinectes_similis","Animalia","Arthropoda","Malacostraca","Decapoda","Portunidae","Callinectes","Callinectes similis",NA,"SPECIES","Callinectes similis Williams, 1966","Callinectes similis","A.B. Williams, 1966","US","Mission-Aransas Estuary","Texas","PRESENT",NA,"c3ad790a-d426-4ac1-8e32-da61f81f0117",27.934444,-97.001111,100,NA,NA,NA,0.65,0.15,"2007-05-23T18:29",23,5,2007,2225642,2225642,"HUMAN_OBSERVATION","TPWD","Aransas Bay Bag Seine",NA,NA,"",NA,"CC0_1_0","","",NA,NA,2025-02-06 18:23:34.648,"","CONTINENT_DERIVED_FROM_COORDINATES"
3404418139,"2473e9c3-624f-4cd6-bfc6-b476913790b5","Station_328_Date_16NOV2006:14:46:00.000_Callinectes_similis","Animalia","Arthropoda","Malacostraca","Decapoda","Portunidae","Callinectes","Callinectes similis",NA,"SPECIES","Callinectes similis Williams, 1966","Callinectes similis","A.B. Williams, 1966","US","Mission-Aransas Estuary","Texas","PRESENT",NA,"c3ad790a-d426-4ac1-8e32-da61f81f0117",27.898889,-97.132778,100,NA,NA,NA,0.3,0.3,"2006-11-16T14:46",16,11,2006,2225642,2225642,"HUMAN_OBSERVATION","TPWD","Aransas Bay Bag Seine",NA,NA,"",NA,"CC0_1_0","","",NA,NA,2025-02-06 18:23:33.559,"","CONTINENT_DERIVED_FROM_COORDINATES"
3404416571,"2473e9c3-624f-4cd6-bfc6-b476913790b5","Station_171_Date_09NOV2005:14:04:00.000_Callinectes_similis","Animalia","Arthropoda","Malacostraca","Decapoda","Portunidae","Callinectes","Callinectes similis",NA,"SPECIES","Callinectes similis Williams, 1966","Callinectes similis","A.B. Williams, 1966","US","Mission-Aransas Estuary","Texas","PRESENT",NA,"c3ad790a-d426-4ac1-8e32-da61f81f0117",28.094167,-97.032778,100,NA,NA,NA,0.2,0.1,"2005-11-09T14:04",9,11,2005,2225642,2225642,"HUMAN_OBSERVATION","TPWD","Aransas Bay Bag Seine",NA,NA,"",NA,"CC0_1_0","","",NA,NA,2025-02-06 18:23:33.358,"","CONTINENT_DERIVED_FROM_COORDINATES"
3404414136,"2473e9c3-624f-4cd6-bfc6-b476913790b5","Station_325_Date_23MAY2007:17:29:00.000_Callinectes_similis","Animalia","Arthropoda","Malacostraca","Decapoda","Portunidae","Callinectes","Callinectes similis",NA,"SPECIES","Callinectes similis Williams, 1966","Callinectes similis","A.B. Williams, 1966","US","Mission-Aransas Estuary","Texas","PRESENT",NA,"c3ad790a-d426-4ac1-8e32-da61f81f0117",27.913889,-97.031389,100,NA,NA,NA,0.5,0,"2007-05-23T17:29",23,5,2007,2225642,2225642,"HUMAN_OBSERVATION","TPWD","Aransas Bay Bag Seine",NA,NA,"",NA,"CC0_1_0","","",NA,NA,2025-02-06 18:23:35.301,"","CONTINENT_DERIVED_FROM_COORDINATES"
3404414092,"2473e9c3-624f-4cd6-bfc6-b476913790b5","Station_322_Date_05MAR2008:11:15:00.000_Callinectes_similis","Animalia","Arthropoda","Malacostraca","Decapoda","Portunidae","Callinectes","Callinectes similis",NA,"SPECIES","Callinectes similis Williams, 1966","Callinectes similis","A.B. Williams, 1966","US","Mission-Aransas Estuary","Texas","PRESENT",NA,"c3ad790a-d426-4ac1-8e32-da61f81f0117",27.915,-97.067222,100,NA,NA,NA,0.1,0.1,"2008-03-05T11:15",5,3,2008,2225642,2225642,"HUMAN_OBSERVATION","TPWD","Aransas Bay Bag Seine",NA,NA,"",NA,"CC0_1_0","","",NA,NA,2025-02-06 18:23:35.291,"","CONTINENT_DERIVED_FROM_COORDINATES"
3404413849,"2473e9c3-624f-4cd6-bfc6-b476913790b5","Station_308_Date_11APR2005:16:46:00.000_Callinectes_similis","Animalia","Arthropoda","Malacostraca","Decapoda","Portunidae","Callinectes","Callinectes similis",NA,"SPECIES","Callinectes similis Williams, 1966","Callinectes similis","A.B. Williams, 1966","US","Mission-Aransas Estuary","Texas","PRESENT",NA,"c3ad790a-d426-4ac1-8e32-da61f81f0117",27.948889,-97.001389,100,NA,NA,NA,0.25,0.15,"2005-04-11T16:46",11,4,2005,2225642,2225642,"HUMAN_OBSERVATION","TPWD","Aransas Bay Bag Seine",NA,NA,"",NA,"CC0_1_0","","",NA,NA,2025-02-06 18:23:35.227,"","CONTINENT_DERIVED_FROM_COORDINATES"
3404411276,"2473e9c3-624f-4cd6-bfc6-b476913790b5","Station_254_Date_20DEC2007:09:43:00.000_Callinectes_similis","Animalia","Arthropoda","Malacostraca","Decapoda","Portunidae","Callinectes","Callinectes similis",NA,"SPECIES","Callinectes similis Williams, 1966","Callinectes similis","A.B. Williams, 1966","US","Mission-Aransas Estuary","Texas","PRESENT",NA,"c3ad790a-d426-4ac1-8e32-da61f81f0117",28.016944,-96.967778,100,NA,NA,NA,0.15,0.15,"2007-12-20T09:43",20,12,2007,2225642,2225642,"HUMAN_OBSERVATION","TPWD","Aransas Bay Bag Seine",NA,NA,"",NA,"CC0_1_0","","",NA,NA,2025-02-06 18:23:34.511,"","CONTINENT_DERIVED_FROM_COORDINATES"
3404409683,"2473e9c3-624f-4cd6-bfc6-b476913790b5","Station_82_Date_20JUN2005:12:36:00.000_Callinectes_similis","Animalia","Arthropoda","Malacostraca","Decapoda","Portunidae","Callinectes","Callinectes similis",NA,"SPECIES","Callinectes similis Williams, 1966","Callinectes similis","A.B. Williams, 1966","US","Mission-Aransas Estuary","Texas","PRESENT",NA,"c3ad790a-d426-4ac1-8e32-da61f81f0117",27.854167,-97.080833,100,NA,NA,NA,0.5,0.5,"2005-06-20T12:36",20,6,2005,2225642,2225642,"HUMAN_OBSERVATION","TPWD","Aransas Bay Bag Seine",NA,NA,"",NA,"CC0_1_0","","",NA,NA,2025-02-06 18:23:33.769,"","CONTINENT_DERIVED_FROM_COORDINATES"
3404409545,"2473e9c3-624f-4cd6-bfc6-b476913790b5","Station_77_Date_18FEB2005:12:53:00.000_Callinectes_similis","Animalia","Arthropoda","Malacostraca","Decapoda","Portunidae","Callinectes","Callinectes similis",NA,"SPECIES","Callinectes similis Williams, 1966","Callinectes similis","A.B. Williams, 1966","US","Mission-Aransas Estuary","Texas","PRESENT",NA,"c3ad790a-d426-4ac1-8e32-da61f81f0117",27.859167,-97.165556,100,NA,NA,NA,0.15,0.15,"2005-02-18T12:53",18,2,2005,2225642,2225642,"HUMAN_OBSERVATION","TPWD","Aransas Bay Bag Seine",NA,NA,"",NA,"CC0_1_0","","",NA,NA,2025-02-06 18:23:33.738,"","CONTINENT_DERIVED_FROM_COORDINATES"
3404409501,"2473e9c3-624f-4cd6-bfc6-b476913790b5","Station_76_Date_07DEC2007:11:25:00.000_Callinectes_similis","Animalia","Arthropoda","Malacostraca","Decapoda","Portunidae","Callinectes","Callinectes similis",NA,"SPECIES","Callinectes similis Williams, 1966","Callinectes similis","A.B. Williams, 1966","US","Mission-Aransas Estuary","Texas","PRESENT",NA,"c3ad790a-d426-4ac1-8e32-da61f81f0117",27.856389,-97.167222,100,NA,NA,NA,0.4,0.4,"2007-12-07T11:25",7,12,2007,2225642,2225642,"HUMAN_OBSERVATION","TPWD","Aransas Bay Bag Seine",NA,NA,"",NA,"CC0_1_0","","",NA,NA,2025-02-06 18:23:33.72,"","CONTINENT_DERIVED_FROM_COORDINATES"
3404408568,"2473e9c3-624f-4cd6-bfc6-b476913790b5","Station_65_Date_21JUN2005:07:52:00.000_Callinectes_similis","Animalia","Arthropoda","Malacostraca","Decapoda","Portunidae","Callinectes","Callinectes similis",NA,"SPECIES","Callinectes similis Williams, 1966","Callinectes similis","A.B. Williams, 1966","US","Mission-Aransas Estuary","Texas","PRESENT",NA,"c3ad790a-d426-4ac1-8e32-da61f81f0117",27.8675,-97.132778,100,NA,NA,NA,0.2,0.1,"2005-06-21T07:52",21,6,2005,2225642,2225642,"HUMAN_OBSERVATION","TPWD","Aransas Bay Bag Seine",NA,NA,"",NA,"CC0_1_0","","",NA,NA,2025-02-06 18:23:34.545,"","CONTINENT_DERIVED_FROM_COORDINATES"
3404408421,"2473e9c3-624f-4cd6-bfc6-b476913790b5","Station_63_Date_03APR2007:12:32:00.000_Callinectes_similis","Animalia","Arthropoda","Malacostraca","Decapoda","Portunidae","Callinectes","Callinectes similis",NA,"SPECIES","Callinectes similis Williams, 1966","Callinectes similis","A.B. Williams, 1966","US","Mission-Aransas Estuary","Texas","PRESENT",NA,"c3ad790a-d426-4ac1-8e32-da61f81f0117",27.875556,-97.150833,100,NA,NA,NA,0.15,0.15,"2007-04-03T12:32",3,4,2007,2225642,2225642,"HUMAN_OBSERVATION","TPWD","Aransas Bay Bag Seine",NA,NA,"",NA,"CC0_1_0","","",NA,NA,2025-02-06 18:23:34.513,"","CONTINENT_DERIVED_FROM_COORDINATES"
3404404768,"2473e9c3-624f-4cd6-bfc6-b476913790b5","Station_82_Date_13JUL2005:10:30:00.000_Callinectes_similis","Animalia","Arthropoda","Malacostraca","Decapoda","Portunidae","Callinectes","Callinectes similis",NA,"SPECIES","Callinectes similis Williams, 1966","Callinectes similis","A.B. Williams, 1966","US","Mission-Aransas Estuary","Texas","PRESENT",NA,"c3ad790a-d426-4ac1-8e32-da61f81f0117",27.861111,-97.082222,100,NA,NA,NA,0.15,0.15,"2005-07-13T10:30",13,7,2005,2225642,2225642,"HUMAN_OBSERVATION","TPWD","Aransas Bay Bag Seine",NA,NA,"",NA,"CC0_1_0","","",NA,NA,2025-02-06 18:23:33.249,"","CONTINENT_DERIVED_FROM_COORDINATES"
3404404723,"2473e9c3-624f-4cd6-bfc6-b476913790b5","Station_81_Date_06MAR2008:09:02:00.000_Callinectes_similis","Animalia","Arthropoda","Malacostraca","Decapoda","Portunidae","Callinectes","Callinectes similis",NA,"SPECIES","Callinectes similis Williams, 1966","Callinectes similis","A.B. Williams, 1966","US","Mission-Aransas Estuary","Texas","PRESENT",NA,"c3ad790a-d426-4ac1-8e32-da61f81f0117",27.865556,-97.085833,100,NA,NA,NA,0.5,0.5,"2008-03-06T09:02",6,3,2008,2225642,2225642,"HUMAN_OBSERVATION","TPWD","Aransas Bay Bag Seine",NA,NA,"",NA,"CC0_1_0","","",NA,NA,2025-02-06 18:23:33.244,"","CONTINENT_DERIVED_FROM_COORDINATES"
3404404720,"2473e9c3-624f-4cd6-bfc6-b476913790b5","Station_81_Date_03JUL2008:09:59:00.000_Callinectes_similis","Animalia","Arthropoda","Malacostraca","Decapoda","Portunidae","Callinectes","Callinectes similis",NA,"SPECIES","Callinectes similis Williams, 1966","Callinectes similis","A.B. Williams, 1966","US","Mission-Aransas Estuary","Texas","PRESENT",NA,"c3ad790a-d426-4ac1-8e32-da61f81f0117",27.864444,-97.084722,100,NA,NA,NA,0.2,0.2,"2008-07-03T09:59",3,7,2008,2225642,2225642,"HUMAN_OBSERVATION","TPWD","Aransas Bay Bag Seine",NA,NA,"",NA,"CC0_1_0","","",NA,NA,2025-02-06 18:23:33.244,"","CONTINENT_DERIVED_FROM_COORDINATES"
3404403856,"2473e9c3-624f-4cd6-bfc6-b476913790b5","Station_82_Date_30OCT2006:11:07:00.000_Callinectes_similis","Animalia","Arthropoda","Malacostraca","Decapoda","Portunidae","Callinectes","Callinectes similis",NA,"SPECIES","Callinectes similis Williams, 1966","Callinectes similis","A.B. Williams, 1966","US","Mission-Aransas Estuary","Texas","PRESENT",NA,"c3ad790a-d426-4ac1-8e32-da61f81f0117",27.855556,-97.081111,100,NA,NA,NA,0.3,0.3,"2006-10-30T11:07",30,10,2006,2225642,2225642,"HUMAN_OBSERVATION","TPWD","Aransas Bay Bag Seine",NA,NA,"",NA,"CC0_1_0","","",NA,NA,2025-02-06 18:23:33.816,"","CONTINENT_DERIVED_FROM_COORDINATES"
3404403821,"2473e9c3-624f-4cd6-bfc6-b476913790b5","Station_82_Date_09JUL2007:11:23:00.000_Callinectes_similis","Animalia","Arthropoda","Malacostraca","Decapoda","Portunidae","Callinectes","Callinectes similis",NA,"SPECIES","Callinectes similis Williams, 1966","Callinectes similis","A.B. Williams, 1966","US","Mission-Aransas Estuary","Texas","PRESENT",NA,"c3ad790a-d426-4ac1-8e32-da61f81f0117",27.855833,-97.081389,100,NA,NA,NA,0.6,0.3,"2007-07-09T11:23",9,7,2007,2225642,2225642,"HUMAN_OBSERVATION","TPWD","Aransas Bay Bag Seine",NA,NA,"",NA,"CC0_1_0","","",NA,NA,2025-02-06 18:23:33.809,"","CONTINENT_DERIVED_FROM_COORDINATES"
3404402974,"2473e9c3-624f-4cd6-bfc6-b476913790b5","Station_92_Date_14JUL2006:10:07:00.000_Callinectes_similis","Animalia","Arthropoda","Malacostraca","Decapoda","Portunidae","Callinectes","Callinectes similis",NA,"SPECIES","Callinectes similis Williams, 1966","Callinectes similis","A.B. Williams, 1966","US","Mission-Aransas Estuary","Texas","PRESENT",NA,"c3ad790a-d426-4ac1-8e32-da61f81f0117",27.841111,-97.178889,100,NA,NA,NA,0.25,0.25,"2006-07-14T10:07",14,7,2006,2225642,2225642,"HUMAN_OBSERVATION","TPWD","Aransas Bay Bag Seine",NA,NA,"",NA,"CC0_1_0","","",NA,NA,2025-02-06 18:23:33.79,"","CONTINENT_DERIVED_FROM_COORDINATES"
3404401566,"2473e9c3-624f-4cd6-bfc6-b476913790b5","Station_76_Date_30AUG2006:13:28:00.000_Callinectes_similis","Animalia","Arthropoda","Malacostraca","Decapoda","Portunidae","Callinectes","Callinectes similis",NA,"SPECIES","Callinectes similis Williams, 1966","Callinectes similis","A.B. Williams, 1966","US","Mission-Aransas Estuary","Texas","PRESENT",NA,"c3ad790a-d426-4ac1-8e32-da61f81f0117",27.851111,-97.171111,100,NA,NA,NA,0.3,0.3,"2006-08-30T13:28",30,8,2006,2225642,2225642,"HUMAN_OBSERVATION","TPWD","Aransas Bay Bag Seine",NA,NA,"",NA,"CC0_1_0","","",NA,NA,2025-02-06 18:23:34.043,"","CONTINENT_DERIVED_FROM_COORDINATES"
3404401330,"2473e9c3-624f-4cd6-bfc6-b476913790b5","Station_64_Date_24JUN2008:10:30:00.000_Callinectes_similis","Animalia","Arthropoda","Malacostraca","Decapoda","Portunidae","Callinectes","Callinectes similis",NA,"SPECIES","Callinectes similis Williams, 1966","Callinectes similis","A.B. Williams, 1966","US","Mission-Aransas Estuary","Texas","PRESENT",NA,"c3ad790a-d426-4ac1-8e32-da61f81f0117",27.877222,-97.148889,100,NA,NA,NA,0.45,0.25,"2008-06-24T10:30",24,6,2008,2225642,2225642,"HUMAN_OBSERVATION","TPWD","Aransas Bay Bag Seine",NA,NA,"",NA,"CC0_1_0","","",NA,NA,2025-02-06 18:23:33.972,"","CONTINENT_DERIVED_FROM_COORDINATES"
3404399514,"2473e9c3-624f-4cd6-bfc6-b476913790b5","Station_72_Date_05DEC2007:16:41:00.000_Callinectes_similis","Animalia","Arthropoda","Malacostraca","Decapoda","Portunidae","Callinectes","Callinectes similis",NA,"SPECIES","Callinectes similis Williams, 1966","Callinectes similis","A.B. Williams, 1966","US","Mission-Aransas Estuary","Texas","PRESENT",NA,"c3ad790a-d426-4ac1-8e32-da61f81f0117",28.158056,-96.970556,100,NA,NA,NA,0.25,0.15,"2007-12-05T16:41",5,12,2007,2225642,2225642,"HUMAN_OBSERVATION","TPWD","Aransas Bay Bag Seine",NA,NA,"",NA,"CC0_1_0","","",NA,NA,2025-02-06 18:23:33.224,"","CONTINENT_DERIVED_FROM_COORDINATES"
3404399178,"2473e9c3-624f-4cd6-bfc6-b476913790b5","Station_56_Date_14JUN2006:07:51:00.000_Callinectes_similis","Animalia","Arthropoda","Malacostraca","Decapoda","Portunidae","Callinectes","Callinectes similis",NA,"SPECIES","Callinectes similis Williams, 1966","Callinectes similis","A.B. Williams, 1966","US","Mission-Aransas Estuary","Texas","PRESENT",NA,"c3ad790a-d426-4ac1-8e32-da61f81f0117",27.885833,-97.115,100,NA,NA,NA,0.1,0.1,"2006-06-14T07:51",14,6,2006,2225642,2225642,"HUMAN_OBSERVATION","TPWD","Aransas Bay Bag Seine",NA,NA,"",NA,"CC0_1_0","","",NA,NA,2025-02-06 18:23:33.628,"","CONTINENT_DERIVED_FROM_COORDINATES"
3404399137,"2473e9c3-624f-4cd6-bfc6-b476913790b5","Station_55_Date_25FEB2005:09:46:00.000_Callinectes_similis","Animalia","Arthropoda","Malacostraca","Decapoda","Portunidae","Callinectes","Callinectes similis",NA,"SPECIES","Callinectes similis Williams, 1966","Callinectes similis","A.B. Williams, 1966","US","Mission-Aransas Estuary","Texas","PRESENT",NA,"c3ad790a-d426-4ac1-8e32-da61f81f0117",27.893333,-97.129444,100,NA,NA,NA,0.4,0.4,"2005-02-25T09:46",25,2,2005,2225642,2225642,"HUMAN_OBSERVATION","TPWD","Aransas Bay Bag Seine",NA,NA,"",NA,"CC0_1_0","","",NA,NA,2025-02-06 18:23:33.621,"","CONTINENT_DERIVED_FROM_COORDINATES"
3404399083,"2473e9c3-624f-4cd6-bfc6-b476913790b5","Station_54_Date_03APR2007:10:38:00.000_Callinectes_similis","Animalia","Arthropoda","Malacostraca","Decapoda","Portunidae","Callinectes","Callinectes similis",NA,"SPECIES","Callinectes similis Williams, 1966","Callinectes similis","A.B. Williams, 1966","US","Mission-Aransas Estuary","Texas","PRESENT",NA,"c3ad790a-d426-4ac1-8e32-da61f81f0117",27.888056,-97.140833,100,NA,NA,NA,0.25,0.25,"2007-04-03T10:38",3,4,2007,2225642,2225642,"HUMAN_OBSERVATION","TPWD","Aransas Bay Bag Seine",NA,NA,"",NA,"CC0_1_0","","",NA,NA,2025-02-06 18:23:33.606,"","CONTINENT_DERIVED_FROM_COORDINATES"
3404396692,"2473e9c3-624f-4cd6-bfc6-b476913790b5","Station_78_Date_17SEP2007:18:40:00.000_Callinectes_similis","Animalia","Arthropoda","Malacostraca","Decapoda","Portunidae","Callinectes","Callinectes similis",NA,"SPECIES","Callinectes similis Williams, 1966","Callinectes similis","A.B. Williams, 1966","US","Mission-Aransas Estuary","Texas","PRESENT",NA,"c3ad790a-d426-4ac1-8e32-da61f81f0117",27.854444,-97.14,100,NA,NA,NA,0.35,0.15,"2007-09-17T18:40",17,9,2007,2225642,2225642,"HUMAN_OBSERVATION","TPWD","Aransas Bay Bag Seine",NA,NA,"",NA,"CC0_1_0","","",NA,NA,2025-02-06 18:23:34.648,"","CONTINENT_DERIVED_FROM_COORDINATES"
3404395188,"2473e9c3-624f-4cd6-bfc6-b476913790b5","Station_50_Date_06OCT2008:17:12:00.000_Callinectes_similis","Animalia","Arthropoda","Malacostraca","Decapoda","Portunidae","Callinectes","Callinectes similis",NA,"SPECIES","Callinectes similis Williams, 1966","Callinectes similis","A.B. Williams, 1966","US","Mission-Aransas Estuary","Texas","PRESENT",NA,"c3ad790a-d426-4ac1-8e32-da61f81f0117",28.173611,-96.965278,100,NA,NA,NA,0.45,0.05,"2008-10-06T17:12",6,10,2008,2225642,2225642,"HUMAN_OBSERVATION","TPWD","Aransas Bay Bag Seine",NA,NA,"",NA,"CC0_1_0","","",NA,NA,2025-02-06 18:23:33.638,"","CONTINENT_DERIVED_FROM_COORDINATES"
3404391273,"2473e9c3-624f-4cd6-bfc6-b476913790b5","Station_63_Date_17OCT2007:17:29:00.000_Callinectes_similis","Animalia","Arthropoda","Malacostraca","Decapoda","Portunidae","Callinectes","Callinectes similis",NA,"SPECIES","Callinectes similis Williams, 1966","Callinectes similis","A.B. Williams, 1966","US","Mission-Aransas Estuary","Texas","PRESENT",NA,"c3ad790a-d426-4ac1-8e32-da61f81f0117",27.870833,-97.159444,100,NA,NA,NA,0.35,0.35,"2007-10-17T17:29",17,10,2007,2225642,2225642,"HUMAN_OBSERVATION","TPWD","Aransas Bay Bag Seine",NA,NA,"",NA,"CC0_1_0","","",NA,NA,2025-02-06 18:23:33.197,"","CONTINENT_DERIVED_FROM_COORDINATES"
3404108990,"836204c6-f8ca-49f3-be9a-afbae64ae72c","Station_362_Date_06AUG2007:10:30:00.000_Callinectes_similis","Animalia","Arthropoda","Malacostraca","Decapoda","Portunidae","Callinectes","Callinectes similis",NA,"SPECIES","Callinectes similis Williams, 1966","Callinectes similis","A.B. Williams, 1966","US","Lower Laguna Madre Estuary","Texas","PRESENT",NA,"c3ad790a-d426-4ac1-8e32-da61f81f0117",26.062222,-97.164444,100,NA,NA,NA,0.15,0.15,"2007-08-06T10:30",6,8,2007,2225642,2225642,"HUMAN_OBSERVATION","TPWD","Lower Laguna Madre Bag Seine",NA,NA,"",NA,"CC0_1_0","","",NA,NA,2025-02-06 20:42:40.602,"","CONTINENT_DERIVED_FROM_COORDINATES"
3404108928,"836204c6-f8ca-49f3-be9a-afbae64ae72c","Station_360_Date_05MAY2008:11:33:00.000_Callinectes_similis","Animalia","Arthropoda","Malacostraca","Decapoda","Portunidae","Callinectes","Callinectes similis",NA,"SPECIES","Callinectes similis Williams, 1966","Callinectes similis","A.B. Williams, 1966","US","Lower Laguna Madre Estuary","Texas","PRESENT",NA,"c3ad790a-d426-4ac1-8e32-da61f81f0117",26.050556,-97.196389,100,NA,NA,NA,0.15,0.15,"2008-05-05T11:33",5,5,2008,2225642,2225642,"HUMAN_OBSERVATION","TPWD","Lower Laguna Madre Bag Seine",NA,NA,"",NA,"CC0_1_0","","",NA,NA,2025-02-06 20:42:40.587,"","CONTINENT_DERIVED_FROM_COORDINATES"
3404108739,"836204c6-f8ca-49f3-be9a-afbae64ae72c","Station_335_Date_22MAY2006:11:45:00.000_Callinectes_similis","Animalia","Arthropoda","Malacostraca","Decapoda","Portunidae","Callinectes","Callinectes similis",NA,"SPECIES","Callinectes similis Williams, 1966","Callinectes similis","A.B. Williams, 1966","US","Lower Laguna Madre Estuary","Texas","PRESENT",NA,"c3ad790a-d426-4ac1-8e32-da61f81f0117",26.085,-97.170278,100,NA,NA,NA,0.1,0.1,"2006-05-22T11:45",22,5,2006,2225642,2225642,"HUMAN_OBSERVATION","TPWD","Lower Laguna Madre Bag Seine",NA,NA,"",NA,"CC0_1_0","","",NA,NA,2025-02-06 20:42:40.536,"","CONTINENT_DERIVED_FROM_COORDINATES"
3404108728,"836204c6-f8ca-49f3-be9a-afbae64ae72c","Station_335_Date_16OCT2006:11:43:00.000_Callinectes_similis","Animalia","Arthropoda","Malacostraca","Decapoda","Portunidae","Callinectes","Callinectes similis",NA,"SPECIES","Callinectes similis Williams, 1966","Callinectes similis","A.B. Williams, 1966","US","Lower Laguna Madre Estuary","Texas","PRESENT",NA,"c3ad790a-d426-4ac1-8e32-da61f81f0117",26.085556,-97.169722,100,NA,NA,NA,0.2,0.2,"2006-10-16T11:43",16,10,2006,2225642,2225642,"HUMAN_OBSERVATION","TPWD","Lower Laguna Madre Bag Seine",NA,NA,"",NA,"CC0_1_0","","",NA,NA,2025-02-06 20:42:40.534,"","CONTINENT_DERIVED_FROM_COORDINATES"
3404108693,"836204c6-f8ca-49f3-be9a-afbae64ae72c","Station_330_Date_12NOV2007:13:24:00.000_Callinectes_similis","Animalia","Arthropoda","Malacostraca","Decapoda","Portunidae","Callinectes","Callinectes similis",NA,"SPECIES","Callinectes similis Williams, 1966","Callinectes similis","A.B. Williams, 1966","US","Lower Laguna Madre Estuary","Texas","PRESENT",NA,"c3ad790a-d426-4ac1-8e32-da61f81f0117",26.083889,-97.263889,100,NA,NA,NA,0.15,0.15,"2007-11-12T13:24",12,11,2007,2225642,2225642,"HUMAN_OBSERVATION","TPWD","Lower Laguna Madre Bag Seine",NA,NA,"",NA,"CC0_1_0","","",NA,NA,2025-02-06 20:42:40.525,"","CONTINENT_DERIVED_FROM_COORDINATES"
3404108637,"836204c6-f8ca-49f3-be9a-afbae64ae72c","Station_329_Date_19MAR2008:11:07:00.000_Callinectes_similis","Animalia","Arthropoda","Malacostraca","Decapoda","Portunidae","Callinectes","Callinectes similis",NA,"SPECIES","Callinectes similis Williams, 1966","Callinectes similis","A.B. Williams, 1966","US","Lower Laguna Madre Estuary","Texas","PRESENT",NA,"c3ad790a-d426-4ac1-8e32-da61f81f0117",26.088889,-97.273889,100,NA,NA,NA,0.1,0.1,"2008-03-19T11:07",19,3,2008,2225642,2225642,"HUMAN_OBSERVATION","TPWD","Lower Laguna Madre Bag Seine",NA,NA,"",NA,"CC0_1_0","","",NA,NA,2025-02-06 20:42:40.515,"","CONTINENT_DERIVED_FROM_COORDINATES"
3404108333,"836204c6-f8ca-49f3-be9a-afbae64ae72c","Station_300_Date_16DEC2008:11:34:00.000_Callinectes_similis","Animalia","Arthropoda","Malacostraca","Decapoda","Portunidae","Callinectes","Callinectes similis",NA,"SPECIES","Callinectes similis Williams, 1966","Callinectes similis","A.B. Williams, 1966","US","Lower Laguna Madre Estuary","Texas","PRESENT",NA,"c3ad790a-d426-4ac1-8e32-da61f81f0117",26.134722,-97.291389,100,NA,NA,NA,0.2,0.2,"2008-12-16T11:34",16,12,2008,2225642,2225642,"HUMAN_OBSERVATION","TPWD","Lower Laguna Madre Bag Seine",NA,NA,"",NA,"CC0_1_0","","",NA,NA,2025-02-06 20:42:40.435,"","CONTINENT_DERIVED_FROM_COORDINATES"
3404106899,"836204c6-f8ca-49f3-be9a-afbae64ae72c","Station_373_Date_02OCT2006:11:26:00.000_Callinectes_similis","Animalia","Arthropoda","Malacostraca","Decapoda","Portunidae","Callinectes","Callinectes similis",NA,"SPECIES","Callinectes similis Williams, 1966","Callinectes similis","A.B. Williams, 1966","US","Lower Laguna Madre Estuary","Texas","PRESENT",NA,"c3ad790a-d426-4ac1-8e32-da61f81f0117",26.048333,-97.192778,100,NA,NA,NA,0.15,0.15,"2006-10-02T11:26",2,10,2006,2225642,2225642,"HUMAN_OBSERVATION","TPWD","Lower Laguna Madre Bag Seine",NA,NA,"",NA,"CC0_1_0","","",NA,NA,2025-02-06 20:42:40.972,"","CONTINENT_DERIVED_FROM_COORDINATES"
3404106856,"836204c6-f8ca-49f3-be9a-afbae64ae72c","Station_361_Date_11SEP2007:10:16:00.000_Callinectes_similis","Animalia","Arthropoda","Malacostraca","Decapoda","Portunidae","Callinectes","Callinectes similis",NA,"SPECIES","Callinectes similis Williams, 1966","Callinectes similis","A.B. Williams, 1966","US","Lower Laguna Madre Estuary","Texas","PRESENT",NA,"c3ad790a-d426-4ac1-8e32-da61f81f0117",26.058333,-97.173611,100,NA,NA,NA,0.15,0.15,"2007-09-11T10:16",11,9,2007,2225642,2225642,"HUMAN_OBSERVATION","TPWD","Lower Laguna Madre Bag Seine",NA,NA,"",NA,"CC0_1_0","","",NA,NA,2025-02-06 20:42:40.961,"","CONTINENT_DERIVED_FROM_COORDINATES"
3404106822,"836204c6-f8ca-49f3-be9a-afbae64ae72c","Station_360_Date_09OCT2007:15:48:00.000_Callinectes_similis","Animalia","Arthropoda","Malacostraca","Decapoda","Portunidae","Callinectes","Callinectes similis",NA,"SPECIES","Callinectes similis Williams, 1966","Callinectes similis","A.B. Williams, 1966","US","Lower Laguna Madre Estuary","Texas","PRESENT",NA,"c3ad790a-d426-4ac1-8e32-da61f81f0117",26.065278,-97.197222,100,NA,NA,NA,0.2,0.2,"2007-10-09T15:48",9,10,2007,2225642,2225642,"HUMAN_OBSERVATION","TPWD","Lower Laguna Madre Bag Seine",NA,NA,"",NA,"CC0_1_0","","",NA,NA,2025-02-06 20:42:40.952,"","CONTINENT_DERIVED_FROM_COORDINATES"
3404106648,"836204c6-f8ca-49f3-be9a-afbae64ae72c","Station_344_Date_03SEP2008:12:24:00.000_Callinectes_similis","Animalia","Arthropoda","Malacostraca","Decapoda","Portunidae","Callinectes","Callinectes similis",NA,"SPECIES","Callinectes similis Williams, 1966","Callinectes similis","A.B. Williams, 1966","US","Lower Laguna Madre Estuary","Texas","PRESENT",NA,"c3ad790a-d426-4ac1-8e32-da61f81f0117",26.080833,-97.235,100,NA,NA,NA,0.15,0.15,"2008-09-03T12:24",3,9,2008,2225642,2225642,"HUMAN_OBSERVATION","TPWD","Lower Laguna Madre Bag Seine",NA,NA,"",NA,"CC0_1_0","","",NA,NA,2025-02-06 20:42:40.908,"","CONTINENT_DERIVED_FROM_COORDINATES"
3404105781,"836204c6-f8ca-49f3-be9a-afbae64ae72c","Station_360_Date_17NOV2008:16:01:00.000_Callinectes_similis","Animalia","Arthropoda","Malacostraca","Decapoda","Portunidae","Callinectes","Callinectes similis",NA,"SPECIES","Callinectes similis Williams, 1966","Callinectes similis","A.B. Williams, 1966","US","Lower Laguna Madre Estuary","Texas","PRESENT",NA,"c3ad790a-d426-4ac1-8e32-da61f81f0117",26.054167,-97.193611,100,NA,NA,NA,0.15,0.15,"2008-11-17T16:01",17,11,2008,2225642,2225642,"HUMAN_OBSERVATION","TPWD","Lower Laguna Madre Bag Seine",NA,NA,"",NA,"CC0_1_0","","",NA,NA,2025-02-06 20:42:40.494,"","CONTINENT_DERIVED_FROM_COORDINATES"
3404105730,"836204c6-f8ca-49f3-be9a-afbae64ae72c","Station_349_Date_01MAY2007:17:12:00.000_Callinectes_similis","Animalia","Arthropoda","Malacostraca","Decapoda","Portunidae","Callinectes","Callinectes similis",NA,"SPECIES","Callinectes similis Williams, 1966","Callinectes similis","A.B. Williams, 1966","US","Lower Laguna Madre Estuary","Texas","PRESENT",NA,"c3ad790a-d426-4ac1-8e32-da61f81f0117",26.069722,-97.163333,100,NA,NA,NA,0.2,0.2,"2007-05-01T17:12",1,5,2007,2225642,2225642,"HUMAN_OBSERVATION","TPWD","Lower Laguna Madre Bag Seine",NA,NA,"",NA,"CC0_1_0","","",NA,NA,2025-02-06 20:42:40.482,"","CONTINENT_DERIVED_FROM_COORDINATES"
3404105723,"836204c6-f8ca-49f3-be9a-afbae64ae72c","Station_348_Date_23MAR2005:12:51:00.000_Callinectes_similis","Animalia","Arthropoda","Malacostraca","Decapoda","Portunidae","Callinectes","Callinectes similis",NA,"SPECIES","Callinectes similis Williams, 1966","Callinectes similis","A.B. Williams, 1966","US","Lower Laguna Madre Estuary","Texas","PRESENT",NA,"c3ad790a-d426-4ac1-8e32-da61f81f0117",26.078611,-97.169444,100,NA,NA,NA,0.1,0.1,"2005-03-23T12:51",23,3,2005,2225642,2225642,"HUMAN_OBSERVATION","TPWD","Lower Laguna Madre Bag Seine",NA,NA,"",NA,"CC0_1_0","","",NA,NA,2025-02-06 20:42:40.481,"","CONTINENT_DERIVED_FROM_COORDINATES"
3404105717,"836204c6-f8ca-49f3-be9a-afbae64ae72c","Station_348_Date_21MAR2006:11:55:00.000_Callinectes_similis","Animalia","Arthropoda","Malacostraca","Decapoda","Portunidae","Callinectes","Callinectes similis",NA,"SPECIES","Callinectes similis Williams, 1966","Callinectes similis","A.B. Williams, 1966","US","Lower Laguna Madre Estuary","Texas","PRESENT",NA,"c3ad790a-d426-4ac1-8e32-da61f81f0117",26.079167,-97.168889,100,NA,NA,NA,0.45,0.15,"2006-03-21T11:55",21,3,2006,2225642,2225642,"HUMAN_OBSERVATION","TPWD","Lower Laguna Madre Bag Seine",NA,NA,"",NA,"CC0_1_0","","",NA,NA,2025-02-06 20:42:40.48,"","CONTINENT_DERIVED_FROM_COORDINATES"
3404105642,"836204c6-f8ca-49f3-be9a-afbae64ae72c","Station_344_Date_24APR2006:13:04:00.000_Callinectes_similis","Animalia","Arthropoda","Malacostraca","Decapoda","Portunidae","Callinectes","Callinectes similis",NA,"SPECIES","Callinectes similis Williams, 1966","Callinectes similis","A.B. Williams, 1966","US","Lower Laguna Madre Estuary","Texas","PRESENT",NA,"c3ad790a-d426-4ac1-8e32-da61f81f0117",26.081111,-97.240278,100,NA,NA,NA,0.1,0.1,"2006-04-24T13:04",24,4,2006,2225642,2225642,"HUMAN_OBSERVATION","TPWD","Lower Laguna Madre Bag Seine",NA,NA,"",NA,"CC0_1_0","","",NA,NA,2025-02-06 20:42:40.451,"","CONTINENT_DERIVED_FROM_COORDINATES"
3404105507,"836204c6-f8ca-49f3-be9a-afbae64ae72c","Station_329_Date_19SEP2005:16:35:00.000_Callinectes_similis","Animalia","Arthropoda","Malacostraca","Decapoda","Portunidae","Callinectes","Callinectes similis",NA,"SPECIES","Callinectes similis Williams, 1966","Callinectes similis","A.B. Williams, 1966","US","Lower Laguna Madre Estuary","Texas","PRESENT",NA,"c3ad790a-d426-4ac1-8e32-da61f81f0117",26.090833,-97.278333,100,NA,NA,NA,0.1,0.1,"2005-09-19T16:35",19,9,2005,2225642,2225642,"HUMAN_OBSERVATION","TPWD","Lower Laguna Madre Bag Seine",NA,NA,"",NA,"CC0_1_0","","",NA,NA,2025-02-06 20:42:40.424,"","CONTINENT_DERIVED_FROM_COORDINATES"
3404105065,"836204c6-f8ca-49f3-be9a-afbae64ae72c","Station_373_Date_10MAY2005:18:21:00.000_Callinectes_similis","Animalia","Arthropoda","Malacostraca","Decapoda","Portunidae","Callinectes","Callinectes similis",NA,"SPECIES","Callinectes similis Williams, 1966","Callinectes similis","A.B. Williams, 1966","US","Lower Laguna Madre Estuary","Texas","PRESENT",NA,"c3ad790a-d426-4ac1-8e32-da61f81f0117",26.046111,-97.197222,100,NA,NA,NA,0.15,0.15,"2005-05-10T18:21",10,5,2005,2225642,2225642,"HUMAN_OBSERVATION","TPWD","Lower Laguna Madre Bag Seine",NA,NA,"",NA,"CC0_1_0","","",NA,NA,2025-02-06 20:42:39.292,"","CONTINENT_DERIVED_FROM_COORDINATES"
3404105031,"836204c6-f8ca-49f3-be9a-afbae64ae72c","Station_361_Date_22MAY2006:12:08:00.000_Callinectes_similis","Animalia","Arthropoda","Malacostraca","Decapoda","Portunidae","Callinectes","Callinectes similis",NA,"SPECIES","Callinectes similis Williams, 1966","Callinectes similis","A.B. Williams, 1966","US","Lower Laguna Madre Estuary","Texas","PRESENT",NA,"c3ad790a-d426-4ac1-8e32-da61f81f0117",26.062222,-97.167222,100,NA,NA,NA,0.15,0.15,"2006-05-22T12:08",22,5,2006,2225642,2225642,"HUMAN_OBSERVATION","TPWD","Lower Laguna Madre Bag Seine",NA,NA,"",NA,"CC0_1_0","","",NA,NA,2025-02-06 20:42:39.28,"","CONTINENT_DERIVED_FROM_COORDINATES"
3404105006,"836204c6-f8ca-49f3-be9a-afbae64ae72c","Station_360_Date_24JUL2006:12:23:00.000_Callinectes_similis","Animalia","Arthropoda","Malacostraca","Decapoda","Portunidae","Callinectes","Callinectes similis",NA,"SPECIES","Callinectes similis Williams, 1966","Callinectes similis","A.B. Williams, 1966","US","Lower Laguna Madre Estuary","Texas","PRESENT",NA,"c3ad790a-d426-4ac1-8e32-da61f81f0117",26.051944,-97.195,100,NA,NA,NA,0.1,0.1,"2006-07-24T12:23",24,7,2006,2225642,2225642,"HUMAN_OBSERVATION","TPWD","Lower Laguna Madre Bag Seine",NA,NA,"",NA,"CC0_1_0","","",NA,NA,2025-02-06 20:42:39.277,"","CONTINENT_DERIVED_FROM_COORDINATES"
3404104971,"836204c6-f8ca-49f3-be9a-afbae64ae72c","Station_349_Date_20MAR2007:10:44:00.000_Callinectes_similis","Animalia","Arthropoda","Malacostraca","Decapoda","Portunidae","Callinectes","Callinectes similis",NA,"SPECIES","Callinectes similis Williams, 1966","Callinectes similis","A.B. Williams, 1966","US","Lower Laguna Madre Estuary","Texas","PRESENT",NA,"c3ad790a-d426-4ac1-8e32-da61f81f0117",26.068333,-97.164167,100,NA,NA,NA,0.1,0.1,"2007-03-20T10:44",20,3,2007,2225642,2225642,"HUMAN_OBSERVATION","TPWD","Lower Laguna Madre Bag Seine",NA,NA,"",NA,"CC0_1_0","","",NA,NA,2025-02-06 20:42:39.274,"","CONTINENT_DERIVED_FROM_COORDINATES"
3404104954,"836204c6-f8ca-49f3-be9a-afbae64ae72c","Station_349_Date_06AUG2007:10:54:00.000_Callinectes_similis","Animalia","Arthropoda","Malacostraca","Decapoda","Portunidae","Callinectes","Callinectes similis",NA,"SPECIES","Callinectes similis Williams, 1966","Callinectes similis","A.B. Williams, 1966","US","Lower Laguna Madre Estuary","Texas","PRESENT",NA,"c3ad790a-d426-4ac1-8e32-da61f81f0117",26.070833,-97.163889,100,NA,NA,NA,0.1,0.1,"2007-08-06T10:54",6,8,2007,2225642,2225642,"HUMAN_OBSERVATION","TPWD","Lower Laguna Madre Bag Seine",NA,NA,"",NA,"CC0_1_0","","",NA,NA,2025-02-06 20:42:39.272,"","CONTINENT_DERIVED_FROM_COORDINATES"
3404104930,"836204c6-f8ca-49f3-be9a-afbae64ae72c","Station_348_Date_16OCT2006:11:13:00.000_Callinectes_similis","Animalia","Arthropoda","Malacostraca","Decapoda","Portunidae","Callinectes","Callinectes similis",NA,"SPECIES","Callinectes similis Williams, 1966","Callinectes similis","A.B. Williams, 1966","US","Lower Laguna Madre Estuary","Texas","PRESENT",NA,"c3ad790a-d426-4ac1-8e32-da61f81f0117",26.078889,-97.169167,100,NA,NA,NA,0.2,0.2,"2006-10-16T11:13",16,10,2006,2225642,2225642,"HUMAN_OBSERVATION","TPWD","Lower Laguna Madre Bag Seine",NA,NA,"",NA,"CC0_1_0","","",NA,NA,2025-02-06 20:42:39.269,"","CONTINENT_DERIVED_FROM_COORDINATES"
3404103796,"836204c6-f8ca-49f3-be9a-afbae64ae72c","Station_349_Date_06JUN2006:17:28:00.000_Callinectes_similis","Animalia","Arthropoda","Malacostraca","Decapoda","Portunidae","Callinectes","Callinectes similis",NA,"SPECIES","Callinectes similis Williams, 1966","Callinectes similis","A.B. Williams, 1966","US","Lower Laguna Madre Estuary","Texas","PRESENT",NA,"c3ad790a-d426-4ac1-8e32-da61f81f0117",26.068333,-97.162778,100,NA,NA,NA,0.2,0.2,"2006-06-06T17:28",6,6,2006,2225642,2225642,"HUMAN_OBSERVATION","TPWD","Lower Laguna Madre Bag Seine",NA,NA,"",NA,"CC0_1_0","","",NA,NA,2025-02-06 20:42:39.532,"","CONTINENT_DERIVED_FROM_COORDINATES"
3404103788,"836204c6-f8ca-49f3-be9a-afbae64ae72c","Station_349_Date_04JAN2007:12:31:00.000_Callinectes_similis","Animalia","Arthropoda","Malacostraca","Decapoda","Portunidae","Callinectes","Callinectes similis",NA,"SPECIES","Callinectes similis Williams, 1966","Callinectes similis","A.B. Williams, 1966","US","Lower Laguna Madre Estuary","Texas","PRESENT",NA,"c3ad790a-d426-4ac1-8e32-da61f81f0117",26.07,-97.163333,100,NA,NA,NA,0.2,0.2,"2007-01-04T12:31",4,1,2007,2225642,2225642,"HUMAN_OBSERVATION","TPWD","Lower Laguna Madre Bag Seine",NA,NA,"",NA,"CC0_1_0","","",NA,NA,2025-02-06 20:42:39.531,"","CONTINENT_DERIVED_FROM_COORDINATES"
3404103730,"836204c6-f8ca-49f3-be9a-afbae64ae72c","Station_347_Date_06AUG2007:11:41:00.000_Callinectes_similis","Animalia","Arthropoda","Malacostraca","Decapoda","Portunidae","Callinectes","Callinectes similis",NA,"SPECIES","Callinectes similis Williams, 1966","Callinectes similis","A.B. Williams, 1966","US","Lower Laguna Madre Estuary","Texas","PRESENT",NA,"c3ad790a-d426-4ac1-8e32-da61f81f0117",26.072222,-97.195833,100,NA,NA,NA,0.05,0.05,"2007-08-06T11:41",6,8,2007,2225642,2225642,"HUMAN_OBSERVATION","TPWD","Lower Laguna Madre Bag Seine",NA,NA,"",NA,"CC0_1_0","","",NA,NA,2025-02-06 20:42:39.522,"","CONTINENT_DERIVED_FROM_COORDINATES"
3404098073,"836204c6-f8ca-49f3-be9a-afbae64ae72c","Station_270_Date_05MAR2008:11:41:00.000_Callinectes_similis","Animalia","Arthropoda","Malacostraca","Decapoda","Portunidae","Callinectes","Callinectes similis",NA,"SPECIES","Callinectes similis Williams, 1966","Callinectes similis","A.B. Williams, 1966","US","Lower Laguna Madre Estuary","Texas","PRESENT",NA,"c3ad790a-d426-4ac1-8e32-da61f81f0117",26.204722,-97.264722,100,NA,NA,NA,0.1,0.1,"2008-03-05T11:41",5,3,2008,2225642,2225642,"HUMAN_OBSERVATION","TPWD","Lower Laguna Madre Bag Seine",NA,NA,"",NA,"CC0_1_0","","",NA,NA,2025-02-06 20:42:40.374,"","CONTINENT_DERIVED_FROM_COORDINATES"
3404097989,"836204c6-f8ca-49f3-be9a-afbae64ae72c","Station_252_Date_01MAR2005:12:38:00.000_Callinectes_similis","Animalia","Arthropoda","Malacostraca","Decapoda","Portunidae","Callinectes","Callinectes similis",NA,"SPECIES","Callinectes similis Williams, 1966","Callinectes similis","A.B. Williams, 1966","US","Lower Laguna Madre Estuary","Texas","PRESENT",NA,"c3ad790a-d426-4ac1-8e32-da61f81f0117",26.236389,-97.276111,100,NA,NA,NA,0.2,0.2,"2005-03-01T12:38",1,3,2005,2225642,2225642,"HUMAN_OBSERVATION","TPWD","Lower Laguna Madre Bag Seine",NA,NA,"",NA,"CC0_1_0","","",NA,NA,2025-02-06 20:42:40.346,"","CONTINENT_DERIVED_FROM_COORDINATES"
3404097926,"836204c6-f8ca-49f3-be9a-afbae64ae72c","Station_242_Date_03APR2007:11:33:00.000_Callinectes_similis","Animalia","Arthropoda","Malacostraca","Decapoda","Portunidae","Callinectes","Callinectes similis",NA,"SPECIES","Callinectes similis Williams, 1966","Callinectes similis","A.B. Williams, 1966","US","Lower Laguna Madre Estuary","Texas","PRESENT",NA,"c3ad790a-d426-4ac1-8e32-da61f81f0117",26.259722,-97.284444,100,NA,NA,NA,0.15,0.15,"2007-04-03T11:33",3,4,2007,2225642,2225642,"HUMAN_OBSERVATION","TPWD","Lower Laguna Madre Bag Seine",NA,NA,"",NA,"CC0_1_0","","",NA,NA,2025-02-06 20:42:40.332,"","CONTINENT_DERIVED_FROM_COORDINATES"
3404097574,"836204c6-f8ca-49f3-be9a-afbae64ae72c","Station_178_Date_04FEB2008:11:06:00.000_Callinectes_similis","Animalia","Arthropoda","Malacostraca","Decapoda","Portunidae","Callinectes","Callinectes similis",NA,"SPECIES","Callinectes similis Williams, 1966","Callinectes similis","A.B. Williams, 1966","US","Lower Laguna Madre Estuary","Texas","PRESENT",NA,"c3ad790a-d426-4ac1-8e32-da61f81f0117",26.369167,-97.324722,100,NA,NA,NA,0.1,0.1,"2008-02-04T11:06",4,2,2008,2225642,2225642,"HUMAN_OBSERVATION","TPWD","Lower Laguna Madre Bag Seine",NA,NA,"",NA,"CC0_1_0","","",NA,NA,2025-02-06 20:42:40.236,"","CONTINENT_DERIVED_FROM_COORDINATES"
3404097402,"836204c6-f8ca-49f3-be9a-afbae64ae72c","Station_154_Date_08OCT2008:15:10:00.000_Callinectes_similis","Animalia","Arthropoda","Malacostraca","Decapoda","Portunidae","Callinectes","Callinectes similis",NA,"SPECIES","Callinectes similis Williams, 1966","Callinectes similis","A.B. Williams, 1966","US","Lower Laguna Madre Estuary","Texas","PRESENT",NA,"c3ad790a-d426-4ac1-8e32-da61f81f0117",26.43,-97.3575,100,NA,NA,NA,0.15,0.15,"2008-10-08T15:10",8,10,2008,2225642,2225642,"HUMAN_OBSERVATION","TPWD","Lower Laguna Madre Bag Seine",NA,NA,"",NA,"CC0_1_0","","",NA,NA,2025-02-06 20:42:40.196,"","CONTINENT_DERIVED_FROM_COORDINATES"
3404097357,"836204c6-f8ca-49f3-be9a-afbae64ae72c","Station_146_Date_01APR2008:12:01:00.000_Callinectes_similis","Animalia","Arthropoda","Malacostraca","Decapoda","Portunidae","Callinectes","Callinectes similis",NA,"SPECIES","Callinectes similis Williams, 1966","Callinectes similis","A.B. Williams, 1966","US","Lower Laguna Madre Estuary","Texas","PRESENT",NA,"c3ad790a-d426-4ac1-8e32-da61f81f0117",26.440278,-97.361667,100,NA,NA,NA,0.15,0.15,"2008-04-01T12:01",1,4,2008,2225642,2225642,"HUMAN_OBSERVATION","TPWD","Lower Laguna Madre Bag Seine",NA,NA,"",NA,"CC0_1_0","","",NA,NA,2025-02-06 20:42:40.177,"","CONTINENT_DERIVED_FROM_COORDINATES"
3404096960,"836204c6-f8ca-49f3-be9a-afbae64ae72c","Station_261_Date_19SEP2005:15:58:00.000_Callinectes_similis","Animalia","Arthropoda","Malacostraca","Decapoda","Portunidae","Callinectes","Callinectes similis",NA,"SPECIES","Callinectes similis Williams, 1966","Callinectes similis","A.B. Williams, 1966","US","Lower Laguna Madre Estuary","Texas","PRESENT",NA,"c3ad790a-d426-4ac1-8e32-da61f81f0117",26.231111,-97.274167,100,NA,NA,NA,0.15,0.15,"2005-09-19T15:58",19,9,2005,2225642,2225642,"HUMAN_OBSERVATION","TPWD","Lower Laguna Madre Bag Seine",NA,NA,"",NA,"CC0_1_0","","",NA,NA,2025-02-06 20:42:40.723,"","CONTINENT_DERIVED_FROM_COORDINATES"
3404096198,"836204c6-f8ca-49f3-be9a-afbae64ae72c","Station_299_Date_11JUN2007:17:26:00.000_Callinectes_similis","Animalia","Arthropoda","Malacostraca","Decapoda","Portunidae","Callinectes","Callinectes similis",NA,"SPECIES","Callinectes similis Williams, 1966","Callinectes similis","A.B. Williams, 1966","US","Lower Laguna Madre Estuary","Texas","PRESENT",NA,"c3ad790a-d426-4ac1-8e32-da61f81f0117",26.156944,-97.181389,100,NA,NA,NA,0.2,0.2,"2007-06-11T17:26",11,6,2007,2225642,2225642,"HUMAN_OBSERVATION","TPWD","Lower Laguna Madre Bag Seine",NA,NA,"",NA,"CC0_1_0","","",NA,NA,2025-02-06 20:42:40.342,"","CONTINENT_DERIVED_FROM_COORDINATES"
3404096026,"836204c6-f8ca-49f3-be9a-afbae64ae72c","Station_275_Date_21MAR2007:10:03:00.000_Callinectes_similis","Animalia","Arthropoda","Malacostraca","Decapoda","Portunidae","Callinectes","Callinectes similis",NA,"SPECIES","Callinectes similis Williams, 1966","Callinectes similis","A.B. Williams, 1966","US","Lower Laguna Madre Estuary","Texas","PRESENT",NA,"c3ad790a-d426-4ac1-8e32-da61f81f0117",26.187222,-97.295278,100,NA,NA,NA,0.15,0.15,"2007-03-21T10:03",21,3,2007,2225642,2225642,"HUMAN_OBSERVATION","TPWD","Lower Laguna Madre Bag Seine",NA,NA,"",NA,"CC0_1_0","","",NA,NA,2025-02-06 20:42:40.302,"","CONTINENT_DERIVED_FROM_COORDINATES"
3404095827,"836204c6-f8ca-49f3-be9a-afbae64ae72c","Station_242_Date_04APR2006:11:16:00.000_Callinectes_similis","Animalia","Arthropoda","Malacostraca","Decapoda","Portunidae","Callinectes","Callinectes similis",NA,"SPECIES","Callinectes similis Williams, 1966","Callinectes similis","A.B. Williams, 1966","US","Lower Laguna Madre Estuary","Texas","PRESENT",NA,"c3ad790a-d426-4ac1-8e32-da61f81f0117",26.2625,-97.284722,100,NA,NA,NA,0.15,0.15,"2006-04-04T11:16",4,4,2006,2225642,2225642,"HUMAN_OBSERVATION","TPWD","Lower Laguna Madre Bag Seine",NA,NA,"",NA,"CC0_1_0","","",NA,NA,2025-02-06 20:42:40.251,"","CONTINENT_DERIVED_FROM_COORDINATES"
3404095739,"836204c6-f8ca-49f3-be9a-afbae64ae72c","Station_225_Date_01MAY2006:15:49:00.000_Callinectes_similis","Animalia","Arthropoda","Malacostraca","Decapoda","Portunidae","Callinectes","Callinectes similis",NA,"SPECIES","Callinectes similis Williams, 1966","Callinectes similis","A.B. Williams, 1966","US","Lower Laguna Madre Estuary","Texas","PRESENT",NA,"c3ad790a-d426-4ac1-8e32-da61f81f0117",26.2925,-97.296111,100,NA,NA,NA,0.15,0.15,"2006-05-01T15:49",1,5,2006,2225642,2225642,"HUMAN_OBSERVATION","TPWD","Lower Laguna Madre Bag Seine",NA,NA,"",NA,"CC0_1_0","","",NA,NA,2025-02-06 20:42:40.229,"","CONTINENT_DERIVED_FROM_COORDINATES"
3404095579,"836204c6-f8ca-49f3-be9a-afbae64ae72c","Station_207_Date_07MAR2006:12:29:00.000_Callinectes_similis","Animalia","Arthropoda","Malacostraca","Decapoda","Portunidae","Callinectes","Callinectes similis",NA,"SPECIES","Callinectes similis Williams, 1966","Callinectes similis","A.B. Williams, 1966","US","Lower Laguna Madre Estuary","Texas","PRESENT",NA,"c3ad790a-d426-4ac1-8e32-da61f81f0117",26.32,-97.312778,100,NA,NA,NA,0.15,0.15,"2006-03-07T12:29",7,3,2006,2225642,2225642,"HUMAN_OBSERVATION","TPWD","Lower Laguna Madre Bag Seine",NA,NA,"",NA,"CC0_1_0","","",NA,NA,2025-02-06 20:42:40.194,"","CONTINENT_DERIVED_FROM_COORDINATES"
3404095526,"836204c6-f8ca-49f3-be9a-afbae64ae72c","Station_198_Date_10APR2006:13:17:00.000_Callinectes_similis","Animalia","Arthropoda","Malacostraca","Decapoda","Portunidae","Callinectes","Callinectes similis",NA,"SPECIES","Callinectes similis Williams, 1966","Callinectes similis","A.B. Williams, 1966","US","Lower Laguna Madre Estuary","Texas","PRESENT",NA,"c3ad790a-d426-4ac1-8e32-da61f81f0117",26.349444,-97.322778,100,NA,NA,NA,0.15,0.15,"2006-04-10T13:17",10,4,2006,2225642,2225642,"HUMAN_OBSERVATION","TPWD","Lower Laguna Madre Bag Seine",NA,NA,"",NA,"CC0_1_0","","",NA,NA,2025-02-06 20:42:40.176,"","CONTINENT_DERIVED_FROM_COORDINATES"
3404095196,"836204c6-f8ca-49f3-be9a-afbae64ae72c","Station_275_Date_28MAY2007:13:40:00.000_Callinectes_similis","Animalia","Arthropoda","Malacostraca","Decapoda","Portunidae","Callinectes","Callinectes similis",NA,"SPECIES","Callinectes similis Williams, 1966","Callinectes similis","A.B. Williams, 1966","US","Lower Laguna Madre Estuary","Texas","PRESENT",NA,"c3ad790a-d426-4ac1-8e32-da61f81f0117",26.1875,-97.294444,100,NA,NA,NA,0.25,0.15,"2007-05-28T13:40",28,5,2007,2225642,2225642,"HUMAN_OBSERVATION","TPWD","Lower Laguna Madre Bag Seine",NA,NA,"",NA,"CC0_1_0","","",NA,NA,2025-02-06 20:42:39.18,"","CONTINENT_DERIVED_FROM_COORDINATES"
3404095152,"836204c6-f8ca-49f3-be9a-afbae64ae72c","Station_270_Date_23OCT2006:16:25:00.000_Callinectes_similis","Animalia","Arthropoda","Malacostraca","Decapoda","Portunidae","Callinectes","Callinectes similis",NA,"SPECIES","Callinectes similis Williams, 1966","Callinectes similis","A.B. Williams, 1966","US","Lower Laguna Madre Estuary","Texas","PRESENT",NA,"c3ad790a-d426-4ac1-8e32-da61f81f0117",26.201667,-97.264722,100,NA,NA,NA,0.1,0.1,"2006-10-23T16:25",23,10,2006,2225642,2225642,"HUMAN_OBSERVATION","TPWD","Lower Laguna Madre Bag Seine",NA,NA,"",NA,"CC0_1_0","","",NA,NA,2025-02-06 20:42:39.174,"","CONTINENT_DERIVED_FROM_COORDINATES"
3404094666,"836204c6-f8ca-49f3-be9a-afbae64ae72c","Station_198_Date_03NOV2008:15:28:00.000_Callinectes_similis","Animalia","Arthropoda","Malacostraca","Decapoda","Portunidae","Callinectes","Callinectes similis",NA,"SPECIES","Callinectes similis Williams, 1966","Callinectes similis","A.B. Williams, 1966","US","Lower Laguna Madre Estuary","Texas","PRESENT",NA,"c3ad790a-d426-4ac1-8e32-da61f81f0117",26.343056,-97.319722,100,NA,NA,NA,0.15,0.15,"2008-11-03T15:28",3,11,2008,2225642,2225642,"HUMAN_OBSERVATION","TPWD","Lower Laguna Madre Bag Seine",NA,NA,"",NA,"CC0_1_0","","",NA,NA,2025-02-06 20:42:39.113,"","CONTINENT_DERIVED_FROM_COORDINATES"
3404094604,"836204c6-f8ca-49f3-be9a-afbae64ae72c","Station_178_Date_03DEC2007:13:13:00.000_Callinectes_similis","Animalia","Arthropoda","Malacostraca","Decapoda","Portunidae","Callinectes","Callinectes similis",NA,"SPECIES","Callinectes similis Williams, 1966","Callinectes similis","A.B. Williams, 1966","US","Lower Laguna Madre Estuary","Texas","PRESENT",NA,"c3ad790a-d426-4ac1-8e32-da61f81f0117",26.372778,-97.329722,100,NA,NA,NA,0.2,0.1,"2007-12-03T13:13",3,12,2007,2225642,2225642,"HUMAN_OBSERVATION","TPWD","Lower Laguna Madre Bag Seine",NA,NA,"",NA,"CC0_1_0","","",NA,NA,2025-02-06 20:42:39.105,"","CONTINENT_DERIVED_FROM_COORDINATES"
3404094414,"836204c6-f8ca-49f3-be9a-afbae64ae72c","Station_146_Date_18NOV2006:12:33:00.000_Callinectes_similis","Animalia","Arthropoda","Malacostraca","Decapoda","Portunidae","Callinectes","Callinectes similis",NA,"SPECIES","Callinectes similis Williams, 1966","Callinectes similis","A.B. Williams, 1966","US","Lower Laguna Madre Estuary","Texas","PRESENT",NA,"c3ad790a-d426-4ac1-8e32-da61f81f0117",26.444444,-97.364444,100,NA,NA,NA,0.2,0.2,"2006-11-18T12:33",18,11,2006,2225642,2225642,"HUMAN_OBSERVATION","TPWD","Lower Laguna Madre Bag Seine",NA,NA,"",NA,"CC0_1_0","","",NA,NA,2025-02-06 20:42:39.084,"","CONTINENT_DERIVED_FROM_COORDINATES"
3404094296,"836204c6-f8ca-49f3-be9a-afbae64ae72c","Station_301_Date_25JUN2008:10:13:00.000_Callinectes_similis","Animalia","Arthropoda","Malacostraca","Decapoda","Portunidae","Callinectes","Callinectes similis",NA,"SPECIES","Callinectes similis Williams, 1966","Callinectes similis","A.B. Williams, 1966","US","Lower Laguna Madre Estuary","Texas","PRESENT",NA,"c3ad790a-d426-4ac1-8e32-da61f81f0117",26.143611,-97.277222,100,NA,NA,NA,0.15,0.15,"2008-06-25T10:13",25,6,2008,2225642,2225642,"HUMAN_OBSERVATION","TPWD","Lower Laguna Madre Bag Seine",NA,NA,"",NA,"CC0_1_0","","",NA,NA,2025-02-06 20:42:39.443,"","CONTINENT_DERIVED_FROM_COORDINATES"
3404094215,"836204c6-f8ca-49f3-be9a-afbae64ae72c","Station_292_Date_04NOV2008:16:28:00.000_Callinectes_similis","Animalia","Arthropoda","Malacostraca","Decapoda","Portunidae","Callinectes","Callinectes similis",NA,"SPECIES","Callinectes similis Williams, 1966","Callinectes similis","A.B. Williams, 1966","US","Lower Laguna Madre Estuary","Texas","PRESENT",NA,"c3ad790a-d426-4ac1-8e32-da61f81f0117",26.154167,-97.298056,100,NA,NA,NA,0.15,0.15,"2008-11-04T16:28",4,11,2008,2225642,2225642,"HUMAN_OBSERVATION","TPWD","Lower Laguna Madre Bag Seine",NA,NA,"",NA,"CC0_1_0","","",NA,NA,2025-02-06 20:42:39.424,"","CONTINENT_DERIVED_FROM_COORDINATES"
3404094128,"836204c6-f8ca-49f3-be9a-afbae64ae72c","Station_282_Date_17JUL2008:11:08:00.000_Callinectes_similis","Animalia","Arthropoda","Malacostraca","Decapoda","Portunidae","Callinectes","Callinectes similis",NA,"SPECIES","Callinectes similis Williams, 1966","Callinectes similis","A.B. Williams, 1966","US","Lower Laguna Madre Estuary","Texas","PRESENT",NA,"c3ad790a-d426-4ac1-8e32-da61f81f0117",26.172222,-97.3025,100,NA,NA,NA,0.15,0.15,"2008-07-17T11:08",17,7,2008,2225642,2225642,"HUMAN_OBSERVATION","TPWD","Lower Laguna Madre Bag Seine",NA,NA,"",NA,"CC0_1_0","","",NA,NA,2025-02-06 20:42:39.413,"","CONTINENT_DERIVED_FROM_COORDINATES"
3404094124,"836204c6-f8ca-49f3-be9a-afbae64ae72c","Station_282_Date_16DEC2006:13:13:00.000_Callinectes_similis","Animalia","Arthropoda","Malacostraca","Decapoda","Portunidae","Callinectes","Callinectes similis",NA,"SPECIES","Callinectes similis Williams, 1966","Callinectes similis","A.B. Williams, 1966","US","Lower Laguna Madre Estuary","Texas","PRESENT",NA,"c3ad790a-d426-4ac1-8e32-da61f81f0117",26.175,-97.300833,100,NA,NA,NA,0.1,0.1,"2006-12-16T13:13",16,12,2006,2225642,2225642,"HUMAN_OBSERVATION","TPWD","Lower Laguna Madre Bag Seine",NA,NA,"",NA,"CC0_1_0","","",NA,NA,2025-02-06 20:42:39.412,"","CONTINENT_DERIVED_FROM_COORDINATES"
3404093624,"836204c6-f8ca-49f3-be9a-afbae64ae72c","Station_198_Date_01APR2008:14:59:00.000_Callinectes_similis","Animalia","Arthropoda","Malacostraca","Decapoda","Portunidae","Callinectes","Callinectes similis",NA,"SPECIES","Callinectes similis Williams, 1966","Callinectes similis","A.B. Williams, 1966","US","Lower Laguna Madre Estuary","Texas","PRESENT",NA,"c3ad790a-d426-4ac1-8e32-da61f81f0117",26.349167,-97.322222,100,NA,NA,NA,0.2,0.2,"2008-04-01T14:59",1,4,2008,2225642,2225642,"HUMAN_OBSERVATION","TPWD","Lower Laguna Madre Bag Seine",NA,NA,"",NA,"CC0_1_0","","",NA,NA,2025-02-06 20:42:39.33,"","CONTINENT_DERIVED_FROM_COORDINATES"
3404092805,"836204c6-f8ca-49f3-be9a-afbae64ae72c","Station_349_Date_21MAR2006:12:59:00.000_Callinectes_similis","Animalia","Arthropoda","Malacostraca","Decapoda","Portunidae","Callinectes","Callinectes similis",NA,"SPECIES","Callinectes similis Williams, 1966","Callinectes similis","A.B. Williams, 1966","US","Lower Laguna Madre Estuary","Texas","PRESENT",NA,"c3ad790a-d426-4ac1-8e32-da61f81f0117",26.068611,-97.162778,100,NA,NA,NA,0.4,0.4,"2006-03-21T12:59",21,3,2006,2225642,2225642,"HUMAN_OBSERVATION","TPWD","Lower Laguna Madre Bag Seine",NA,NA,"",NA,"CC0_1_0","","",NA,NA,2025-02-06 20:42:40.585,"","CONTINENT_DERIVED_FROM_COORDINATES"
3404092541,"836204c6-f8ca-49f3-be9a-afbae64ae72c","Station_328_Date_13MAY2008:17:08:00.000_Callinectes_similis","Animalia","Arthropoda","Malacostraca","Decapoda","Portunidae","Callinectes","Callinectes similis",NA,"SPECIES","Callinectes similis Williams, 1966","Callinectes similis","A.B. Williams, 1966","US","Lower Laguna Madre Estuary","Texas","PRESENT",NA,"c3ad790a-d426-4ac1-8e32-da61f81f0117",26.098611,-97.284444,100,NA,NA,NA,0.15,0.15,"2008-05-13T17:08",13,5,2008,2225642,2225642,"HUMAN_OBSERVATION","TPWD","Lower Laguna Madre Bag Seine",NA,NA,"",NA,"CC0_1_0","","",NA,NA,2025-02-06 20:42:40.508,"","CONTINENT_DERIVED_FROM_COORDINATES"
3404091996,"836204c6-f8ca-49f3-be9a-afbae64ae72c","Station_385_Date_14JUN2005:18:21:00.000_Callinectes_similis","Animalia","Arthropoda","Malacostraca","Decapoda","Portunidae","Callinectes","Callinectes similis",NA,"SPECIES","Callinectes similis Williams, 1966","Callinectes similis","A.B. Williams, 1966","US","Lower Laguna Madre Estuary","Texas","PRESENT",NA,"c3ad790a-d426-4ac1-8e32-da61f81f0117",26.017222,-97.186944,100,NA,NA,NA,0.25,0.25,"2005-06-14T18:21",14,6,2005,2225642,2225642,"HUMAN_OBSERVATION","TPWD","Lower Laguna Madre Bag Seine",NA,NA,"",NA,"CC0_1_0","","",NA,NA,2025-02-06 20:42:39.301,"","CONTINENT_DERIVED_FROM_COORDINATES"
3404091903,"836204c6-f8ca-49f3-be9a-afbae64ae72c","Station_361_Date_10DEC2007:12:53:00.000_Callinectes_similis","Animalia","Arthropoda","Malacostraca","Decapoda","Portunidae","Callinectes","Callinectes similis",NA,"SPECIES","Callinectes similis Williams, 1966","Callinectes similis","A.B. Williams, 1966","US","Lower Laguna Madre Estuary","Texas","PRESENT",NA,"c3ad790a-d426-4ac1-8e32-da61f81f0117",26.055278,-97.180556,100,NA,NA,NA,0.2,0.2,"2007-12-10T12:53",10,12,2007,2225642,2225642,"HUMAN_OBSERVATION","TPWD","Lower Laguna Madre Bag Seine",NA,NA,"",NA,"CC0_1_0","","",NA,NA,2025-02-06 20:42:39.279,"","CONTINENT_DERIVED_FROM_COORDINATES"
3404091820,"836204c6-f8ca-49f3-be9a-afbae64ae72c","Station_348_Date_23APR2007:15:29:00.000_Callinectes_similis","Animalia","Arthropoda","Malacostraca","Decapoda","Portunidae","Callinectes","Callinectes similis",NA,"SPECIES","Callinectes similis Williams, 1966","Callinectes similis","A.B. Williams, 1966","US","Lower Laguna Madre Estuary","Texas","PRESENT",NA,"c3ad790a-d426-4ac1-8e32-da61f81f0117",26.081111,-97.171389,100,NA,NA,NA,0.2,0.2,"2007-04-23T15:29",23,4,2007,2225642,2225642,"HUMAN_OBSERVATION","TPWD","Lower Laguna Madre Bag Seine",NA,NA,"",NA,"CC0_1_0","","",NA,NA,2025-02-06 20:42:39.27,"","CONTINENT_DERIVED_FROM_COORDINATES"
3404091811,"836204c6-f8ca-49f3-be9a-afbae64ae72c","Station_348_Date_10JUL2007:13:41:00.000_Callinectes_similis","Animalia","Arthropoda","Malacostraca","Decapoda","Portunidae","Callinectes","Callinectes similis",NA,"SPECIES","Callinectes similis Williams, 1966","Callinectes similis","A.B. Williams, 1966","US","Lower Laguna Madre Estuary","Texas","PRESENT",NA,"c3ad790a-d426-4ac1-8e32-da61f81f0117",26.078611,-97.168889,100,NA,NA,NA,0.25,0.15,"2007-07-10T13:41",10,7,2007,2225642,2225642,"HUMAN_OBSERVATION","TPWD","Lower Laguna Madre Bag Seine",NA,NA,"",NA,"CC0_1_0","","",NA,NA,2025-02-06 20:42:39.268,"","CONTINENT_DERIVED_FROM_COORDINATES"
3404091735,"836204c6-f8ca-49f3-be9a-afbae64ae72c","Station_344_Date_15OCT2008:17:39:00.000_Callinectes_similis","Animalia","Arthropoda","Malacostraca","Decapoda","Portunidae","Callinectes","Callinectes similis",NA,"SPECIES","Callinectes similis Williams, 1966","Callinectes similis","A.B. Williams, 1966","US","Lower Laguna Madre Estuary","Texas","PRESENT",NA,"c3ad790a-d426-4ac1-8e32-da61f81f0117",26.079722,-97.243611,100,NA,NA,NA,0.25,0.15,"2008-10-15T17:39",15,10,2008,2225642,2225642,"HUMAN_OBSERVATION","TPWD","Lower Laguna Madre Bag Seine",NA,NA,"",NA,"CC0_1_0","","",NA,NA,2025-02-06 20:42:39.257,"","CONTINENT_DERIVED_FROM_COORDINATES"
3404091635,"836204c6-f8ca-49f3-be9a-afbae64ae72c","Station_329_Date_06JUN2006:16:38:00.000_Callinectes_similis","Animalia","Arthropoda","Malacostraca","Decapoda","Portunidae","Callinectes","Callinectes similis",NA,"SPECIES","Callinectes similis Williams, 1966","Callinectes similis","A.B. Williams, 1966","US","Lower Laguna Madre Estuary","Texas","PRESENT",NA,"c3ad790a-d426-4ac1-8e32-da61f81f0117",26.085833,-97.2675,100,NA,NA,NA,0.2,0.2,"2006-06-06T16:38",6,6,2006,2225642,2225642,"HUMAN_OBSERVATION","TPWD","Lower Laguna Madre Bag Seine",NA,NA,"",NA,"CC0_1_0","","",NA,NA,2025-02-06 20:42:39.243,"","CONTINENT_DERIVED_FROM_COORDINATES"
3404091434,"836204c6-f8ca-49f3-be9a-afbae64ae72c","Station_307_Date_21JUL2005:13:31:00.000_Callinectes_similis","Animalia","Arthropoda","Malacostraca","Decapoda","Portunidae","Callinectes","Callinectes similis",NA,"SPECIES","Callinectes similis Williams, 1966","Callinectes similis","A.B. Williams, 1966","US","Lower Laguna Madre Estuary","Texas","PRESENT",NA,"c3ad790a-d426-4ac1-8e32-da61f81f0117",26.147778,-97.181944,100,NA,NA,NA,0.15,0.15,"2005-07-21T13:31",21,7,2005,2225642,2225642,"HUMAN_OBSERVATION","TPWD","Lower Laguna Madre Bag Seine",NA,NA,"",NA,"CC0_1_0","","",NA,NA,2025-02-06 20:42:39.219,"","CONTINENT_DERIVED_FROM_COORDINATES"
3404090973,"836204c6-f8ca-49f3-be9a-afbae64ae72c","Station_373_Date_11JUL2005:14:03:00.000_Callinectes_similis","Animalia","Arthropoda","Malacostraca","Decapoda","Portunidae","Callinectes","Callinectes similis",NA,"SPECIES","Callinectes similis Williams, 1966","Callinectes similis","A.B. Williams, 1966","US","Lower Laguna Madre Estuary","Texas","PRESENT",NA,"c3ad790a-d426-4ac1-8e32-da61f81f0117",26.045278,-97.198611,100,NA,NA,NA,0.1,0.1,"2005-07-11T14:03",11,7,2005,2225642,2225642,"HUMAN_OBSERVATION","TPWD","Lower Laguna Madre Bag Seine",NA,NA,"",NA,"CC0_1_0","","",NA,NA,2025-02-06 20:42:40.511,"","CONTINENT_DERIVED_FROM_COORDINATES"
3404090939,"836204c6-f8ca-49f3-be9a-afbae64ae72c","Station_361_Date_21MAR2006:13:35:00.000_Callinectes_similis","Animalia","Arthropoda","Malacostraca","Decapoda","Portunidae","Callinectes","Callinectes similis",NA,"SPECIES","Callinectes similis Williams, 1966","Callinectes similis","A.B. Williams, 1966","US","Lower Laguna Madre Estuary","Texas","PRESENT",NA,"c3ad790a-d426-4ac1-8e32-da61f81f0117",26.055556,-97.178611,100,NA,NA,NA,0.1,0.1,"2006-03-21T13:35",21,3,2006,2225642,2225642,"HUMAN_OBSERVATION","TPWD","Lower Laguna Madre Bag Seine",NA,NA,"",NA,"CC0_1_0","","",NA,NA,2025-02-06 20:42:40.502,"","CONTINENT_DERIVED_FROM_COORDINATES"
3404090900,"836204c6-f8ca-49f3-be9a-afbae64ae72c","Station_360_Date_13NOV2006:16:11:00.000_Callinectes_similis","Animalia","Arthropoda","Malacostraca","Decapoda","Portunidae","Callinectes","Callinectes similis",NA,"SPECIES","Callinectes similis Williams, 1966","Callinectes similis","A.B. Williams, 1966","US","Lower Laguna Madre Estuary","Texas","PRESENT",NA,"c3ad790a-d426-4ac1-8e32-da61f81f0117",26.050556,-97.196111,100,NA,NA,NA,0.15,0.15,"2006-11-13T16:11",13,11,2006,2225642,2225642,"HUMAN_OBSERVATION","TPWD","Lower Laguna Madre Bag Seine",NA,NA,"",NA,"CC0_1_0","","",NA,NA,2025-02-06 20:42:40.493,"","CONTINENT_DERIVED_FROM_COORDINATES"
3404090879,"836204c6-f8ca-49f3-be9a-afbae64ae72c","Station_360_Date_02OCT2006:11:11:00.000_Callinectes_similis","Animalia","Arthropoda","Malacostraca","Decapoda","Portunidae","Callinectes","Callinectes similis",NA,"SPECIES","Callinectes similis Williams, 1966","Callinectes similis","A.B. Williams, 1966","US","Lower Laguna Madre Estuary","Texas","PRESENT",NA,"c3ad790a-d426-4ac1-8e32-da61f81f0117",26.055556,-97.193611,100,NA,NA,NA,0.15,0.15,"2006-10-02T11:11",2,10,2006,2225642,2225642,"HUMAN_OBSERVATION","TPWD","Lower Laguna Madre Bag Seine",NA,NA,"",NA,"CC0_1_0","","",NA,NA,2025-02-06 20:42:40.489,"","CONTINENT_DERIVED_FROM_COORDINATES"
3404090012,"836204c6-f8ca-49f3-be9a-afbae64ae72c","Station_374_Date_02OCT2006:11:42:00.000_Callinectes_similis","Animalia","Arthropoda","Malacostraca","Decapoda","Portunidae","Callinectes","Callinectes similis",NA,"SPECIES","Callinectes similis Williams, 1966","Callinectes similis","A.B. Williams, 1966","US","Lower Laguna Madre Estuary","Texas","PRESENT",NA,"c3ad790a-d426-4ac1-8e32-da61f81f0117",26.049722,-97.181944,100,NA,NA,NA,0.15,0.15,"2006-10-02T11:42",2,10,2006,2225642,2225642,"HUMAN_OBSERVATION","TPWD","Lower Laguna Madre Bag Seine",NA,NA,"",NA,"CC0_1_0","","",NA,NA,2025-02-06 20:42:40.977,"","CONTINENT_DERIVED_FROM_COORDINATES"
3404089840,"836204c6-f8ca-49f3-be9a-afbae64ae72c","Station_348_Date_06AUG2007:12:35:00.000_Callinectes_similis","Animalia","Arthropoda","Malacostraca","Decapoda","Portunidae","Callinectes","Callinectes similis",NA,"SPECIES","Callinectes similis Williams, 1966","Callinectes similis","A.B. Williams, 1966","US","Lower Laguna Madre Estuary","Texas","PRESENT",NA,"c3ad790a-d426-4ac1-8e32-da61f81f0117",26.081111,-97.170833,100,NA,NA,NA,0.05,0.05,"2007-08-06T12:35",6,8,2007,2225642,2225642,"HUMAN_OBSERVATION","TPWD","Lower Laguna Madre Bag Seine",NA,NA,"",NA,"CC0_1_0","","",NA,NA,2025-02-06 20:42:40.935,"","CONTINENT_DERIVED_FROM_COORDINATES"
3404089742,"836204c6-f8ca-49f3-be9a-afbae64ae72c","Station_344_Date_14MAR2007:11:18:00.000_Callinectes_similis","Animalia","Arthropoda","Malacostraca","Decapoda","Portunidae","Callinectes","Callinectes similis",NA,"SPECIES","Callinectes similis Williams, 1966","Callinectes similis","A.B. Williams, 1966","US","Lower Laguna Madre Estuary","Texas","PRESENT",NA,"c3ad790a-d426-4ac1-8e32-da61f81f0117",26.081667,-97.244444,100,NA,NA,NA,0.1,0.1,"2007-03-14T11:18",14,3,2007,2225642,2225642,"HUMAN_OBSERVATION","TPWD","Lower Laguna Madre Bag Seine",NA,NA,"",NA,"CC0_1_0","","",NA,NA,2025-02-06 20:42:40.912,"","CONTINENT_DERIVED_FROM_COORDINATES"
3404089038,"836204c6-f8ca-49f3-be9a-afbae64ae72c","Station_385_Date_19MAR2008:12:18:00.000_Callinectes_similis","Animalia","Arthropoda","Malacostraca","Decapoda","Portunidae","Callinectes","Callinectes similis",NA,"SPECIES","Callinectes similis Williams, 1966","Callinectes similis","A.B. Williams, 1966","US","Lower Laguna Madre Estuary","Texas","PRESENT",NA,"c3ad790a-d426-4ac1-8e32-da61f81f0117",26.017778,-97.188056,100,NA,NA,NA,0.2,0.2,"2008-03-19T12:18",19,3,2008,2225642,2225642,"HUMAN_OBSERVATION","TPWD","Lower Laguna Madre Bag Seine",NA,NA,"",NA,"CC0_1_0","","",NA,NA,2025-02-06 20:42:39.557,"","CONTINENT_DERIVED_FROM_COORDINATES"
3404088973,"836204c6-f8ca-49f3-be9a-afbae64ae72c","Station_373_Date_12JAN2005:13:28:00.000_Callinectes_similis","Animalia","Arthropoda","Malacostraca","Decapoda","Portunidae","Callinectes","Callinectes similis",NA,"SPECIES","Callinectes similis Williams, 1966","Callinectes similis","A.B. Williams, 1966","US","Lower Laguna Madre Estuary","Texas","PRESENT",NA,"c3ad790a-d426-4ac1-8e32-da61f81f0117",26.045278,-97.199167,100,NA,NA,NA,0.2,0.2,"2005-01-12T13:28",12,1,2005,2225642,2225642,"HUMAN_OBSERVATION","TPWD","Lower Laguna Madre Bag Seine",NA,NA,"",NA,"CC0_1_0","","",NA,NA,2025-02-06 20:42:39.547,"","CONTINENT_DERIVED_FROM_COORDINATES"
3404088738,"836204c6-f8ca-49f3-be9a-afbae64ae72c","Station_344_Date_05APR2005:12:09:00.000_Callinectes_similis","Animalia","Arthropoda","Malacostraca","Decapoda","Portunidae","Callinectes","Callinectes similis",NA,"SPECIES","Callinectes similis Williams, 1966","Callinectes similis","A.B. Williams, 1966","US","Lower Laguna Madre Estuary","Texas","PRESENT",NA,"c3ad790a-d426-4ac1-8e32-da61f81f0117",26.080556,-97.248333,100,NA,NA,NA,0.15,0.15,"2005-04-05T12:09",5,4,2005,2225642,2225642,"HUMAN_OBSERVATION","TPWD","Lower Laguna Madre Bag Seine",NA,NA,"",NA,"CC0_1_0","","",NA,NA,2025-02-06 20:42:39.513,"","CONTINENT_DERIVED_FROM_COORDINATES"
3404088429,"836204c6-f8ca-49f3-be9a-afbae64ae72c","Station_309_Date_14MAR2007:12:18:00.000_Callinectes_similis","Animalia","Arthropoda","Malacostraca","Decapoda","Portunidae","Callinectes","Callinectes similis",NA,"SPECIES","Callinectes similis Williams, 1966","Callinectes similis","A.B. Williams, 1966","US","Lower Laguna Madre Estuary","Texas","PRESENT",NA,"c3ad790a-d426-4ac1-8e32-da61f81f0117",26.132222,-97.288889,100,NA,NA,NA,0.15,0.15,"2007-03-14T12:18",14,3,2007,2225642,2225642,"HUMAN_OBSERVATION","TPWD","Lower Laguna Madre Bag Seine",NA,NA,"",NA,"CC0_1_0","","",NA,NA,2025-02-06 20:42:39.457,"","CONTINENT_DERIVED_FROM_COORDINATES"
3404087956,"836204c6-f8ca-49f3-be9a-afbae64ae72c","Station_87_Date_21OCT2008:15:53:00.000_Callinectes_similis","Animalia","Arthropoda","Malacostraca","Decapoda","Portunidae","Callinectes","Callinectes similis",NA,"SPECIES","Callinectes similis Williams, 1966","Callinectes similis","A.B. Williams, 1966","US","Lower Laguna Madre Estuary","Texas","PRESENT",NA,"c3ad790a-d426-4ac1-8e32-da61f81f0117",26.559167,-97.424167,100,NA,NA,NA,0.2,0.2,"2008-10-21T15:53",21,10,2008,2225642,2225642,"HUMAN_OBSERVATION","TPWD","Lower Laguna Madre Bag Seine",NA,NA,"",NA,"CC0_1_0","","",NA,NA,2025-02-06 20:42:40.063,"","CONTINENT_DERIVED_FROM_COORDINATES"
3404087868,"836204c6-f8ca-49f3-be9a-afbae64ae72c","Station_74_Date_07MAR2005:13:32:00.000_Callinectes_similis","Animalia","Arthropoda","Malacostraca","Decapoda","Portunidae","Callinectes","Callinectes similis",NA,"SPECIES","Callinectes similis Williams, 1966","Callinectes similis","A.B. Williams, 1966","US","Lower Laguna Madre Estuary","Texas","PRESENT",NA,"c3ad790a-d426-4ac1-8e32-da61f81f0117",26.585,-97.433056,100,NA,NA,NA,0.2,0.2,"2005-03-07T13:32",7,3,2005,2225642,2225642,"HUMAN_OBSERVATION","TPWD","Lower Laguna Madre Bag Seine",NA,NA,"",NA,"CC0_1_0","","",NA,NA,2025-02-06 20:42:40.039,"","CONTINENT_DERIVED_FROM_COORDINATES"
3404087717,"836204c6-f8ca-49f3-be9a-afbae64ae72c","Station_47_Date_25APR2005:17:11:00.000_Callinectes_similis","Animalia","Arthropoda","Malacostraca","Decapoda","Portunidae","Callinectes","Callinectes similis",NA,"SPECIES","Callinectes similis Williams, 1966","Callinectes similis","A.B. Williams, 1966","US","Lower Laguna Madre Estuary","Texas","PRESENT",NA,"c3ad790a-d426-4ac1-8e32-da61f81f0117",26.660556,-97.453889,100,NA,NA,NA,0.15,0.15,"2005-04-25T17:11",25,4,2005,2225642,2225642,"HUMAN_OBSERVATION","TPWD","Lower Laguna Madre Bag Seine",NA,NA,"",NA,"CC0_1_0","","",NA,NA,2025-02-06 20:42:39.989,"","CONTINENT_DERIVED_FROM_COORDINATES"
3404086900,"836204c6-f8ca-49f3-be9a-afbae64ae72c","Station_90_Date_21OCT2008:15:44:00.000_Callinectes_similis","Animalia","Arthropoda","Malacostraca","Decapoda","Portunidae","Callinectes","Callinectes similis",NA,"SPECIES","Callinectes similis Williams, 1966","Callinectes similis","A.B. Williams, 1966","US","Lower Laguna Madre Estuary","Texas","PRESENT",NA,"c3ad790a-d426-4ac1-8e32-da61f81f0117",26.555556,-97.373611,100,NA,NA,NA,0.25,0.25,"2008-10-21T15:44",21,10,2008,2225642,2225642,"HUMAN_OBSERVATION","TPWD","Lower Laguna Madre Bag Seine",NA,NA,"",NA,"CC0_1_0","","",NA,NA,2025-02-06 20:42:40.436,"","CONTINENT_DERIVED_FROM_COORDINATES"
3404086851,"836204c6-f8ca-49f3-be9a-afbae64ae72c","Station_88_Date_21MAY2007:16:39:00.000_Callinectes_similis","Animalia","Arthropoda","Malacostraca","Decapoda","Portunidae","Callinectes","Callinectes similis",NA,"SPECIES","Callinectes similis Williams, 1966","Callinectes similis","A.B. Williams, 1966","US","Lower Laguna Madre Estuary","Texas","PRESENT",NA,"c3ad790a-d426-4ac1-8e32-da61f81f0117",26.563056,-97.400278,100,NA,NA,NA,0.15,0.15,"2007-05-21T16:39",21,5,2007,2225642,2225642,"HUMAN_OBSERVATION","TPWD","Lower Laguna Madre Bag Seine",NA,NA,"",NA,"CC0_1_0","","",NA,NA,2025-02-06 20:42:40.423,"","CONTINENT_DERIVED_FROM_COORDINATES"
3404086781,"836204c6-f8ca-49f3-be9a-afbae64ae72c","Station_80_Date_16MAR2006:11:47:00.000_Callinectes_similis","Animalia","Arthropoda","Malacostraca","Decapoda","Portunidae","Callinectes","Callinectes similis",NA,"SPECIES","Callinectes similis Williams, 1966","Callinectes similis","A.B. Williams, 1966","US","Lower Laguna Madre Estuary","Texas","PRESENT",NA,"c3ad790a-d426-4ac1-8e32-da61f81f0117",26.579167,-97.429722,100,NA,NA,NA,0.2,0.2,"2006-03-16T11:47",16,3,2006,2225642,2225642,"HUMAN_OBSERVATION","TPWD","Lower Laguna Madre Bag Seine",NA,NA,"",NA,"CC0_1_0","","",NA,NA,2025-02-06 20:42:40.406,"","CONTINENT_DERIVED_FROM_COORDINATES"
3404086518,"836204c6-f8ca-49f3-be9a-afbae64ae72c","Station_42_Date_08NOV2006:11:38:00.000_Callinectes_similis","Animalia","Arthropoda","Malacostraca","Decapoda","Portunidae","Callinectes","Callinectes similis",NA,"SPECIES","Callinectes similis Williams, 1966","Callinectes similis","A.B. Williams, 1966","US","Lower Laguna Madre Estuary","Texas","PRESENT",NA,"c3ad790a-d426-4ac1-8e32-da61f81f0117",26.675833,-97.457222,100,NA,NA,NA,0.35,0.25,"2006-11-08T11:38",8,11,2006,2225642,2225642,"HUMAN_OBSERVATION","TPWD","Lower Laguna Madre Bag Seine",NA,NA,"",NA,"CC0_1_0","","",NA,NA,2025-02-06 20:42:40.327,"","CONTINENT_DERIVED_FROM_COORDINATES"
3404086199,"836204c6-f8ca-49f3-be9a-afbae64ae72c","Station_129_Date_02MAR2006:11:11:00.000_Callinectes_similis","Animalia","Arthropoda","Malacostraca","Decapoda","Portunidae","Callinectes","Callinectes similis",NA,"SPECIES","Callinectes similis Williams, 1966","Callinectes similis","A.B. Williams, 1966","US","Lower Laguna Madre Estuary","Texas","PRESENT",NA,"c3ad790a-d426-4ac1-8e32-da61f81f0117",26.473889,-97.38,100,NA,NA,NA,0.15,0.15,"2006-03-02T11:11",2,3,2006,2225642,2225642,"HUMAN_OBSERVATION","TPWD","Lower Laguna Madre Bag Seine",NA,NA,"",NA,"CC0_1_0","","",NA,NA,2025-02-06 20:42:40.087,"","CONTINENT_DERIVED_FROM_COORDINATES"
3404085630,"836204c6-f8ca-49f3-be9a-afbae64ae72c","Station_60_Date_07NOV2006:16:28:00.000_Callinectes_similis","Animalia","Arthropoda","Malacostraca","Decapoda","Portunidae","Callinectes","Callinectes similis",NA,"SPECIES","Callinectes similis Williams, 1966","Callinectes similis","A.B. Williams, 1966","US","Lower Laguna Madre Estuary","Texas","PRESENT",NA,"c3ad790a-d426-4ac1-8e32-da61f81f0117",26.622222,-97.446389,100,NA,NA,NA,0.25,0.15,"2006-11-07T16:28",7,11,2006,2225642,2225642,"HUMAN_OBSERVATION","TPWD","Lower Laguna Madre Bag Seine",NA,NA,"",NA,"CC0_1_0","","",NA,NA,2025-02-06 20:42:39.948,"","CONTINENT_DERIVED_FROM_COORDINATES"
3404085294,"836204c6-f8ca-49f3-be9a-afbae64ae72c","Station_119_Date_27JUN2005:13:59:00.000_Callinectes_similis","Animalia","Arthropoda","Malacostraca","Decapoda","Portunidae","Callinectes","Callinectes similis",NA,"SPECIES","Callinectes similis Williams, 1966","Callinectes similis","A.B. Williams, 1966","US","Lower Laguna Madre Estuary","Texas","PRESENT",NA,"c3ad790a-d426-4ac1-8e32-da61f81f0117",26.493889,-97.4075,100,NA,NA,NA,0.25,0.05,"2005-06-27T13:59",27,6,2005,2225642,2225642,"HUMAN_OBSERVATION","TPWD","Lower Laguna Madre Bag Seine",NA,NA,"",NA,"CC0_1_0","","",NA,NA,2025-02-06 20:42:39.06,"","CONTINENT_DERIVED_FROM_COORDINATES"
3404085248,"836204c6-f8ca-49f3-be9a-afbae64ae72c","Station_113_Date_18APR2006:16:53:00.000_Callinectes_similis","Animalia","Arthropoda","Malacostraca","Decapoda","Portunidae","Callinectes","Callinectes similis",NA,"SPECIES","Callinectes similis Williams, 1966","Callinectes similis","A.B. Williams, 1966","US","Lower Laguna Madre Estuary","Texas","PRESENT",NA,"c3ad790a-d426-4ac1-8e32-da61f81f0117",26.510278,-97.396389,100,NA,NA,NA,0.2,0.1,"2006-04-18T16:53",18,4,2006,2225642,2225642,"HUMAN_OBSERVATION","TPWD","Lower Laguna Madre Bag Seine",NA,NA,"",NA,"CC0_1_0","","",NA,NA,2025-02-06 20:42:39.056,"","CONTINENT_DERIVED_FROM_COORDINATES"
3404085170,"836204c6-f8ca-49f3-be9a-afbae64ae72c","Station_105_Date_17DEC2007:11:32:00.000_Callinectes_similis","Animalia","Arthropoda","Malacostraca","Decapoda","Portunidae","Callinectes","Callinectes similis",NA,"SPECIES","Callinectes similis Williams, 1966","Callinectes similis","A.B. Williams, 1966","US","Lower Laguna Madre Estuary","Texas","PRESENT",NA,"c3ad790a-d426-4ac1-8e32-da61f81f0117",26.525,-97.400833,100,NA,NA,NA,0.15,0.15,"2007-12-17T11:32",17,12,2007,2225642,2225642,"HUMAN_OBSERVATION","TPWD","Lower Laguna Madre Bag Seine",NA,NA,"",NA,"CC0_1_0","","",NA,NA,2025-02-06 20:42:39.047,"","CONTINENT_DERIVED_FROM_COORDINATES"
3404084999,"836204c6-f8ca-49f3-be9a-afbae64ae72c","Station_87_Date_21APR2008:14:54:00.000_Callinectes_similis","Animalia","Arthropoda","Malacostraca","Decapoda","Portunidae","Callinectes","Callinectes similis",NA,"SPECIES","Callinectes similis Williams, 1966","Callinectes similis","A.B. Williams, 1966","US","Lower Laguna Madre Estuary","Texas","PRESENT",NA,"c3ad790a-d426-4ac1-8e32-da61f81f0117",26.554722,-97.420278,100,NA,NA,NA,0.15,0.15,"2008-04-21T14:54",21,4,2008,2225642,2225642,"HUMAN_OBSERVATION","TPWD","Lower Laguna Madre Bag Seine",NA,NA,"",NA,"CC0_1_0","","",NA,NA,2025-02-06 20:42:39.025,"","CONTINENT_DERIVED_FROM_COORDINATES"
3404084984,"836204c6-f8ca-49f3-be9a-afbae64ae72c","Station_87_Date_02JUL2008:10:08:00.000_Callinectes_similis","Animalia","Arthropoda","Malacostraca","Decapoda","Portunidae","Callinectes","Callinectes similis",NA,"SPECIES","Callinectes similis Williams, 1966","Callinectes similis","A.B. Williams, 1966","US","Lower Laguna Madre Estuary","Texas","PRESENT",NA,"c3ad790a-d426-4ac1-8e32-da61f81f0117",26.555833,-97.424167,100,NA,NA,NA,0.15,0.15,"2008-07-02T10:08",2,7,2008,2225642,2225642,"HUMAN_OBSERVATION","TPWD","Lower Laguna Madre Bag Seine",NA,NA,"",NA,"CC0_1_0","","",NA,NA,2025-02-06 20:42:39.022,"","CONTINENT_DERIVED_FROM_COORDINATES"
3404084982,"836204c6-f8ca-49f3-be9a-afbae64ae72c","Station_80_Date_29SEP2008:17:51:00.000_Callinectes_similis","Animalia","Arthropoda","Malacostraca","Decapoda","Portunidae","Callinectes","Callinectes similis",NA,"SPECIES","Callinectes similis Williams, 1966","Callinectes similis","A.B. Williams, 1966","US","Lower Laguna Madre Estuary","Texas","PRESENT",NA,"c3ad790a-d426-4ac1-8e32-da61f81f0117",26.581111,-97.431944,100,NA,NA,NA,0.25,0.25,"2008-09-29T17:51",29,9,2008,2225642,2225642,"HUMAN_OBSERVATION","TPWD","Lower Laguna Madre Bag Seine",NA,NA,"",NA,"CC0_1_0","","",NA,NA,2025-02-06 20:42:39.022,"","CONTINENT_DERIVED_FROM_COORDINATES"
3404084930,"836204c6-f8ca-49f3-be9a-afbae64ae72c","Station_74_Date_25APR2005:16:13:00.000_Callinectes_similis","Animalia","Arthropoda","Malacostraca","Decapoda","Portunidae","Callinectes","Callinectes similis",NA,"SPECIES","Callinectes similis Williams, 1966","Callinectes similis","A.B. Williams, 1966","US","Lower Laguna Madre Estuary","Texas","PRESENT",NA,"c3ad790a-d426-4ac1-8e32-da61f81f0117",26.585833,-97.431389,100,NA,NA,NA,0.25,0.25,"2005-04-25T16:13",25,4,2005,2225642,2225642,"HUMAN_OBSERVATION","TPWD","Lower Laguna Madre Bag Seine",NA,NA,"",NA,"CC0_1_0","","",NA,NA,2025-02-06 20:42:39.016,"","CONTINENT_DERIVED_FROM_COORDINATES"
3404084885,"836204c6-f8ca-49f3-be9a-afbae64ae72c","Station_73_Date_10JUL2006:13:43:00.000_Callinectes_similis","Animalia","Arthropoda","Malacostraca","Decapoda","Portunidae","Callinectes","Callinectes similis",NA,"SPECIES","Callinectes similis Williams, 1966","Callinectes similis","A.B. Williams, 1966","US","Lower Laguna Madre Estuary","Texas","PRESENT",NA,"c3ad790a-d426-4ac1-8e32-da61f81f0117",26.596111,-97.436667,100,NA,NA,NA,0.2,0.2,"2006-07-10T13:43",10,7,2006,2225642,2225642,"HUMAN_OBSERVATION","TPWD","Lower Laguna Madre Bag Seine",NA,NA,"",NA,"CC0_1_0","","",NA,NA,2025-02-06 20:42:39.011,"","CONTINENT_DERIVED_FROM_COORDINATES"
3404084293,"836204c6-f8ca-49f3-be9a-afbae64ae72c","Station_120_Date_18APR2005:17:58:00.000_Callinectes_similis","Animalia","Arthropoda","Malacostraca","Decapoda","Portunidae","Callinectes","Callinectes similis",NA,"SPECIES","Callinectes similis Williams, 1966","Callinectes similis","A.B. Williams, 1966","US","Lower Laguna Madre Estuary","Texas","PRESENT",NA,"c3ad790a-d426-4ac1-8e32-da61f81f0117",26.493056,-97.389167,100,NA,NA,NA,0.15,0.15,"2005-04-18T17:58",18,4,2005,2225642,2225642,"HUMAN_OBSERVATION","TPWD","Lower Laguna Madre Bag Seine",NA,NA,"",NA,"CC0_1_0","","",NA,NA,2025-02-06 20:42:39.278,"","CONTINENT_DERIVED_FROM_COORDINATES"
3404084290,"836204c6-f8ca-49f3-be9a-afbae64ae72c","Station_120_Date_16APR2007:11:34:00.000_Callinectes_similis","Animalia","Arthropoda","Malacostraca","Decapoda","Portunidae","Callinectes","Callinectes similis",NA,"SPECIES","Callinectes similis Williams, 1966","Callinectes similis","A.B. Williams, 1966","US","Lower Laguna Madre Estuary","Texas","PRESENT",NA,"c3ad790a-d426-4ac1-8e32-da61f81f0117",26.494444,-97.389167,100,NA,NA,NA,0.1,0.1,"2007-04-16T11:34",16,4,2007,2225642,2225642,"HUMAN_OBSERVATION","TPWD","Lower Laguna Madre Bag Seine",NA,NA,"",NA,"CC0_1_0","","",NA,NA,2025-02-06 20:42:39.278,"","CONTINENT_DERIVED_FROM_COORDINATES"
3404084251,"836204c6-f8ca-49f3-be9a-afbae64ae72c","Station_119_Date_29APR2008:18:21:00.000_Callinectes_similis","Animalia","Arthropoda","Malacostraca","Decapoda","Portunidae","Callinectes","Callinectes similis",NA,"SPECIES","Callinectes similis Williams, 1966","Callinectes similis","A.B. Williams, 1966","US","Lower Laguna Madre Estuary","Texas","PRESENT",NA,"c3ad790a-d426-4ac1-8e32-da61f81f0117",26.498889,-97.406944,100,NA,NA,NA,0.4,0.4,"2008-04-29T18:21",29,4,2008,2225642,2225642,"HUMAN_OBSERVATION","TPWD","Lower Laguna Madre Bag Seine",NA,NA,"",NA,"CC0_1_0","","",NA,NA,2025-02-06 20:42:39.273,"","CONTINENT_DERIVED_FROM_COORDINATES"
3404084087,"836204c6-f8ca-49f3-be9a-afbae64ae72c","Station_104_Date_16APR2007:11:54:00.000_Callinectes_similis","Animalia","Arthropoda","Malacostraca","Decapoda","Portunidae","Callinectes","Callinectes similis",NA,"SPECIES","Callinectes similis Williams, 1966","Callinectes similis","A.B. Williams, 1966","US","Lower Laguna Madre Estuary","Texas","PRESENT",NA,"c3ad790a-d426-4ac1-8e32-da61f81f0117",26.519722,-97.4175,100,NA,NA,NA,0.2,0.2,"2007-04-16T11:54",16,4,2007,2225642,2225642,"HUMAN_OBSERVATION","TPWD","Lower Laguna Madre Bag Seine",NA,NA,"",NA,"CC0_1_0","","",NA,NA,2025-02-06 20:42:39.254,"","CONTINENT_DERIVED_FROM_COORDINATES"
3404084076,"836204c6-f8ca-49f3-be9a-afbae64ae72c","Station_104_Date_07MAR2005:11:51:00.000_Callinectes_similis","Animalia","Arthropoda","Malacostraca","Decapoda","Portunidae","Callinectes","Callinectes similis",NA,"SPECIES","Callinectes similis Williams, 1966","Callinectes similis","A.B. Williams, 1966","US","Lower Laguna Madre Estuary","Texas","PRESENT",NA,"c3ad790a-d426-4ac1-8e32-da61f81f0117",26.520833,-97.417222,100,NA,NA,NA,0.2,0.2,"2005-03-07T11:51",7,3,2005,2225642,2225642,"HUMAN_OBSERVATION","TPWD","Lower Laguna Madre Bag Seine",NA,NA,"",NA,"CC0_1_0","","",NA,NA,2025-02-06 20:42:39.253,"","CONTINENT_DERIVED_FROM_COORDINATES"
3404083697,"836204c6-f8ca-49f3-be9a-afbae64ae72c","Station_53_Date_21AUG2007:10:53:00.000_Callinectes_similis","Animalia","Arthropoda","Malacostraca","Decapoda","Portunidae","Callinectes","Callinectes similis",NA,"SPECIES","Callinectes similis Williams, 1966","Callinectes similis","A.B. Williams, 1966","US","Lower Laguna Madre Estuary","Texas","PRESENT",NA,"c3ad790a-d426-4ac1-8e32-da61f81f0117",26.649722,-97.450556,100,NA,NA,NA,0.2,0.2,"2007-08-21T10:53",21,8,2007,2225642,2225642,"HUMAN_OBSERVATION","TPWD","Lower Laguna Madre Bag Seine",NA,NA,"",NA,"CC0_1_0","","",NA,NA,2025-02-06 20:42:39.198,"","CONTINENT_DERIVED_FROM_COORDINATES"
3404082659,"836204c6-f8ca-49f3-be9a-afbae64ae72c","Station_199_Date_04FEB2008:14:12:00.000_Callinectes_similis","Animalia","Arthropoda","Malacostraca","Decapoda","Portunidae","Callinectes","Callinectes similis",NA,"SPECIES","Callinectes similis Williams, 1966","Callinectes similis","A.B. Williams, 1966","US","Lower Laguna Madre Estuary","Texas","PRESENT",NA,"c3ad790a-d426-4ac1-8e32-da61f81f0117",26.335833,-97.316111,100,NA,NA,NA,0.1,0.1,"2008-02-04T14:12",4,2,2008,2225642,2225642,"HUMAN_OBSERVATION","TPWD","Lower Laguna Madre Bag Seine",NA,NA,"",NA,"CC0_1_0","","",NA,NA,2025-02-06 20:42:40.259,"","CONTINENT_DERIVED_FROM_COORDINATES"
3404082476,"836204c6-f8ca-49f3-be9a-afbae64ae72c","Station_168_Date_24APR2006:11:37:00.000_Callinectes_similis","Animalia","Arthropoda","Malacostraca","Decapoda","Portunidae","Callinectes","Callinectes similis",NA,"SPECIES","Callinectes similis Williams, 1966","Callinectes similis","A.B. Williams, 1966","US","Lower Laguna Madre Estuary","Texas","PRESENT",NA,"c3ad790a-d426-4ac1-8e32-da61f81f0117",26.390278,-97.340556,100,NA,NA,NA,0.1,0.1,"2006-04-24T11:37",24,4,2006,2225642,2225642,"HUMAN_OBSERVATION","TPWD","Lower Laguna Madre Bag Seine",NA,NA,"",NA,"CC0_1_0","","",NA,NA,2025-02-06 20:42:40.217,"","CONTINENT_DERIVED_FROM_COORDINATES"
3404082328,"836204c6-f8ca-49f3-be9a-afbae64ae72c","Station_137_Date_18SEP2007:17:52:00.000_Callinectes_similis","Animalia","Arthropoda","Malacostraca","Decapoda","Portunidae","Callinectes","Callinectes similis",NA,"SPECIES","Callinectes similis Williams, 1966","Callinectes similis","A.B. Williams, 1966","US","Lower Laguna Madre Estuary","Texas","PRESENT",NA,"c3ad790a-d426-4ac1-8e32-da61f81f0117",26.463611,-97.373611,100,NA,NA,NA,0.2,0.2,"2007-09-18T17:52",18,9,2007,2225642,2225642,"HUMAN_OBSERVATION","TPWD","Lower Laguna Madre Bag Seine",NA,NA,"",NA,"CC0_1_0","","",NA,NA,2025-02-06 20:42:40.174,"","CONTINENT_DERIVED_FROM_COORDINATES"
3404082307,"836204c6-f8ca-49f3-be9a-afbae64ae72c","Station_129_Date_25AUG2008:10:58:00.000_Callinectes_similis","Animalia","Arthropoda","Malacostraca","Decapoda","Portunidae","Callinectes","Callinectes similis",NA,"SPECIES","Callinectes similis Williams, 1966","Callinectes similis","A.B. Williams, 1966","US","Lower Laguna Madre Estuary","Texas","PRESENT",NA,"c3ad790a-d426-4ac1-8e32-da61f81f0117",26.479722,-97.379444,100,NA,NA,NA,0.15,0.15,"2008-08-25T10:58",25,8,2008,2225642,2225642,"HUMAN_OBSERVATION","TPWD","Lower Laguna Madre Bag Seine",NA,NA,"",NA,"CC0_1_0","","",NA,NA,2025-02-06 20:42:40.169,"","CONTINENT_DERIVED_FROM_COORDINATES"
3404081884,"836204c6-f8ca-49f3-be9a-afbae64ae72c","Station_224_Date_19MAR2007:13:46:00.000_Callinectes_similis","Animalia","Arthropoda","Malacostraca","Decapoda","Portunidae","Callinectes","Callinectes similis",NA,"SPECIES","Callinectes similis Williams, 1966","Callinectes similis","A.B. Williams, 1966","US","Lower Laguna Madre Estuary","Texas","PRESENT",NA,"c3ad790a-d426-4ac1-8e32-da61f81f0117",26.297778,-97.302778,100,NA,NA,NA,0.2,0.2,"2007-03-19T13:46",19,3,2007,2225642,2225642,"HUMAN_OBSERVATION","TPWD","Lower Laguna Madre Bag Seine",NA,NA,"",NA,"CC0_1_0","","",NA,NA,2025-02-06 20:42:39.144,"","CONTINENT_DERIVED_FROM_COORDINATES"
3404081844,"836204c6-f8ca-49f3-be9a-afbae64ae72c","Station_218_Date_23MAY2007:12:00:00.000_Callinectes_similis","Animalia","Arthropoda","Malacostraca","Decapoda","Portunidae","Callinectes","Callinectes similis",NA,"SPECIES","Callinectes similis Williams, 1966","Callinectes similis","A.B. Williams, 1966","US","Lower Laguna Madre Estuary","Texas","PRESENT",NA,"c3ad790a-d426-4ac1-8e32-da61f81f0117",26.303889,-97.296111,100,NA,NA,NA,0.2,0.2,"2007-05-23T12:00",23,5,2007,2225642,2225642,"HUMAN_OBSERVATION","TPWD","Lower Laguna Madre Bag Seine",NA,NA,"",NA,"CC0_1_0","","",NA,NA,2025-02-06 20:42:39.132,"","CONTINENT_DERIVED_FROM_COORDINATES"
3404081650,"836204c6-f8ca-49f3-be9a-afbae64ae72c","Station_188_Date_22JAN2007:11:33:00.000_Callinectes_similis","Animalia","Arthropoda","Malacostraca","Decapoda","Portunidae","Callinectes","Callinectes similis",NA,"SPECIES","Callinectes similis Williams, 1966","Callinectes similis","A.B. Williams, 1966","US","Lower Laguna Madre Estuary","Texas","PRESENT",NA,"c3ad790a-d426-4ac1-8e32-da61f81f0117",26.363056,-97.324167,100,NA,NA,NA,0.1,0.1,"2007-01-22T11:33",22,1,2007,2225642,2225642,"HUMAN_OBSERVATION","TPWD","Lower Laguna Madre Bag Seine",NA,NA,"",NA,"CC0_1_0","","",NA,NA,2025-02-06 20:42:39.111,"","CONTINENT_DERIVED_FROM_COORDINATES"
3404081554,"836204c6-f8ca-49f3-be9a-afbae64ae72c","Station_177_Date_03NOV2008:14:58:00.000_Callinectes_similis","Animalia","Arthropoda","Malacostraca","Decapoda","Portunidae","Callinectes","Callinectes similis",NA,"SPECIES","Callinectes similis Williams, 1966","Callinectes similis","A.B. Williams, 1966","US","Lower Laguna Madre Estuary","Texas","PRESENT",NA,"c3ad790a-d426-4ac1-8e32-da61f81f0117",26.376944,-97.334167,100,NA,NA,NA,0.15,0.15,"2008-11-03T14:58",3,11,2008,2225642,2225642,"HUMAN_OBSERVATION","TPWD","Lower Laguna Madre Bag Seine",NA,NA,"",NA,"CC0_1_0","","",NA,NA,2025-02-06 20:42:39.102,"","CONTINENT_DERIVED_FROM_COORDINATES"
3404081377,"836204c6-f8ca-49f3-be9a-afbae64ae72c","Station_146_Date_16DEC2006:10:55:00.000_Callinectes_similis","Animalia","Arthropoda","Malacostraca","Decapoda","Portunidae","Callinectes","Callinectes similis",NA,"SPECIES","Callinectes similis Williams, 1966","Callinectes similis","A.B. Williams, 1966","US","Lower Laguna Madre Estuary","Texas","PRESENT",NA,"c3ad790a-d426-4ac1-8e32-da61f81f0117",26.436667,-97.361944,100,NA,NA,NA,0.1,0.1,"2006-12-16T10:55",16,12,2006,2225642,2225642,"HUMAN_OBSERVATION","TPWD","Lower Laguna Madre Bag Seine",NA,NA,"",NA,"CC0_1_0","","",NA,NA,2025-02-06 20:42:39.083,"","CONTINENT_DERIVED_FROM_COORDINATES"
3404081180,"836204c6-f8ca-49f3-be9a-afbae64ae72c","Station_290_Date_11JUN2007:17:44:00.000_Callinectes_similis","Animalia","Arthropoda","Malacostraca","Decapoda","Portunidae","Callinectes","Callinectes similis",NA,"SPECIES","Callinectes similis Williams, 1966","Callinectes similis","A.B. Williams, 1966","US","Lower Laguna Madre Estuary","Texas","PRESENT",NA,"c3ad790a-d426-4ac1-8e32-da61f81f0117",26.175278,-97.180833,100,NA,NA,NA,0.2,0.2,"2007-06-11T17:44",11,6,2007,2225642,2225642,"HUMAN_OBSERVATION","TPWD","Lower Laguna Madre Bag Seine",NA,NA,"",NA,"CC0_1_0","","",NA,NA,2025-02-06 20:42:40.327,"","CONTINENT_DERIVED_FROM_COORDINATES"
3404081006,"836204c6-f8ca-49f3-be9a-afbae64ae72c","Station_261_Date_19NOV2008:16:08:00.000_Callinectes_similis","Animalia","Arthropoda","Malacostraca","Decapoda","Portunidae","Callinectes","Callinectes similis",NA,"SPECIES","Callinectes similis Williams, 1966","Callinectes similis","A.B. Williams, 1966","US","Lower Laguna Madre Estuary","Texas","PRESENT",NA,"c3ad790a-d426-4ac1-8e32-da61f81f0117",26.228889,-97.272778,100,NA,NA,NA,0.25,0.25,"2008-11-19T16:08",19,11,2008,2225642,2225642,"HUMAN_OBSERVATION","TPWD","Lower Laguna Madre Bag Seine",NA,NA,"",NA,"CC0_1_0","","",NA,NA,2025-02-06 20:42:40.281,"","CONTINENT_DERIVED_FROM_COORDINATES"
3404080822,"836204c6-f8ca-49f3-be9a-afbae64ae72c","Station_225_Date_02MAY2005:17:57:00.000_Callinectes_similis","Animalia","Arthropoda","Malacostraca","Decapoda","Portunidae","Callinectes","Callinectes similis",NA,"SPECIES","Callinectes similis Williams, 1966","Callinectes similis","A.B. Williams, 1966","US","Lower Laguna Madre Estuary","Texas","PRESENT",NA,"c3ad790a-d426-4ac1-8e32-da61f81f0117",26.296389,-97.299722,100,NA,NA,NA,0.15,0.15,"2005-05-02T17:57",2,5,2005,2225642,2225642,"HUMAN_OBSERVATION","TPWD","Lower Laguna Madre Bag Seine",NA,NA,"",NA,"CC0_1_0","","",NA,NA,2025-02-06 20:42:40.229,"","CONTINENT_DERIVED_FROM_COORDINATES"
3404080649,"836204c6-f8ca-49f3-be9a-afbae64ae72c","Station_199_Date_01MAR2005:14:38:00.000_Callinectes_similis","Animalia","Arthropoda","Malacostraca","Decapoda","Portunidae","Callinectes","Callinectes similis",NA,"SPECIES","Callinectes similis Williams, 1966","Callinectes similis","A.B. Williams, 1966","US","Lower Laguna Madre Estuary","Texas","PRESENT",NA,"c3ad790a-d426-4ac1-8e32-da61f81f0117",26.335556,-97.315833,100,NA,NA,NA,0.25,0.25,"2005-03-01T14:38",1,3,2005,2225642,2225642,"HUMAN_OBSERVATION","TPWD","Lower Laguna Madre Bag Seine",NA,NA,"",NA,"CC0_1_0","","",NA,NA,2025-02-06 20:42:40.179,"","CONTINENT_DERIVED_FROM_COORDINATES"
3404080519,"836204c6-f8ca-49f3-be9a-afbae64ae72c","Station_169_Date_24APR2006:11:11:00.000_Callinectes_similis","Animalia","Arthropoda","Malacostraca","Decapoda","Portunidae","Callinectes","Callinectes similis",NA,"SPECIES","Callinectes similis Williams, 1966","Callinectes similis","A.B. Williams, 1966","US","Lower Laguna Madre Estuary","Texas","PRESENT",NA,"c3ad790a-d426-4ac1-8e32-da61f81f0117",26.393611,-97.318611,100,NA,NA,NA,0.1,0.1,"2006-04-24T11:11",24,4,2006,2225642,2225642,"HUMAN_OBSERVATION","TPWD","Lower Laguna Madre Bag Seine",NA,NA,"",NA,"CC0_1_0","","",NA,NA,2025-02-06 20:42:40.144,"","CONTINENT_DERIVED_FROM_COORDINATES"
3404080363,"836204c6-f8ca-49f3-be9a-afbae64ae72c","Station_137_Date_17APR2007:18:18:00.000_Callinectes_similis","Animalia","Arthropoda","Malacostraca","Decapoda","Portunidae","Callinectes","Callinectes similis",NA,"SPECIES","Callinectes similis Williams, 1966","Callinectes similis","A.B. Williams, 1966","US","Lower Laguna Madre Estuary","Texas","PRESENT",NA,"c3ad790a-d426-4ac1-8e32-da61f81f0117",26.457222,-97.369444,100,NA,NA,NA,0.15,0.15,"2007-04-17T18:18",17,4,2007,2225642,2225642,"HUMAN_OBSERVATION","TPWD","Lower Laguna Madre Bag Seine",NA,NA,"",NA,"CC0_1_0","","",NA,NA,2025-02-06 20:42:40.097,"","CONTINENT_DERIVED_FROM_COORDINATES"
3404079965,"836204c6-f8ca-49f3-be9a-afbae64ae72c","Station_235_Date_04APR2005:11:35:00.000_Callinectes_similis","Animalia","Arthropoda","Malacostraca","Decapoda","Portunidae","Callinectes","Callinectes similis",NA,"SPECIES","Callinectes similis Williams, 1966","Callinectes similis","A.B. Williams, 1966","US","Lower Laguna Madre Estuary","Texas","PRESENT",NA,"c3ad790a-d426-4ac1-8e32-da61f81f0117",26.280833,-97.279444,100,NA,NA,NA,0.05,0.05,"2005-04-04T11:35",4,4,2005,2225642,2225642,"HUMAN_OBSERVATION","TPWD","Lower Laguna Madre Bag Seine",NA,NA,"",NA,"CC0_1_0","","",NA,NA,2025-02-06 20:42:40.69,"","CONTINENT_DERIVED_FROM_COORDINATES"
3404079869,"836204c6-f8ca-49f3-be9a-afbae64ae72c","Station_224_Date_03NOV2008:16:09:00.000_Callinectes_similis","Animalia","Arthropoda","Malacostraca","Decapoda","Portunidae","Callinectes","Callinectes similis",NA,"SPECIES","Callinectes similis Williams, 1966","Callinectes similis","A.B. Williams, 1966","US","Lower Laguna Madre Estuary","Texas","PRESENT",NA,"c3ad790a-d426-4ac1-8e32-da61f81f0117",26.297222,-97.301111,100,NA,NA,NA,0.2,0.2,"2008-11-03T16:09",3,11,2008,2225642,2225642,"HUMAN_OBSERVATION","TPWD","Lower Laguna Madre Bag Seine",NA,NA,"",NA,"CC0_1_0","","",NA,NA,2025-02-06 20:42:40.654,"","CONTINENT_DERIVED_FROM_COORDINATES"
3404079625,"836204c6-f8ca-49f3-be9a-afbae64ae72c","Station_188_Date_01MAY2006:14:55:00.000_Callinectes_similis","Animalia","Arthropoda","Malacostraca","Decapoda","Portunidae","Callinectes","Callinectes similis",NA,"SPECIES","Callinectes similis Williams, 1966","Callinectes similis","A.B. Williams, 1966","US","Lower Laguna Madre Estuary","Texas","PRESENT",NA,"c3ad790a-d426-4ac1-8e32-da61f81f0117",26.362778,-97.324444,100,NA,NA,NA,0.15,0.15,"2006-05-01T14:55",1,5,2006,2225642,2225642,"HUMAN_OBSERVATION","TPWD","Lower Laguna Madre Bag Seine",NA,NA,"",NA,"CC0_1_0","","",NA,NA,2025-02-06 20:42:40.598,"","CONTINENT_DERIVED_FROM_COORDINATES"
3404078765,"836204c6-f8ca-49f3-be9a-afbae64ae72c","Station_218_Date_02MAY2005:18:59:00.000_Callinectes_similis","Animalia","Arthropoda","Malacostraca","Decapoda","Portunidae","Callinectes","Callinectes similis",NA,"SPECIES","Callinectes similis Williams, 1966","Callinectes similis","A.B. Williams, 1966","US","Lower Laguna Madre Estuary","Texas","PRESENT",NA,"c3ad790a-d426-4ac1-8e32-da61f81f0117",26.303889,-97.296389,100,NA,NA,NA,0.15,0.15,"2005-05-02T18:59",2,5,2005,2225642,2225642,"HUMAN_OBSERVATION","TPWD","Lower Laguna Madre Bag Seine",NA,NA,"",NA,"CC0_1_0","","",NA,NA,2025-02-06 20:42:39.35,"","CONTINENT_DERIVED_FROM_COORDINATES"
3404078663,"836204c6-f8ca-49f3-be9a-afbae64ae72c","Station_199_Date_18NOV2006:14:04:00.000_Callinectes_similis","Animalia","Arthropoda","Malacostraca","Decapoda","Portunidae","Callinectes","Callinectes similis",NA,"SPECIES","Callinectes similis Williams, 1966","Callinectes similis","A.B. Williams, 1966","US","Lower Laguna Madre Estuary","Texas","PRESENT",NA,"c3ad790a-d426-4ac1-8e32-da61f81f0117",26.334722,-97.316111,100,NA,NA,NA,0.2,0.2,"2006-11-18T14:04",18,11,2006,2225642,2225642,"HUMAN_OBSERVATION","TPWD","Lower Laguna Madre Bag Seine",NA,NA,"",NA,"CC0_1_0","","",NA,NA,2025-02-06 20:42:39.337,"","CONTINENT_DERIVED_FROM_COORDINATES"
3404078569,"836204c6-f8ca-49f3-be9a-afbae64ae72c","Station_178_Date_19MAR2007:12:28:00.000_Callinectes_similis","Animalia","Arthropoda","Malacostraca","Decapoda","Portunidae","Callinectes","Callinectes similis",NA,"SPECIES","Callinectes similis Williams, 1966","Callinectes similis","A.B. Williams, 1966","US","Lower Laguna Madre Estuary","Texas","PRESENT",NA,"c3ad790a-d426-4ac1-8e32-da61f81f0117",26.37,-97.331111,100,NA,NA,NA,0.2,0.2,"2007-03-19T12:28",19,3,2007,2225642,2225642,"HUMAN_OBSERVATION","TPWD","Lower Laguna Madre Bag Seine",NA,NA,"",NA,"CC0_1_0","","",NA,NA,2025-02-06 20:42:39.324,"","CONTINENT_DERIVED_FROM_COORDINATES"
3404078344,"836204c6-f8ca-49f3-be9a-afbae64ae72c","Station_137_Date_24MAY2005:17:43:00.000_Callinectes_similis","Animalia","Arthropoda","Malacostraca","Decapoda","Portunidae","Callinectes","Callinectes similis",NA,"SPECIES","Callinectes similis Williams, 1966","Callinectes similis","A.B. Williams, 1966","US","Lower Laguna Madre Estuary","Texas","PRESENT",NA,"c3ad790a-d426-4ac1-8e32-da61f81f0117",26.4625,-97.374167,100,NA,NA,NA,0.1,0.1,"2005-05-24T17:43",24,5,2005,2225642,2225642,"HUMAN_OBSERVATION","TPWD","Lower Laguna Madre Bag Seine",NA,NA,"",NA,"CC0_1_0","","",NA,NA,2025-02-06 20:42:39.295,"","CONTINENT_DERIVED_FROM_COORDINATES"
3404077501,"836204c6-f8ca-49f3-be9a-afbae64ae72c","Station_20_Date_19FEB2008:10:57:00.000_Callinectes_similis","Animalia","Arthropoda","Malacostraca","Decapoda","Portunidae","Callinectes","Callinectes similis",NA,"SPECIES","Callinectes similis Williams, 1966","Callinectes similis","A.B. Williams, 1966","US","Lower Laguna Madre Estuary","Texas","PRESENT",NA,"c3ad790a-d426-4ac1-8e32-da61f81f0117",26.746944,-97.47,100,NA,NA,NA,0.25,0.25,"2008-02-19T10:57",19,2,2008,2225642,2225642,"HUMAN_OBSERVATION","TPWD","Lower Laguna Madre Bag Seine",NA,NA,"",NA,"CC0_1_0","","",NA,NA,2025-02-06 20:42:39.652,"","CONTINENT_DERIVED_FROM_COORDINATES"
3404077485,"836204c6-f8ca-49f3-be9a-afbae64ae72c","Station_20_Date_06APR2005:12:05:00.000_Callinectes_similis","Animalia","Arthropoda","Malacostraca","Decapoda","Portunidae","Callinectes","Callinectes similis",NA,"SPECIES","Callinectes similis Williams, 1966","Callinectes similis","A.B. Williams, 1966","US","Lower Laguna Madre Estuary","Texas","PRESENT",NA,"c3ad790a-d426-4ac1-8e32-da61f81f0117",26.736389,-97.468333,100,NA,NA,NA,0.15,0.15,"2005-04-06T12:05",6,4,2005,2225642,2225642,"HUMAN_OBSERVATION","TPWD","Lower Laguna Madre Bag Seine",NA,NA,"",NA,"CC0_1_0","","",NA,NA,2025-02-06 20:42:39.642,"","CONTINENT_DERIVED_FROM_COORDINATES"
3404076075,"836204c6-f8ca-49f3-be9a-afbae64ae72c","Station_31_Date_23MAY2005:18:58:00.000_Callinectes_similis","Animalia","Arthropoda","Malacostraca","Decapoda","Portunidae","Callinectes","Callinectes similis",NA,"SPECIES","Callinectes similis Williams, 1966","Callinectes similis","A.B. Williams, 1966","US","Lower Laguna Madre Estuary","Texas","PRESENT",NA,"c3ad790a-d426-4ac1-8e32-da61f81f0117",26.713889,-97.468611,100,NA,NA,NA,0.2,0.2,"2005-05-23T18:58",23,5,2005,2225642,2225642,"HUMAN_OBSERVATION","TPWD","Lower Laguna Madre Bag Seine",NA,NA,"",NA,"CC0_1_0","","",NA,NA,2025-02-06 20:42:39.803,"","CONTINENT_DERIVED_FROM_COORDINATES"
3404076063,"836204c6-f8ca-49f3-be9a-afbae64ae72c","Station_31_Date_14MAY2007:17:13:00.000_Callinectes_similis","Animalia","Arthropoda","Malacostraca","Decapoda","Portunidae","Callinectes","Callinectes similis",NA,"SPECIES","Callinectes similis Williams, 1966","Callinectes similis","A.B. Williams, 1966","US","Lower Laguna Madre Estuary","Texas","PRESENT",NA,"c3ad790a-d426-4ac1-8e32-da61f81f0117",26.709722,-97.467222,100,NA,NA,NA,0.15,0.15,"2007-05-14T17:13",14,5,2007,2225642,2225642,"HUMAN_OBSERVATION","TPWD","Lower Laguna Madre Bag Seine",NA,NA,"",NA,"CC0_1_0","","",NA,NA,2025-02-06 20:42:39.8,"","CONTINENT_DERIVED_FROM_COORDINATES"
3404073481,"836204c6-f8ca-49f3-be9a-afbae64ae72c","Station_20_Date_24MAR2008:12:18:00.000_Callinectes_similis","Animalia","Arthropoda","Malacostraca","Decapoda","Portunidae","Callinectes","Callinectes similis",NA,"SPECIES","Callinectes similis Williams, 1966","Callinectes similis","A.B. Williams, 1966","US","Lower Laguna Madre Estuary","Texas","PRESENT",NA,"c3ad790a-d426-4ac1-8e32-da61f81f0117",26.736667,-97.468611,100,NA,NA,NA,0.15,0.15,"2008-03-24T12:18",24,3,2008,2225642,2225642,"HUMAN_OBSERVATION","TPWD","Lower Laguna Madre Bag Seine",NA,NA,"",NA,"CC0_1_0","","",NA,NA,2025-02-06 20:42:39.027,"","CONTINENT_DERIVED_FROM_COORDINATES"
3404072693,"836204c6-f8ca-49f3-be9a-afbae64ae72c","Station_54_Date_08JAN2007:12:29:00.000_Callinectes_similis","Animalia","Arthropoda","Malacostraca","Decapoda","Portunidae","Callinectes","Callinectes similis",NA,"SPECIES","Callinectes similis Williams, 1966","Callinectes similis","A.B. Williams, 1966","US","Lower Laguna Madre Estuary","Texas","PRESENT",NA,"c3ad790a-d426-4ac1-8e32-da61f81f0117",26.646389,-97.448611,100,NA,NA,NA,0.15,0.15,"2007-01-08T12:29",8,1,2007,2225642,2225642,"HUMAN_OBSERVATION","TPWD","Lower Laguna Madre Bag Seine",NA,NA,"",NA,"CC0_1_0","","",NA,NA,2025-02-06 20:42:39.999,"","CONTINENT_DERIVED_FROM_COORDINATES"
3404072263,"836204c6-f8ca-49f3-be9a-afbae64ae72c","Station_120_Date_08APR2008:11:30:00.000_Callinectes_similis","Animalia","Arthropoda","Malacostraca","Decapoda","Portunidae","Callinectes","Callinectes similis",NA,"SPECIES","Callinectes similis Williams, 1966","Callinectes similis","A.B. Williams, 1966","US","Lower Laguna Madre Estuary","Texas","PRESENT",NA,"c3ad790a-d426-4ac1-8e32-da61f81f0117",26.494722,-97.389167,100,NA,NA,NA,0.15,0.15,"2008-04-08T11:30",8,4,2008,2225642,2225642,"HUMAN_OBSERVATION","TPWD","Lower Laguna Madre Bag Seine",NA,NA,"",NA,"CC0_1_0","","",NA,NA,2025-02-06 20:42:39.063,"","CONTINENT_DERIVED_FROM_COORDINATES"
3404071876,"836204c6-f8ca-49f3-be9a-afbae64ae72c","Station_80_Date_16APR2007:10:40:00.000_Callinectes_similis","Animalia","Arthropoda","Malacostraca","Decapoda","Portunidae","Callinectes","Callinectes similis",NA,"SPECIES","Callinectes similis Williams, 1966","Callinectes similis","A.B. Williams, 1966","US","Lower Laguna Madre Estuary","Texas","PRESENT",NA,"c3ad790a-d426-4ac1-8e32-da61f81f0117",26.577778,-97.429167,100,NA,NA,NA,0.15,0.15,"2007-04-16T10:40",16,4,2007,2225642,2225642,"HUMAN_OBSERVATION","TPWD","Lower Laguna Madre Bag Seine",NA,NA,"",NA,"CC0_1_0","","",NA,NA,2025-02-06 20:42:39.02,"","CONTINENT_DERIVED_FROM_COORDINATES"
3404071671,"836204c6-f8ca-49f3-be9a-afbae64ae72c","Station_53_Date_18FEB2008:13:02:00.000_Callinectes_similis","Animalia","Arthropoda","Malacostraca","Decapoda","Portunidae","Callinectes","Callinectes similis",NA,"SPECIES","Callinectes similis Williams, 1966","Callinectes similis","A.B. Williams, 1966","US","Lower Laguna Madre Estuary","Texas","PRESENT",NA,"c3ad790a-d426-4ac1-8e32-da61f81f0117",26.648889,-97.450833,100,NA,NA,NA,0.15,0.15,"2008-02-18T13:02",18,2,2008,2225642,2225642,"HUMAN_OBSERVATION","TPWD","Lower Laguna Madre Bag Seine",NA,NA,"",NA,"CC0_1_0","","",NA,NA,2025-02-06 20:42:38.989,"","CONTINENT_DERIVED_FROM_COORDINATES"
3404071272,"836204c6-f8ca-49f3-be9a-afbae64ae72c","Station_119_Date_22MAY2006:15:38:00.000_Callinectes_similis","Animalia","Arthropoda","Malacostraca","Decapoda","Portunidae","Callinectes","Callinectes similis",NA,"SPECIES","Callinectes similis Williams, 1966","Callinectes similis","A.B. Williams, 1966","US","Lower Laguna Madre Estuary","Texas","PRESENT",NA,"c3ad790a-d426-4ac1-8e32-da61f81f0117",26.497778,-97.4075,100,NA,NA,NA,0.2,0.2,"2006-05-22T15:38",22,5,2006,2225642,2225642,"HUMAN_OBSERVATION","TPWD","Lower Laguna Madre Bag Seine",NA,NA,"",NA,"CC0_1_0","","",NA,NA,2025-02-06 20:42:40.072,"","CONTINENT_DERIVED_FROM_COORDINATES"
3404071160,"836204c6-f8ca-49f3-be9a-afbae64ae72c","Station_105_Date_07MAR2005:12:17:00.000_Callinectes_similis","Animalia","Arthropoda","Malacostraca","Decapoda","Portunidae","Callinectes","Callinectes similis",NA,"SPECIES","Callinectes similis Williams, 1966","Callinectes similis","A.B. Williams, 1966","US","Lower Laguna Madre Estuary","Texas","PRESENT",NA,"c3ad790a-d426-4ac1-8e32-da61f81f0117",26.518056,-97.416389,100,NA,NA,NA,0.2,0.2,"2005-03-07T12:17",7,3,2005,2225642,2225642,"HUMAN_OBSERVATION","TPWD","Lower Laguna Madre Bag Seine",NA,NA,"",NA,"CC0_1_0","","",NA,NA,2025-02-06 20:42:40.044,"","CONTINENT_DERIVED_FROM_COORDINATES"
3404070973,"836204c6-f8ca-49f3-be9a-afbae64ae72c","Station_87_Date_22MAY2006:16:12:00.000_Callinectes_similis","Animalia","Arthropoda","Malacostraca","Decapoda","Portunidae","Callinectes","Callinectes similis",NA,"SPECIES","Callinectes similis Williams, 1966","Callinectes similis","A.B. Williams, 1966","US","Lower Laguna Madre Estuary","Texas","PRESENT",NA,"c3ad790a-d426-4ac1-8e32-da61f81f0117",26.556111,-97.422778,100,NA,NA,NA,0.15,0.15,"2006-05-22T16:12",22,5,2006,2225642,2225642,"HUMAN_OBSERVATION","TPWD","Lower Laguna Madre Bag Seine",NA,NA,"",NA,"CC0_1_0","","",NA,NA,2025-02-06 20:42:39.993,"","CONTINENT_DERIVED_FROM_COORDINATES"
3404070945,"836204c6-f8ca-49f3-be9a-afbae64ae72c","Station_80_Date_18NOV2008:16:21:00.000_Callinectes_similis","Animalia","Arthropoda","Malacostraca","Decapoda","Portunidae","Callinectes","Callinectes similis",NA,"SPECIES","Callinectes similis Williams, 1966","Callinectes similis","A.B. Williams, 1966","US","Lower Laguna Madre Estuary","Texas","PRESENT",NA,"c3ad790a-d426-4ac1-8e32-da61f81f0117",26.572778,-97.428611,100,NA,NA,NA,0.2,0.2,"2008-11-18T16:21",18,11,2008,2225642,2225642,"HUMAN_OBSERVATION","TPWD","Lower Laguna Madre Bag Seine",NA,NA,"",NA,"CC0_1_0","","",NA,NA,2025-02-06 20:42:39.984,"","CONTINENT_DERIVED_FROM_COORDINATES"
3404070936,"836204c6-f8ca-49f3-be9a-afbae64ae72c","Station_80_Date_14MAY2007:16:04:00.000_Callinectes_similis","Animalia","Arthropoda","Malacostraca","Decapoda","Portunidae","Callinectes","Callinectes similis",NA,"SPECIES","Callinectes similis Williams, 1966","Callinectes similis","A.B. Williams, 1966","US","Lower Laguna Madre Estuary","Texas","PRESENT",NA,"c3ad790a-d426-4ac1-8e32-da61f81f0117",26.576667,-97.429444,100,NA,NA,NA,0.2,0.2,"2007-05-14T16:04",14,5,2007,2225642,2225642,"HUMAN_OBSERVATION","TPWD","Lower Laguna Madre Bag Seine",NA,NA,"",NA,"CC0_1_0","","",NA,NA,2025-02-06 20:42:39.982,"","CONTINENT_DERIVED_FROM_COORDINATES"
3404070717,"836204c6-f8ca-49f3-be9a-afbae64ae72c","Station_47_Date_17MAY2005:18:39:00.000_Callinectes_similis","Animalia","Arthropoda","Malacostraca","Decapoda","Portunidae","Callinectes","Callinectes similis",NA,"SPECIES","Callinectes similis Williams, 1966","Callinectes similis","A.B. Williams, 1966","US","Lower Laguna Madre Estuary","Texas","PRESENT",NA,"c3ad790a-d426-4ac1-8e32-da61f81f0117",26.658889,-97.4525,100,NA,NA,NA,0.25,0.25,"2005-05-17T18:39",17,5,2005,2225642,2225642,"HUMAN_OBSERVATION","TPWD","Lower Laguna Madre Bag Seine",NA,NA,"",NA,"CC0_1_0","","",NA,NA,2025-02-06 20:42:39.922,"","CONTINENT_DERIVED_FROM_COORDINATES"
3404070281,"836204c6-f8ca-49f3-be9a-afbae64ae72c","Station_119_Date_30OCT2007:15:56:00.000_Callinectes_similis","Animalia","Arthropoda","Malacostraca","Decapoda","Portunidae","Callinectes","Callinectes similis",NA,"SPECIES","Callinectes similis Williams, 1966","Callinectes similis","A.B. Williams, 1966","US","Lower Laguna Madre Estuary","Texas","PRESENT",NA,"c3ad790a-d426-4ac1-8e32-da61f81f0117",26.498611,-97.408056,100,NA,NA,NA,0.15,0.15,"2007-10-30T15:56",30,10,2007,2225642,2225642,"HUMAN_OBSERVATION","TPWD","Lower Laguna Madre Bag Seine",NA,NA,"",NA,"CC0_1_0","","",NA,NA,2025-02-06 20:42:40.502,"","CONTINENT_DERIVED_FROM_COORDINATES"
3404070221,"836204c6-f8ca-49f3-be9a-afbae64ae72c","Station_112_Date_24MAY2005:17:13:00.000_Callinectes_similis","Animalia","Arthropoda","Malacostraca","Decapoda","Portunidae","Callinectes","Callinectes similis",NA,"SPECIES","Callinectes similis Williams, 1966","Callinectes similis","A.B. Williams, 1966","US","Lower Laguna Madre Estuary","Texas","PRESENT",NA,"c3ad790a-d426-4ac1-8e32-da61f81f0117",26.508333,-97.411111,100,NA,NA,NA,0.15,0.15,"2005-05-24T17:13",24,5,2005,2225642,2225642,"HUMAN_OBSERVATION","TPWD","Lower Laguna Madre Bag Seine",NA,NA,"",NA,"CC0_1_0","","",NA,NA,2025-02-06 20:42:40.484,"","CONTINENT_DERIVED_FROM_COORDINATES"
3404069743,"836204c6-f8ca-49f3-be9a-afbae64ae72c","Station_53_Date_14MAY2007:16:38:00.000_Callinectes_similis","Animalia","Arthropoda","Malacostraca","Decapoda","Portunidae","Callinectes","Callinectes similis",NA,"SPECIES","Callinectes similis Williams, 1966","Callinectes similis","A.B. Williams, 1966","US","Lower Laguna Madre Estuary","Texas","PRESENT",NA,"c3ad790a-d426-4ac1-8e32-da61f81f0117",26.649167,-97.450556,100,NA,NA,NA,0.2,0.2,"2007-05-14T16:38",14,5,2007,2225642,2225642,"HUMAN_OBSERVATION","TPWD","Lower Laguna Madre Bag Seine",NA,NA,"",NA,"CC0_1_0","","",NA,NA,2025-02-06 20:42:40.345,"","CONTINENT_DERIVED_FROM_COORDINATES"
3404068881,"836204c6-f8ca-49f3-be9a-afbae64ae72c","Station_80_Date_07DEC2005:13:18:00.000_Callinectes_similis","Animalia","Arthropoda","Malacostraca","Decapoda","Portunidae","Callinectes","Callinectes similis",NA,"SPECIES","Callinectes similis Williams, 1966","Callinectes similis","A.B. Williams, 1966","US","Lower Laguna Madre Estuary","Texas","PRESENT",NA,"c3ad790a-d426-4ac1-8e32-da61f81f0117",26.579444,-97.430833,100,NA,NA,NA,0.3,0.1,"2005-12-07T13:18",7,12,2005,2225642,2225642,"HUMAN_OBSERVATION","TPWD","Lower Laguna Madre Bag Seine",NA,NA,"",NA,"CC0_1_0","","",NA,NA,2025-02-06 20:42:39.231,"","CONTINENT_DERIVED_FROM_COORDINATES"
3404068805,"836204c6-f8ca-49f3-be9a-afbae64ae72c","Station_73_Date_03OCT2006:16:18:00.000_Callinectes_similis","Animalia","Arthropoda","Malacostraca","Decapoda","Portunidae","Callinectes","Callinectes similis",NA,"SPECIES","Callinectes similis Williams, 1966","Callinectes similis","A.B. Williams, 1966","US","Lower Laguna Madre Estuary","Texas","PRESENT",NA,"c3ad790a-d426-4ac1-8e32-da61f81f0117",26.599167,-97.439722,100,NA,NA,NA,0.2,0.2,"2006-10-03T16:18",3,10,2006,2225642,2225642,"HUMAN_OBSERVATION","TPWD","Lower Laguna Madre Bag Seine",NA,NA,"",NA,"CC0_1_0","","",NA,NA,2025-02-06 20:42:39.221,"","CONTINENT_DERIVED_FROM_COORDINATES"
3404059258,"836204c6-f8ca-49f3-be9a-afbae64ae72c","Station_32_Date_08FEB2006:12:11:00.000_Callinectes_similis","Animalia","Arthropoda","Malacostraca","Decapoda","Portunidae","Callinectes","Callinectes similis",NA,"SPECIES","Callinectes similis Williams, 1966","Callinectes similis","A.B. Williams, 1966","US","Lower Laguna Madre Estuary","Texas","PRESENT",NA,"c3ad790a-d426-4ac1-8e32-da61f81f0117",26.703333,-97.464444,100,NA,NA,NA,0.1,0.1,"2006-02-08T12:11",8,2,2006,2225642,2225642,"HUMAN_OBSERVATION","TPWD","Lower Laguna Madre Bag Seine",NA,NA,"",NA,"CC0_1_0","","",NA,NA,2025-02-06 20:42:39.132,"","CONTINENT_DERIVED_FROM_COORDINATES"
3404056154,"836204c6-f8ca-49f3-be9a-afbae64ae72c","Station_15_Date_19FEB2008:11:24:00.000_Callinectes_similis","Animalia","Arthropoda","Malacostraca","Decapoda","Portunidae","Callinectes","Callinectes similis",NA,"SPECIES","Callinectes similis Williams, 1966","Callinectes similis","A.B. Williams, 1966","US","Lower Laguna Madre Estuary","Texas","PRESENT",NA,"c3ad790a-d426-4ac1-8e32-da61f81f0117",26.752222,-97.47,100,NA,NA,NA,0.25,0.25,"2008-02-19T11:24",19,2,2008,2225642,2225642,"HUMAN_OBSERVATION","TPWD","Lower Laguna Madre Bag Seine",NA,NA,"",NA,"CC0_1_0","","",NA,NA,2025-02-06 20:42:39.584,"","CONTINENT_DERIVED_FROM_COORDINATES"
3404051392,"836204c6-f8ca-49f3-be9a-afbae64ae72c","Station_3_Date_24NOV2008:12:59:00.000_Callinectes_similis","Animalia","Arthropoda","Malacostraca","Decapoda","Portunidae","Callinectes","Callinectes similis",NA,"SPECIES","Callinectes similis Williams, 1966","Callinectes similis","A.B. Williams, 1966","US","Lower Laguna Madre Estuary","Texas","PRESENT",NA,"c3ad790a-d426-4ac1-8e32-da61f81f0117",26.805,-97.470278,100,NA,NA,NA,0.2,0.2,"2008-11-24T12:59",24,11,2008,2225642,2225642,"HUMAN_OBSERVATION","TPWD","Lower Laguna Madre Bag Seine",NA,NA,"",NA,"CC0_1_0","","",NA,NA,2025-02-06 20:42:38.694,"","CONTINENT_DERIVED_FROM_COORDINATES"
3404048771,"836204c6-f8ca-49f3-be9a-afbae64ae72c","Station_7_Date_20NOV2007:12:04:00.000_Callinectes_similis","Animalia","Arthropoda","Malacostraca","Decapoda","Portunidae","Callinectes","Callinectes similis",NA,"SPECIES","Callinectes similis Williams, 1966","Callinectes similis","A.B. Williams, 1966","US","Lower Laguna Madre Estuary","Texas","PRESENT",NA,"c3ad790a-d426-4ac1-8e32-da61f81f0117",26.783889,-97.463056,100,NA,NA,NA,0.2,0.2,"2007-11-20T12:04",20,11,2007,2225642,2225642,"HUMAN_OBSERVATION","TPWD","Lower Laguna Madre Bag Seine",NA,NA,"",NA,"CC0_1_0","","",NA,NA,2025-02-06 20:42:38.918,"","CONTINENT_DERIVED_FROM_COORDINATES"
3403942804,"836204c6-f8ca-49f3-be9a-afbae64ae72c","Station_349_Date_01OCT2008:17:41:00.000_Callinectes_similis","Animalia","Arthropoda","Malacostraca","Decapoda","Portunidae","Callinectes","Callinectes similis",NA,"SPECIES","Callinectes similis Williams, 1966","Callinectes similis","A.B. Williams, 1966","US","Lower Laguna Madre Estuary","Texas","PRESENT",NA,"c3ad790a-d426-4ac1-8e32-da61f81f0117",26.070556,-97.163611,100,NA,NA,NA,0.25,0.15,"2008-10-01T17:41",1,10,2008,2225642,2225642,"HUMAN_OBSERVATION","TPWD","Lower Laguna Madre Bag Seine",NA,NA,"",NA,"CC0_1_0","","",NA,NA,2025-02-06 20:42:40.579,"","CONTINENT_DERIVED_FROM_COORDINATES"
3403941790,"836204c6-f8ca-49f3-be9a-afbae64ae72c","Station_373_Date_10OCT2007:10:00:00.000_Callinectes_similis","Animalia","Arthropoda","Malacostraca","Decapoda","Portunidae","Callinectes","Callinectes similis",NA,"SPECIES","Callinectes similis Williams, 1966","Callinectes similis","A.B. Williams, 1966","US","Lower Laguna Madre Estuary","Texas","PRESENT",NA,"c3ad790a-d426-4ac1-8e32-da61f81f0117",26.045,-97.190278,100,NA,NA,NA,0.15,0.15,"2007-10-10T10:00",10,10,2007,2225642,2225642,"HUMAN_OBSERVATION","TPWD","Lower Laguna Madre Bag Seine",NA,NA,"",NA,"CC0_1_0","","",NA,NA,2025-02-06 20:42:39.547,"","CONTINENT_DERIVED_FROM_COORDINATES"
3403941781,"836204c6-f8ca-49f3-be9a-afbae64ae72c","Station_373_Date_06FEB2007:12:39:00.000_Callinectes_similis","Animalia","Arthropoda","Malacostraca","Decapoda","Portunidae","Callinectes","Callinectes similis",NA,"SPECIES","Callinectes similis Williams, 1966","Callinectes similis","A.B. Williams, 1966","US","Lower Laguna Madre Estuary","Texas","PRESENT",NA,"c3ad790a-d426-4ac1-8e32-da61f81f0117",26.046111,-97.186389,100,NA,NA,NA,0.15,0.15,"2007-02-06T12:39",6,2,2007,2225642,2225642,"HUMAN_OBSERVATION","TPWD","Lower Laguna Madre Bag Seine",NA,NA,"",NA,"CC0_1_0","","",NA,NA,2025-02-06 20:42:39.546,"","CONTINENT_DERIVED_FROM_COORDINATES"
3403941521,"836204c6-f8ca-49f3-be9a-afbae64ae72c","Station_344_Date_03APR2007:12:50:00.000_Callinectes_similis","Animalia","Arthropoda","Malacostraca","Decapoda","Portunidae","Callinectes","Callinectes similis",NA,"SPECIES","Callinectes similis Williams, 1966","Callinectes similis","A.B. Williams, 1966","US","Lower Laguna Madre Estuary","Texas","PRESENT",NA,"c3ad790a-d426-4ac1-8e32-da61f81f0117",26.810278,-97.469444,100,NA,NA,NA,0.15,0.15,"2007-04-03T12:50",3,4,2007,2225642,2225642,"HUMAN_OBSERVATION","TPWD","Lower Laguna Madre Bag Seine",NA,NA,"",NA,"CC0_1_0","","",NA,NA,2025-02-06 20:42:39.512,"","CONTINENT_DERIVED_FROM_COORDINATES"
3403941504,"836204c6-f8ca-49f3-be9a-afbae64ae72c","Station_335_Date_20MAR2007:11:15:00.000_Callinectes_similis","Animalia","Arthropoda","Malacostraca","Decapoda","Portunidae","Callinectes","Callinectes similis",NA,"SPECIES","Callinectes similis Williams, 1966","Callinectes similis","A.B. Williams, 1966","US","Lower Laguna Madre Estuary","Texas","PRESENT",NA,"c3ad790a-d426-4ac1-8e32-da61f81f0117",26.086111,-97.170278,100,NA,NA,NA,0.1,0.1,"2007-03-20T11:15",20,3,2007,2225642,2225642,"HUMAN_OBSERVATION","TPWD","Lower Laguna Madre Bag Seine",NA,NA,"",NA,"CC0_1_0","","",NA,NA,2025-02-06 20:42:39.51,"","CONTINENT_DERIVED_FROM_COORDINATES"
3403941427,"836204c6-f8ca-49f3-be9a-afbae64ae72c","Station_329_Date_16DEC2006:13:50:00.000_Callinectes_similis","Animalia","Arthropoda","Malacostraca","Decapoda","Portunidae","Callinectes","Callinectes similis",NA,"SPECIES","Callinectes similis Williams, 1966","Callinectes similis","A.B. Williams, 1966","US","Lower Laguna Madre Estuary","Texas","PRESENT",NA,"c3ad790a-d426-4ac1-8e32-da61f81f0117",26.088056,-97.273056,100,NA,NA,NA,0.15,0.15,"2006-12-16T13:50",16,12,2006,2225642,2225642,"HUMAN_OBSERVATION","TPWD","Lower Laguna Madre Bag Seine",NA,NA,"",NA,"CC0_1_0","","",NA,NA,2025-02-06 20:42:39.491,"","CONTINENT_DERIVED_FROM_COORDINATES"
3403940844,"836204c6-f8ca-49f3-be9a-afbae64ae72c","Station_362_Date_04AUG2008:13:15:00.000_Callinectes_similis","Animalia","Arthropoda","Malacostraca","Decapoda","Portunidae","Callinectes","Callinectes similis",NA,"SPECIES","Callinectes similis Williams, 1966","Callinectes similis","A.B. Williams, 1966","US","Lower Laguna Madre Estuary","Texas","PRESENT",NA,"c3ad790a-d426-4ac1-8e32-da61f81f0117",26.063611,-97.165278,100,NA,NA,NA,0.25,0.25,"2008-08-04T13:15",4,8,2008,2225642,2225642,"HUMAN_OBSERVATION","TPWD","Lower Laguna Madre Bag Seine",NA,NA,"",NA,"CC0_1_0","","",NA,NA,2025-02-06 20:42:39.289,"","CONTINENT_DERIVED_FROM_COORDINATES"
3403940778,"836204c6-f8ca-49f3-be9a-afbae64ae72c","Station_349_Date_11JUL2005:13:35:00.000_Callinectes_similis","Animalia","Arthropoda","Malacostraca","Decapoda","Portunidae","Callinectes","Callinectes similis",NA,"SPECIES","Callinectes similis Williams, 1966","Callinectes similis","A.B. Williams, 1966","US","Lower Laguna Madre Estuary","Texas","PRESENT",NA,"c3ad790a-d426-4ac1-8e32-da61f81f0117",26.067778,-97.162778,100,NA,NA,NA,0.15,0.15,"2005-07-11T13:35",11,7,2005,2225642,2225642,"HUMAN_OBSERVATION","TPWD","Lower Laguna Madre Bag Seine",NA,NA,"",NA,"CC0_1_0","","",NA,NA,2025-02-06 20:42:39.272,"","CONTINENT_DERIVED_FROM_COORDINATES"
3403940697,"836204c6-f8ca-49f3-be9a-afbae64ae72c","Station_347_Date_07AUG2006:13:11:00.000_Callinectes_similis","Animalia","Arthropoda","Malacostraca","Decapoda","Portunidae","Callinectes","Callinectes similis",NA,"SPECIES","Callinectes similis Williams, 1966","Callinectes similis","A.B. Williams, 1966","US","Lower Laguna Madre Estuary","Texas","PRESENT",NA,"c3ad790a-d426-4ac1-8e32-da61f81f0117",26.0725,-97.195833,100,NA,NA,NA,0.1,0.1,"2006-08-07T13:11",7,8,2006,2225642,2225642,"HUMAN_OBSERVATION","TPWD","Lower Laguna Madre Bag Seine",NA,NA,"",NA,"CC0_1_0","","",NA,NA,2025-02-06 20:42:39.264,"","CONTINENT_DERIVED_FROM_COORDINATES"
3403940601,"836204c6-f8ca-49f3-be9a-afbae64ae72c","Station_335_Date_21MAR2006:11:06:00.000_Callinectes_similis","Animalia","Arthropoda","Malacostraca","Decapoda","Portunidae","Callinectes","Callinectes similis",NA,"SPECIES","Callinectes similis Williams, 1966","Callinectes similis","A.B. Williams, 1966","US","Lower Laguna Madre Estuary","Texas","PRESENT",NA,"c3ad790a-d426-4ac1-8e32-da61f81f0117",26.084722,-97.17,100,NA,NA,NA,0.2,0.2,"2006-03-21T11:06",21,3,2006,2225642,2225642,"HUMAN_OBSERVATION","TPWD","Lower Laguna Madre Bag Seine",NA,NA,"",NA,"CC0_1_0","","",NA,NA,2025-02-06 20:42:39.254,"","CONTINENT_DERIVED_FROM_COORDINATES"
3403940504,"836204c6-f8ca-49f3-be9a-afbae64ae72c","Station_328_Date_19MAR2008:10:40:00.000_Callinectes_similis","Animalia","Arthropoda","Malacostraca","Decapoda","Portunidae","Callinectes","Callinectes similis",NA,"SPECIES","Callinectes similis Williams, 1966","Callinectes similis","A.B. Williams, 1966","US","Lower Laguna Madre Estuary","Texas","PRESENT",NA,"c3ad790a-d426-4ac1-8e32-da61f81f0117",26.096389,-97.284722,100,NA,NA,NA,0.15,0.15,"2008-03-19T10:40",19,3,2008,2225642,2225642,"HUMAN_OBSERVATION","TPWD","Lower Laguna Madre Bag Seine",NA,NA,"",NA,"CC0_1_0","","",NA,NA,2025-02-06 20:42:39.242,"","CONTINENT_DERIVED_FROM_COORDINATES"
3403940361,"836204c6-f8ca-49f3-be9a-afbae64ae72c","Station_309_Date_13MAY2008:17:38:00.000_Callinectes_similis","Animalia","Arthropoda","Malacostraca","Decapoda","Portunidae","Callinectes","Callinectes similis",NA,"SPECIES","Callinectes similis Williams, 1966","Callinectes similis","A.B. Williams, 1966","US","Lower Laguna Madre Estuary","Texas","PRESENT",NA,"c3ad790a-d426-4ac1-8e32-da61f81f0117",26.123611,-97.283611,100,NA,NA,NA,0.15,0.15,"2008-05-13T17:38",13,5,2008,2225642,2225642,"HUMAN_OBSERVATION","TPWD","Lower Laguna Madre Bag Seine",NA,NA,"",NA,"CC0_1_0","","",NA,NA,2025-02-06 20:42:39.223,"","CONTINENT_DERIVED_FROM_COORDINATES"
3403939835,"836204c6-f8ca-49f3-be9a-afbae64ae72c","Station_347_Date_10MAY2005:17:23:00.000_Callinectes_similis","Animalia","Arthropoda","Malacostraca","Decapoda","Portunidae","Callinectes","Callinectes similis",NA,"SPECIES","Callinectes similis Williams, 1966","Callinectes similis","A.B. Williams, 1966","US","Lower Laguna Madre Estuary","Texas","PRESENT",NA,"c3ad790a-d426-4ac1-8e32-da61f81f0117",26.073611,-97.195278,100,NA,NA,NA,0.1,0.1,"2005-05-10T17:23",10,5,2005,2225642,2225642,"HUMAN_OBSERVATION","TPWD","Lower Laguna Madre Bag Seine",NA,NA,"",NA,"CC0_1_0","","",NA,NA,2025-02-06 20:42:40.93,"","CONTINENT_DERIVED_FROM_COORDINATES"
3403939788,"836204c6-f8ca-49f3-be9a-afbae64ae72c","Station_344_Date_25JUL2005:11:44:00.000_Callinectes_similis","Animalia","Arthropoda","Malacostraca","Decapoda","Portunidae","Callinectes","Callinectes similis",NA,"SPECIES","Callinectes similis Williams, 1966","Callinectes similis","A.B. Williams, 1966","US","Lower Laguna Madre Estuary","Texas","PRESENT",NA,"c3ad790a-d426-4ac1-8e32-da61f81f0117",26.079167,-97.244444,100,NA,NA,NA,0.15,0.15,"2005-07-25T11:44",25,7,2005,2225642,2225642,"HUMAN_OBSERVATION","TPWD","Lower Laguna Madre Bag Seine",NA,NA,"",NA,"CC0_1_0","","",NA,NA,2025-02-06 20:42:40.916,"","CONTINENT_DERIVED_FROM_COORDINATES"
3403939715,"836204c6-f8ca-49f3-be9a-afbae64ae72c","Station_335_Date_05APR2005:13:04:00.000_Callinectes_similis","Animalia","Arthropoda","Malacostraca","Decapoda","Portunidae","Callinectes","Callinectes similis",NA,"SPECIES","Callinectes similis Williams, 1966","Callinectes similis","A.B. Williams, 1966","US","Lower Laguna Madre Estuary","Texas","PRESENT",NA,"c3ad790a-d426-4ac1-8e32-da61f81f0117",26.084167,-97.169444,100,NA,NA,NA,0.1,0.1,"2005-04-05T13:04",5,4,2005,2225642,2225642,"HUMAN_OBSERVATION","TPWD","Lower Laguna Madre Bag Seine",NA,NA,"",NA,"CC0_1_0","","",NA,NA,2025-02-06 20:42:40.898,"","CONTINENT_DERIVED_FROM_COORDINATES"
3403939313,"836204c6-f8ca-49f3-be9a-afbae64ae72c","Station_290_Date_20MAR2007:11:39:00.000_Callinectes_similis","Animalia","Arthropoda","Malacostraca","Decapoda","Portunidae","Callinectes","Callinectes similis",NA,"SPECIES","Callinectes similis Williams, 1966","Callinectes similis","A.B. Williams, 1966","US","Lower Laguna Madre Estuary","Texas","PRESENT",NA,"c3ad790a-d426-4ac1-8e32-da61f81f0117",26.171944,-97.181111,100,NA,NA,NA,0.1,0.1,"2007-03-20T11:39",20,3,2007,2225642,2225642,"HUMAN_OBSERVATION","TPWD","Lower Laguna Madre Bag Seine",NA,NA,"",NA,"CC0_1_0","","",NA,NA,2025-02-06 20:42:40.783,"","CONTINENT_DERIVED_FROM_COORDINATES"
3403938630,"836204c6-f8ca-49f3-be9a-afbae64ae72c","Station_335_Date_25JUN2007:11:13:00.000_Callinectes_similis","Animalia","Arthropoda","Malacostraca","Decapoda","Portunidae","Callinectes","Callinectes similis",NA,"SPECIES","Callinectes similis Williams, 1966","Callinectes similis","A.B. Williams, 1966","US","Lower Laguna Madre Estuary","Texas","PRESENT",NA,"c3ad790a-d426-4ac1-8e32-da61f81f0117",26.085278,-97.17,100,NA,NA,NA,0.2,0.2,"2007-06-25T11:13",25,6,2007,2225642,2225642,"HUMAN_OBSERVATION","TPWD","Lower Laguna Madre Bag Seine",NA,NA,"",NA,"CC0_1_0","","",NA,NA,2025-02-06 20:42:40.443,"","CONTINENT_DERIVED_FROM_COORDINATES"
3403938372,"836204c6-f8ca-49f3-be9a-afbae64ae72c","Station_309_Date_19SEP2005:17:07:00.000_Callinectes_similis","Animalia","Arthropoda","Malacostraca","Decapoda","Portunidae","Callinectes","Callinectes similis",NA,"SPECIES","Callinectes similis Williams, 1966","Callinectes similis","A.B. Williams, 1966","US","Lower Laguna Madre Estuary","Texas","PRESENT",NA,"c3ad790a-d426-4ac1-8e32-da61f81f0117",26.130556,-97.288889,100,NA,NA,NA,0.1,0.1,"2005-09-19T17:07",19,9,2005,2225642,2225642,"HUMAN_OBSERVATION","TPWD","Lower Laguna Madre Bag Seine",NA,NA,"",NA,"CC0_1_0","","",NA,NA,2025-02-06 20:42:40.384,"","CONTINENT_DERIVED_FROM_COORDINATES"
3403937925,"836204c6-f8ca-49f3-be9a-afbae64ae72c","Station_373_Date_06AUG2007:10:03:00.000_Callinectes_similis","Animalia","Arthropoda","Malacostraca","Decapoda","Portunidae","Callinectes","Callinectes similis",NA,"SPECIES","Callinectes similis Williams, 1966","Callinectes similis","A.B. Williams, 1966","US","Lower Laguna Madre Estuary","Texas","PRESENT",NA,"c3ad790a-d426-4ac1-8e32-da61f81f0117",26.048889,-97.185,100,NA,NA,NA,0.1,0.1,"2007-08-06T10:03",6,8,2007,2225642,2225642,"HUMAN_OBSERVATION","TPWD","Lower Laguna Madre Bag Seine",NA,NA,"",NA,"CC0_1_0","","",NA,NA,2025-02-06 20:42:39.546,"","CONTINENT_DERIVED_FROM_COORDINATES"
3403937868,"836204c6-f8ca-49f3-be9a-afbae64ae72c","Station_361_Date_04OCT2005:17:04:00.000_Callinectes_similis","Animalia","Arthropoda","Malacostraca","Decapoda","Portunidae","Callinectes","Callinectes similis",NA,"SPECIES","Callinectes similis Williams, 1966","Callinectes similis","A.B. Williams, 1966","US","Lower Laguna Madre Estuary","Texas","PRESENT",NA,"c3ad790a-d426-4ac1-8e32-da61f81f0117",26.061944,-97.168611,100,NA,NA,NA,0.2,0.2,"2005-10-04T17:04",4,10,2005,2225642,2225642,"HUMAN_OBSERVATION","TPWD","Lower Laguna Madre Bag Seine",NA,NA,"",NA,"CC0_1_0","","",NA,NA,2025-02-06 20:42:39.539,"","CONTINENT_DERIVED_FROM_COORDINATES"
3403936902,"836204c6-f8ca-49f3-be9a-afbae64ae72c","Station_373_Date_22JAN2008:12:13:00.000_Callinectes_similis","Animalia","Arthropoda","Malacostraca","Decapoda","Portunidae","Callinectes","Callinectes similis",NA,"SPECIES","Callinectes similis Williams, 1966","Callinectes similis","A.B. Williams, 1966","US","Lower Laguna Madre Estuary","Texas","PRESENT",NA,"c3ad790a-d426-4ac1-8e32-da61f81f0117",26.045,-97.191111,100,NA,NA,NA,0.1,0.1,"2008-01-22T12:13",22,1,2008,2225642,2225642,"HUMAN_OBSERVATION","TPWD","Lower Laguna Madre Bag Seine",NA,NA,"",NA,"CC0_1_0","","",NA,NA,2025-02-06 20:42:40.611,"","CONTINENT_DERIVED_FROM_COORDINATES"
3403936882,"836204c6-f8ca-49f3-be9a-afbae64ae72c","Station_373_Date_07AUG2006:14:38:00.000_Callinectes_similis","Animalia","Arthropoda","Malacostraca","Decapoda","Portunidae","Callinectes","Callinectes similis",NA,"SPECIES","Callinectes similis Williams, 1966","Callinectes similis","A.B. Williams, 1966","US","Lower Laguna Madre Estuary","Texas","PRESENT",NA,"c3ad790a-d426-4ac1-8e32-da61f81f0117",26.048333,-97.185556,100,NA,NA,NA,0.1,0.1,"2006-08-07T14:38",7,8,2006,2225642,2225642,"HUMAN_OBSERVATION","TPWD","Lower Laguna Madre Bag Seine",NA,NA,"",NA,"CC0_1_0","","",NA,NA,2025-02-06 20:42:40.608,"","CONTINENT_DERIVED_FROM_COORDINATES"
3403936768,"836204c6-f8ca-49f3-be9a-afbae64ae72c","Station_349_Date_01NOV2005:14:58:00.000_Callinectes_similis","Animalia","Arthropoda","Malacostraca","Decapoda","Portunidae","Callinectes","Callinectes similis",NA,"SPECIES","Callinectes similis Williams, 1966","Callinectes similis","A.B. Williams, 1966","US","Lower Laguna Madre Estuary","Texas","PRESENT",NA,"c3ad790a-d426-4ac1-8e32-da61f81f0117",26.07,-97.164444,100,NA,NA,NA,0.15,0.15,"2005-11-01T14:58",1,11,2005,2225642,2225642,"HUMAN_OBSERVATION","TPWD","Lower Laguna Madre Bag Seine",NA,NA,"",NA,"CC0_1_0","","",NA,NA,2025-02-06 20:42:40.578,"","CONTINENT_DERIVED_FROM_COORDINATES"
3403936730,"836204c6-f8ca-49f3-be9a-afbae64ae72c","Station_348_Date_08FEB2006:11:10:00.000_Callinectes_similis","Animalia","Arthropoda","Malacostraca","Decapoda","Portunidae","Callinectes","Callinectes similis",NA,"SPECIES","Callinectes similis Williams, 1966","Callinectes similis","A.B. Williams, 1966","US","Lower Laguna Madre Estuary","Texas","PRESENT",NA,"c3ad790a-d426-4ac1-8e32-da61f81f0117",26.079167,-97.17,100,NA,NA,NA,0.15,0.15,"2006-02-08T11:10",8,2,2006,2225642,2225642,"HUMAN_OBSERVATION","TPWD","Lower Laguna Madre Bag Seine",NA,NA,"",NA,"CC0_1_0","","",NA,NA,2025-02-06 20:42:40.564,"","CONTINENT_DERIVED_FROM_COORDINATES"
3403936718,"836204c6-f8ca-49f3-be9a-afbae64ae72c","Station_347_Date_24JUL2006:12:54:00.000_Callinectes_similis","Animalia","Arthropoda","Malacostraca","Decapoda","Portunidae","Callinectes","Callinectes similis",NA,"SPECIES","Callinectes similis Williams, 1966","Callinectes similis","A.B. Williams, 1966","US","Lower Laguna Madre Estuary","Texas","PRESENT",NA,"c3ad790a-d426-4ac1-8e32-da61f81f0117",26.072778,-97.196111,100,NA,NA,NA,0.1,0.1,"2006-07-24T12:54",24,7,2006,2225642,2225642,"HUMAN_OBSERVATION","TPWD","Lower Laguna Madre Bag Seine",NA,NA,"",NA,"CC0_1_0","","",NA,NA,2025-02-06 20:42:40.561,"","CONTINENT_DERIVED_FROM_COORDINATES"
3403936708,"836204c6-f8ca-49f3-be9a-afbae64ae72c","Station_347_Date_16NOV2006:13:03:00.000_Callinectes_similis","Animalia","Arthropoda","Malacostraca","Decapoda","Portunidae","Callinectes","Callinectes similis",NA,"SPECIES","Callinectes similis Williams, 1966","Callinectes similis","A.B. Williams, 1966","US","Lower Laguna Madre Estuary","Texas","PRESENT",NA,"c3ad790a-d426-4ac1-8e32-da61f81f0117",26.073056,-97.194167,100,NA,NA,NA,0.15,0.15,"2006-11-16T13:03",16,11,2006,2225642,2225642,"HUMAN_OBSERVATION","TPWD","Lower Laguna Madre Bag Seine",NA,NA,"",NA,"CC0_1_0","","",NA,NA,2025-02-06 20:42:40.559,"","CONTINENT_DERIVED_FROM_COORDINATES"
3403936680,"836204c6-f8ca-49f3-be9a-afbae64ae72c","Station_345_Date_25JUL2005:11:24:00.000_Callinectes_similis","Animalia","Arthropoda","Malacostraca","Decapoda","Portunidae","Callinectes","Callinectes similis",NA,"SPECIES","Callinectes similis Williams, 1966","Callinectes similis","A.B. Williams, 1966","US","Lower Laguna Madre Estuary","Texas","PRESENT",NA,"c3ad790a-d426-4ac1-8e32-da61f81f0117",26.078333,-97.229444,100,NA,NA,NA,0.2,0.2,"2005-07-25T11:24",25,7,2005,2225642,2225642,"HUMAN_OBSERVATION","TPWD","Lower Laguna Madre Bag Seine",NA,NA,"",NA,"CC0_1_0","","",NA,NA,2025-02-06 20:42:40.553,"","CONTINENT_DERIVED_FROM_COORDINATES"
3403936609,"836204c6-f8ca-49f3-be9a-afbae64ae72c","Station_335_Date_20NOV2007:12:01:00.000_Callinectes_similis","Animalia","Arthropoda","Malacostraca","Decapoda","Portunidae","Callinectes","Callinectes similis",NA,"SPECIES","Callinectes similis Williams, 1966","Callinectes similis","A.B. Williams, 1966","US","Lower Laguna Madre Estuary","Texas","PRESENT",NA,"c3ad790a-d426-4ac1-8e32-da61f81f0117",26.085833,-97.17,100,NA,NA,NA,0.15,0.15,"2007-11-20T12:01",20,11,2007,2225642,2225642,"HUMAN_OBSERVATION","TPWD","Lower Laguna Madre Bag Seine",NA,NA,"",NA,"CC0_1_0","","",NA,NA,2025-02-06 20:42:40.535,"","CONTINENT_DERIVED_FROM_COORDINATES"
3403936360,"836204c6-f8ca-49f3-be9a-afbae64ae72c","Station_309_Date_21AUG2007:12:50:00.000_Callinectes_similis","Animalia","Arthropoda","Malacostraca","Decapoda","Portunidae","Callinectes","Callinectes similis",NA,"SPECIES","Callinectes similis Williams, 1966","Callinectes similis","A.B. Williams, 1966","US","Lower Laguna Madre Estuary","Texas","PRESENT",NA,"c3ad790a-d426-4ac1-8e32-da61f81f0117",26.127778,-97.284167,100,NA,NA,NA,0.15,0.15,"2007-08-21T12:50",21,8,2007,2225642,2225642,"HUMAN_OBSERVATION","TPWD","Lower Laguna Madre Bag Seine",NA,NA,"",NA,"CC0_1_0","","",NA,NA,2025-02-06 20:42:40.472,"","CONTINENT_DERIVED_FROM_COORDINATES"
3403935337,"836204c6-f8ca-49f3-be9a-afbae64ae72c","Station_309_Date_12JUN2007:18:45:00.000_Callinectes_similis","Animalia","Arthropoda","Malacostraca","Decapoda","Portunidae","Callinectes","Callinectes similis",NA,"SPECIES","Callinectes similis Williams, 1966","Callinectes similis","A.B. Williams, 1966","US","Lower Laguna Madre Estuary","Texas","PRESENT",NA,"c3ad790a-d426-4ac1-8e32-da61f81f0117",26.116944,-97.285556,100,NA,NA,NA,0.1,0.1,"2007-06-12T18:45",12,6,2007,2225642,2225642,"HUMAN_OBSERVATION","TPWD","Lower Laguna Madre Bag Seine",NA,NA,"",NA,"CC0_1_0","","",NA,NA,2025-02-06 20:42:39.223,"","CONTINENT_DERIVED_FROM_COORDINATES"
3403933930,"836204c6-f8ca-49f3-be9a-afbae64ae72c","Station_362_Date_14JUN2005:17:54:00.000_Callinectes_similis","Animalia","Arthropoda","Malacostraca","Decapoda","Portunidae","Callinectes","Callinectes similis",NA,"SPECIES","Callinectes similis Williams, 1966","Callinectes similis","A.B. Williams, 1966","US","Lower Laguna Madre Estuary","Texas","PRESENT",NA,"c3ad790a-d426-4ac1-8e32-da61f81f0117",26.065833,-97.163333,100,NA,NA,NA,0.2,0.2,"2005-06-14T17:54",14,6,2005,2225642,2225642,"HUMAN_OBSERVATION","TPWD","Lower Laguna Madre Bag Seine",NA,NA,"",NA,"CC0_1_0","","",NA,NA,2025-02-06 20:42:40.968,"","CONTINENT_DERIVED_FROM_COORDINATES"
3403933365,"836204c6-f8ca-49f3-be9a-afbae64ae72c","Station_307_Date_06JUN2005:16:44:00.000_Callinectes_similis","Animalia","Arthropoda","Malacostraca","Decapoda","Portunidae","Callinectes","Callinectes similis",NA,"SPECIES","Callinectes similis Williams, 1966","Callinectes similis","A.B. Williams, 1966","US","Lower Laguna Madre Estuary","Texas","PRESENT",NA,"c3ad790a-d426-4ac1-8e32-da61f81f0117",26.144444,-97.179444,100,NA,NA,NA,0.2,0.2,"2005-06-06T16:44",6,6,2005,2225642,2225642,"HUMAN_OBSERVATION","TPWD","Lower Laguna Madre Bag Seine",NA,NA,"",NA,"CC0_1_0","","",NA,NA,2025-02-06 20:42:40.819,"","CONTINENT_DERIVED_FROM_COORDINATES"
3403933311,"836204c6-f8ca-49f3-be9a-afbae64ae72c","Station_300_Date_28MAR2006:10:36:00.000_Callinectes_similis","Animalia","Arthropoda","Malacostraca","Decapoda","Portunidae","Callinectes","Callinectes similis",NA,"SPECIES","Callinectes similis Williams, 1966","Callinectes similis","A.B. Williams, 1966","US","Lower Laguna Madre Estuary","Texas","PRESENT",NA,"c3ad790a-d426-4ac1-8e32-da61f81f0117",26.138056,-97.293611,100,NA,NA,NA,0.1,0.1,"2006-03-28T10:36",28,3,2006,2225642,2225642,"HUMAN_OBSERVATION","TPWD","Lower Laguna Madre Bag Seine",NA,NA,"",NA,"CC0_1_0","","",NA,NA,2025-02-06 20:42:40.805,"","CONTINENT_DERIVED_FROM_COORDINATES"
3403933144,"836204c6-f8ca-49f3-be9a-afbae64ae72c","Station_301_Date_04NOV2008:16:17:00.000_Callinectes_similis","Animalia","Arthropoda","Malacostraca","Decapoda","Portunidae","Callinectes","Callinectes similis",NA,"SPECIES","Callinectes similis Williams, 1966","Callinectes similis","A.B. Williams, 1966","US","Lower Laguna Madre Estuary","Texas","PRESENT",NA,"c3ad790a-d426-4ac1-8e32-da61f81f0117",26.143611,-97.276944,100,NA,NA,NA,0.15,0.15,"2008-11-04T16:17",4,11,2008,2225642,2225642,"HUMAN_OBSERVATION","TPWD","Lower Laguna Madre Bag Seine",NA,NA,"",NA,"CC0_1_0","","",NA,NA,2025-02-06 20:42:39.442,"","CONTINENT_DERIVED_FROM_COORDINATES"
3403932993,"836204c6-f8ca-49f3-be9a-afbae64ae72c","Station_283_Date_13MAY2008:18:07:00.000_Callinectes_similis","Animalia","Arthropoda","Malacostraca","Decapoda","Portunidae","Callinectes","Callinectes similis",NA,"SPECIES","Callinectes similis Williams, 1966","Callinectes similis","A.B. Williams, 1966","US","Lower Laguna Madre Estuary","Texas","PRESENT",NA,"c3ad790a-d426-4ac1-8e32-da61f81f0117",26.176389,-97.297222,100,NA,NA,NA,0.2,0.2,"2008-05-13T18:07",13,5,2008,2225642,2225642,"HUMAN_OBSERVATION","TPWD","Lower Laguna Madre Bag Seine",NA,NA,"",NA,"CC0_1_0","","",NA,NA,2025-02-06 20:42:39.415,"","CONTINENT_DERIVED_FROM_COORDINATES"
3403931831,"836204c6-f8ca-49f3-be9a-afbae64ae72c","Station_235_Date_03NOV2008:16:23:00.000_Callinectes_similis","Animalia","Arthropoda","Malacostraca","Decapoda","Portunidae","Callinectes","Callinectes similis",NA,"SPECIES","Callinectes similis Williams, 1966","Callinectes similis","A.B. Williams, 1966","US","Lower Laguna Madre Estuary","Texas","PRESENT",NA,"c3ad790a-d426-4ac1-8e32-da61f81f0117",26.279722,-97.281389,100,NA,NA,NA,0.1,0.1,"2008-11-03T16:23",3,11,2008,2225642,2225642,"HUMAN_OBSERVATION","TPWD","Lower Laguna Madre Bag Seine",NA,NA,"",NA,"CC0_1_0","","",NA,NA,2025-02-06 20:42:39.155,"","CONTINENT_DERIVED_FROM_COORDINATES"
3403931732,"836204c6-f8ca-49f3-be9a-afbae64ae72c","Station_224_Date_06MAY2008:17:41:00.000_Callinectes_similis","Animalia","Arthropoda","Malacostraca","Decapoda","Portunidae","Callinectes","Callinectes similis",NA,"SPECIES","Callinectes similis Williams, 1966","Callinectes similis","A.B. Williams, 1966","US","Lower Laguna Madre Estuary","Texas","PRESENT",NA,"c3ad790a-d426-4ac1-8e32-da61f81f0117",26.295833,-97.301389,100,NA,NA,NA,0.15,0.15,"2008-05-06T17:41",6,5,2008,2225642,2225642,"HUMAN_OBSERVATION","TPWD","Lower Laguna Madre Bag Seine",NA,NA,"",NA,"CC0_1_0","","",NA,NA,2025-02-06 20:42:39.134,"","CONTINENT_DERIVED_FROM_COORDINATES"
3403931190,"836204c6-f8ca-49f3-be9a-afbae64ae72c","Station_290_Date_12JUN2006:18:28:00.000_Callinectes_similis","Animalia","Arthropoda","Malacostraca","Decapoda","Portunidae","Callinectes","Callinectes similis",NA,"SPECIES","Callinectes similis Williams, 1966","Callinectes similis","A.B. Williams, 1966","US","Lower Laguna Madre Estuary","Texas","PRESENT",NA,"c3ad790a-d426-4ac1-8e32-da61f81f0117",26.176944,-97.180556,100,NA,NA,NA,0.15,0.15,"2006-06-12T18:28",12,6,2006,2225642,2225642,"HUMAN_OBSERVATION","TPWD","Lower Laguna Madre Bag Seine",NA,NA,"",NA,"CC0_1_0","","",NA,NA,2025-02-06 20:42:40.415,"","CONTINENT_DERIVED_FROM_COORDINATES"
3403930916,"836204c6-f8ca-49f3-be9a-afbae64ae72c","Station_252_Date_01APR2006:11:05:00.000_Callinectes_similis","Animalia","Arthropoda","Malacostraca","Decapoda","Portunidae","Callinectes","Callinectes similis",NA,"SPECIES","Callinectes similis Williams, 1966","Callinectes similis","A.B. Williams, 1966","US","Lower Laguna Madre Estuary","Texas","PRESENT",NA,"c3ad790a-d426-4ac1-8e32-da61f81f0117",26.238333,-97.276667,100,NA,NA,NA,0.2,0.1,"2006-04-01T11:05",1,4,2006,2225642,2225642,"HUMAN_OBSERVATION","TPWD","Lower Laguna Madre Bag Seine",NA,NA,"",NA,"CC0_1_0","","",NA,NA,2025-02-06 20:42:40.346,"","CONTINENT_DERIVED_FROM_COORDINATES"
3403930587,"836204c6-f8ca-49f3-be9a-afbae64ae72c","Station_207_Date_04APR2005:10:06:00.000_Callinectes_similis","Animalia","Arthropoda","Malacostraca","Decapoda","Portunidae","Callinectes","Callinectes similis",NA,"SPECIES","Callinectes similis Williams, 1966","Callinectes similis","A.B. Williams, 1966","US","Lower Laguna Madre Estuary","Texas","PRESENT",NA,"c3ad790a-d426-4ac1-8e32-da61f81f0117",26.322778,-97.310833,100,NA,NA,NA,0.1,0.1,"2005-04-04T10:06",4,4,2005,2225642,2225642,"HUMAN_OBSERVATION","TPWD","Lower Laguna Madre Bag Seine",NA,NA,"",NA,"CC0_1_0","","",NA,NA,2025-02-06 20:42:40.264,"","CONTINENT_DERIVED_FROM_COORDINATES"
3403930196,"836204c6-f8ca-49f3-be9a-afbae64ae72c","Station_281_Date_03APR2006:11:23:00.000_Callinectes_similis","Animalia","Arthropoda","Malacostraca","Decapoda","Portunidae","Callinectes","Callinectes similis",NA,"SPECIES","Callinectes similis Williams, 1966","Callinectes similis","A.B. Williams, 1966","US","Lower Laguna Madre Estuary","Texas","PRESENT",NA,"c3ad790a-d426-4ac1-8e32-da61f81f0117",26.190833,-97.186667,100,NA,NA,NA,0.1,0.1,"2006-04-03T11:23",3,4,2006,2225642,2225642,"HUMAN_OBSERVATION","TPWD","Lower Laguna Madre Bag Seine",NA,NA,"",NA,"CC0_1_0","","",NA,NA,2025-02-06 20:42:40.749,"","CONTINENT_DERIVED_FROM_COORDINATES"
3403930074,"836204c6-f8ca-49f3-be9a-afbae64ae72c","Station_261_Date_01APR2006:11:45:00.000_Callinectes_similis","Animalia","Arthropoda","Malacostraca","Decapoda","Portunidae","Callinectes","Callinectes similis",NA,"SPECIES","Callinectes similis Williams, 1966","Callinectes similis","A.B. Williams, 1966","US","Lower Laguna Madre Estuary","Texas","PRESENT",NA,"c3ad790a-d426-4ac1-8e32-da61f81f0117",26.223333,-97.271389,100,NA,NA,NA,0.2,0.1,"2006-04-01T11:45",1,4,2006,2225642,2225642,"HUMAN_OBSERVATION","TPWD","Lower Laguna Madre Bag Seine",NA,NA,"",NA,"CC0_1_0","","",NA,NA,2025-02-06 20:42:40.718,"","CONTINENT_DERIVED_FROM_COORDINATES"
3403930027,"836204c6-f8ca-49f3-be9a-afbae64ae72c","Station_243_Date_29OCT2007:15:34:00.000_Callinectes_similis","Animalia","Arthropoda","Malacostraca","Decapoda","Portunidae","Callinectes","Callinectes similis",NA,"SPECIES","Callinectes similis Williams, 1966","Callinectes similis","A.B. Williams, 1966","US","Lower Laguna Madre Estuary","Texas","PRESENT",NA,"c3ad790a-d426-4ac1-8e32-da61f81f0117",26.256111,-97.2825,100,NA,NA,NA,0.1,0.1,"2007-10-29T15:34",29,10,2007,2225642,2225642,"HUMAN_OBSERVATION","TPWD","Lower Laguna Madre Bag Seine",NA,NA,"",NA,"CC0_1_0","","",NA,NA,2025-02-06 20:42:40.708,"","CONTINENT_DERIVED_FROM_COORDINATES"
3403929661,"836204c6-f8ca-49f3-be9a-afbae64ae72c","Station_198_Date_03APR2007:10:15:00.000_Callinectes_similis","Animalia","Arthropoda","Malacostraca","Decapoda","Portunidae","Callinectes","Callinectes similis",NA,"SPECIES","Callinectes similis Williams, 1966","Callinectes similis","A.B. Williams, 1966","US","Lower Laguna Madre Estuary","Texas","PRESENT",NA,"c3ad790a-d426-4ac1-8e32-da61f81f0117",26.345556,-97.320556,100,NA,NA,NA,0.15,0.15,"2007-04-03T10:15",3,4,2007,2225642,2225642,"HUMAN_OBSERVATION","TPWD","Lower Laguna Madre Bag Seine",NA,NA,"",NA,"CC0_1_0","","",NA,NA,2025-02-06 20:42:40.608,"","CONTINENT_DERIVED_FROM_COORDINATES"
3403929605,"836204c6-f8ca-49f3-be9a-afbae64ae72c","Station_178_Date_01MAR2005:11:33:00.000_Callinectes_similis","Animalia","Arthropoda","Malacostraca","Decapoda","Portunidae","Callinectes","Callinectes similis",NA,"SPECIES","Callinectes similis Williams, 1966","Callinectes similis","A.B. Williams, 1966","US","Lower Laguna Madre Estuary","Texas","PRESENT",NA,"c3ad790a-d426-4ac1-8e32-da61f81f0117",26.370278,-97.331389,100,NA,NA,NA,0.2,0.2,"2005-03-01T11:33",1,3,2005,2225642,2225642,"HUMAN_OBSERVATION","TPWD","Lower Laguna Madre Bag Seine",NA,NA,"",NA,"CC0_1_0","","",NA,NA,2025-02-06 20:42:40.591,"","CONTINENT_DERIVED_FROM_COORDINATES"
3403929529,"836204c6-f8ca-49f3-be9a-afbae64ae72c","Station_168_Date_19MAR2007:13:08:00.000_Callinectes_similis","Animalia","Arthropoda","Malacostraca","Decapoda","Portunidae","Callinectes","Callinectes similis",NA,"SPECIES","Callinectes similis Williams, 1966","Callinectes similis","A.B. Williams, 1966","US","Lower Laguna Madre Estuary","Texas","PRESENT",NA,"c3ad790a-d426-4ac1-8e32-da61f81f0117",26.389167,-97.337222,100,NA,NA,NA,0.2,0.2,"2007-03-19T13:08",19,3,2007,2225642,2225642,"HUMAN_OBSERVATION","TPWD","Lower Laguna Madre Bag Seine",NA,NA,"",NA,"CC0_1_0","","",NA,NA,2025-02-06 20:42:40.563,"","CONTINENT_DERIVED_FROM_COORDINATES"
3403929208,"836204c6-f8ca-49f3-be9a-afbae64ae72c","Station_299_Date_01MAY2007:18:13:00.000_Callinectes_similis","Animalia","Arthropoda","Malacostraca","Decapoda","Portunidae","Callinectes","Callinectes similis",NA,"SPECIES","Callinectes similis Williams, 1966","Callinectes similis","A.B. Williams, 1966","US","Lower Laguna Madre Estuary","Texas","PRESENT",NA,"c3ad790a-d426-4ac1-8e32-da61f81f0117",26.150556,-97.180833,100,NA,NA,NA,0.2,0.2,"2007-05-01T18:13",1,5,2007,2225642,2225642,"HUMAN_OBSERVATION","TPWD","Lower Laguna Madre Bag Seine",NA,NA,"",NA,"CC0_1_0","","",NA,NA,2025-02-06 20:42:40.339,"","CONTINENT_DERIVED_FROM_COORDINATES"
3403928850,"836204c6-f8ca-49f3-be9a-afbae64ae72c","Station_235_Date_18DEC2008:11:09:00.000_Callinectes_similis","Animalia","Arthropoda","Malacostraca","Decapoda","Portunidae","Callinectes","Callinectes similis",NA,"SPECIES","Callinectes similis Williams, 1966","Callinectes similis","A.B. Williams, 1966","US","Lower Laguna Madre Estuary","Texas","PRESENT",NA,"c3ad790a-d426-4ac1-8e32-da61f81f0117",26.280278,-97.281111,100,NA,NA,NA,0.15,0.15,"2008-12-18T11:09",18,12,2008,2225642,2225642,"HUMAN_OBSERVATION","TPWD","Lower Laguna Madre Bag Seine",NA,NA,"",NA,"CC0_1_0","","",NA,NA,2025-02-06 20:42:40.248,"","CONTINENT_DERIVED_FROM_COORDINATES"
3403928831,"836204c6-f8ca-49f3-be9a-afbae64ae72c","Station_234_Date_31MAY2005:16:26:00.000_Callinectes_similis","Animalia","Arthropoda","Malacostraca","Decapoda","Portunidae","Callinectes","Callinectes similis",NA,"SPECIES","Callinectes similis Williams, 1966","Callinectes similis","A.B. Williams, 1966","US","Lower Laguna Madre Estuary","Texas","PRESENT",NA,"c3ad790a-d426-4ac1-8e32-da61f81f0117",26.279722,-97.2875,100,NA,NA,NA,0.15,0.15,"2005-05-31T16:26",31,5,2005,2225642,2225642,"HUMAN_OBSERVATION","TPWD","Lower Laguna Madre Bag Seine",NA,NA,"",NA,"CC0_1_0","","",NA,NA,2025-02-06 20:42:40.245,"","CONTINENT_DERIVED_FROM_COORDINATES"
3403928705,"836204c6-f8ca-49f3-be9a-afbae64ae72c","Station_218_Date_10APR2006:12:55:00.000_Callinectes_similis","Animalia","Arthropoda","Malacostraca","Decapoda","Portunidae","Callinectes","Callinectes similis",NA,"SPECIES","Callinectes similis Williams, 1966","Callinectes similis","A.B. Williams, 1966","US","Lower Laguna Madre Estuary","Texas","PRESENT",NA,"c3ad790a-d426-4ac1-8e32-da61f81f0117",26.304722,-97.296111,100,NA,NA,NA,0.1,0.1,"2006-04-10T12:55",10,4,2006,2225642,2225642,"HUMAN_OBSERVATION","TPWD","Lower Laguna Madre Bag Seine",NA,NA,"",NA,"CC0_1_0","","",NA,NA,2025-02-06 20:42:40.214,"","CONTINENT_DERIVED_FROM_COORDINATES"
3403928490,"836204c6-f8ca-49f3-be9a-afbae64ae72c","Station_178_Date_01MAY2006:16:38:00.000_Callinectes_similis","Animalia","Arthropoda","Malacostraca","Decapoda","Portunidae","Callinectes","Callinectes similis",NA,"SPECIES","Callinectes similis Williams, 1966","Callinectes similis","A.B. Williams, 1966","US","Lower Laguna Madre Estuary","Texas","PRESENT",NA,"c3ad790a-d426-4ac1-8e32-da61f81f0117",26.367222,-97.329722,100,NA,NA,NA,0.15,0.15,"2006-05-01T16:38",1,5,2006,2225642,2225642,"HUMAN_OBSERVATION","TPWD","Lower Laguna Madre Bag Seine",NA,NA,"",NA,"CC0_1_0","","",NA,NA,2025-02-06 20:42:40.156,"","CONTINENT_DERIVED_FROM_COORDINATES"
3403928459,"836204c6-f8ca-49f3-be9a-afbae64ae72c","Station_177_Date_04APR2005:13:43:00.000_Callinectes_similis","Animalia","Arthropoda","Malacostraca","Decapoda","Portunidae","Callinectes","Callinectes similis",NA,"SPECIES","Callinectes similis Williams, 1966","Callinectes similis","A.B. Williams, 1966","US","Lower Laguna Madre Estuary","Texas","PRESENT",NA,"c3ad790a-d426-4ac1-8e32-da61f81f0117",26.380556,-97.334722,100,NA,NA,NA,0.15,0.15,"2005-04-04T13:43",4,4,2005,2225642,2225642,"HUMAN_OBSERVATION","TPWD","Lower Laguna Madre Bag Seine",NA,NA,"",NA,"CC0_1_0","","",NA,NA,2025-02-06 20:42:40.149,"","CONTINENT_DERIVED_FROM_COORDINATES"
3403927829,"836204c6-f8ca-49f3-be9a-afbae64ae72c","Station_242_Date_08OCT2008:16:35:00.000_Callinectes_similis","Animalia","Arthropoda","Malacostraca","Decapoda","Portunidae","Callinectes","Callinectes similis",NA,"SPECIES","Callinectes similis Williams, 1966","Callinectes similis","A.B. Williams, 1966","US","Lower Laguna Madre Estuary","Texas","PRESENT",NA,"c3ad790a-d426-4ac1-8e32-da61f81f0117",26.258333,-97.294722,100,NA,NA,NA,0.2,0.2,"2008-10-08T16:35",8,10,2008,2225642,2225642,"HUMAN_OBSERVATION","TPWD","Lower Laguna Madre Bag Seine",NA,NA,"",NA,"CC0_1_0","","",NA,NA,2025-02-06 20:42:39.381,"","CONTINENT_DERIVED_FROM_COORDINATES"
3403927703,"836204c6-f8ca-49f3-be9a-afbae64ae72c","Station_224_Date_04APR2005:10:40:00.000_Callinectes_similis","Animalia","Arthropoda","Malacostraca","Decapoda","Portunidae","Callinectes","Callinectes similis",NA,"SPECIES","Callinectes similis Williams, 1966","Callinectes similis","A.B. Williams, 1966","US","Lower Laguna Madre Estuary","Texas","PRESENT",NA,"c3ad790a-d426-4ac1-8e32-da61f81f0117",26.298056,-97.304722,100,NA,NA,NA,0.1,0.1,"2005-04-04T10:40",4,4,2005,2225642,2225642,"HUMAN_OBSERVATION","TPWD","Lower Laguna Madre Bag Seine",NA,NA,"",NA,"CC0_1_0","","",NA,NA,2025-02-06 20:42:39.364,"","CONTINENT_DERIVED_FROM_COORDINATES"
3403927439,"836204c6-f8ca-49f3-be9a-afbae64ae72c","Station_178_Date_07NOV2005:14:43:00.000_Callinectes_similis","Animalia","Arthropoda","Malacostraca","Decapoda","Portunidae","Callinectes","Callinectes similis",NA,"SPECIES","Callinectes similis Williams, 1966","Callinectes similis","A.B. Williams, 1966","US","Lower Laguna Madre Estuary","Texas","PRESENT",NA,"c3ad790a-d426-4ac1-8e32-da61f81f0117",26.371389,-97.331111,100,NA,NA,NA,0.15,0.15,"2005-11-07T14:43",7,11,2005,2225642,2225642,"HUMAN_OBSERVATION","TPWD","Lower Laguna Madre Bag Seine",NA,NA,"",NA,"CC0_1_0","","",NA,NA,2025-02-06 20:42:39.322,"","CONTINENT_DERIVED_FROM_COORDINATES"
3403927123,"836204c6-f8ca-49f3-be9a-afbae64ae72c","Station_289_Date_11NOV2008:09:24:00.000_Callinectes_similis","Animalia","Arthropoda","Malacostraca","Decapoda","Portunidae","Callinectes","Callinectes similis",NA,"SPECIES","Callinectes similis Williams, 1966","Callinectes similis","A.B. Williams, 1966","US","Lower Laguna Madre Estuary","Texas","PRESENT",NA,"c3ad790a-d426-4ac1-8e32-da61f81f0117",26.181944,-97.185278,100,NA,NA,NA,0.15,0.15,"2008-11-11T09:24",11,11,2008,2225642,2225642,"HUMAN_OBSERVATION","TPWD","Lower Laguna Madre Bag Seine",NA,NA,"",NA,"CC0_1_0","","",NA,NA,2025-02-06 20:42:39.188,"","CONTINENT_DERIVED_FROM_COORDINATES"
3403926999,"836204c6-f8ca-49f3-be9a-afbae64ae72c","Station_270_Date_23APR2008:10:43:00.000_Callinectes_similis","Animalia","Arthropoda","Malacostraca","Decapoda","Portunidae","Callinectes","Callinectes similis",NA,"SPECIES","Callinectes similis Williams, 1966","Callinectes similis","A.B. Williams, 1966","US","Lower Laguna Madre Estuary","Texas","PRESENT",NA,"c3ad790a-d426-4ac1-8e32-da61f81f0117",26.203333,-97.264167,100,NA,NA,NA,0.15,0.15,"2008-04-23T10:43",23,4,2008,2225642,2225642,"HUMAN_OBSERVATION","TPWD","Lower Laguna Madre Bag Seine",NA,NA,"",NA,"CC0_1_0","","",NA,NA,2025-02-06 20:42:39.174,"","CONTINENT_DERIVED_FROM_COORDINATES"
3403926985,"836204c6-f8ca-49f3-be9a-afbae64ae72c","Station_270_Date_11SEP2006:17:33:00.000_Callinectes_similis","Animalia","Arthropoda","Malacostraca","Decapoda","Portunidae","Callinectes","Callinectes similis",NA,"SPECIES","Callinectes similis Williams, 1966","Callinectes similis","A.B. Williams, 1966","US","Lower Laguna Madre Estuary","Texas","PRESENT",NA,"c3ad790a-d426-4ac1-8e32-da61f81f0117",26.201667,-97.265278,100,NA,NA,NA,0.15,0.15,"2006-09-11T17:33",11,9,2006,2225642,2225642,"HUMAN_OBSERVATION","TPWD","Lower Laguna Madre Bag Seine",NA,NA,"",NA,"CC0_1_0","","",NA,NA,2025-02-06 20:42:39.173,"","CONTINENT_DERIVED_FROM_COORDINATES"
3403926872,"836204c6-f8ca-49f3-be9a-afbae64ae72c","Station_243_Date_06MAY2008:18:04:00.000_Callinectes_similis","Animalia","Arthropoda","Malacostraca","Decapoda","Portunidae","Callinectes","Callinectes similis",NA,"SPECIES","Callinectes similis Williams, 1966","Callinectes similis","A.B. Williams, 1966","US","Lower Laguna Madre Estuary","Texas","PRESENT",NA,"c3ad790a-d426-4ac1-8e32-da61f81f0117",26.254722,-97.281944,100,NA,NA,NA,0.15,0.15,"2008-05-06T18:04",6,5,2008,2225642,2225642,"HUMAN_OBSERVATION","TPWD","Lower Laguna Madre Bag Seine",NA,NA,"",NA,"CC0_1_0","","",NA,NA,2025-02-06 20:42:39.161,"","CONTINENT_DERIVED_FROM_COORDINATES"
3403926483,"836204c6-f8ca-49f3-be9a-afbae64ae72c","Station_178_Date_09SEP2008:12:45:00.000_Callinectes_similis","Animalia","Arthropoda","Malacostraca","Decapoda","Portunidae","Callinectes","Callinectes similis",NA,"SPECIES","Callinectes similis Williams, 1966","Callinectes similis","A.B. Williams, 1966","US","Lower Laguna Madre Estuary","Texas","PRESENT",NA,"c3ad790a-d426-4ac1-8e32-da61f81f0117",26.366944,-97.323611,100,NA,NA,NA,0.2,0.2,"2008-09-09T12:45",9,9,2008,2225642,2225642,"HUMAN_OBSERVATION","TPWD","Lower Laguna Madre Bag Seine",NA,NA,"",NA,"CC0_1_0","","",NA,NA,2025-02-06 20:42:39.106,"","CONTINENT_DERIVED_FROM_COORDINATES"
3403926313,"836204c6-f8ca-49f3-be9a-afbae64ae72c","Station_154_Date_20MAY2008:18:10:00.000_Callinectes_similis","Animalia","Arthropoda","Malacostraca","Decapoda","Portunidae","Callinectes","Callinectes similis",NA,"SPECIES","Callinectes similis Williams, 1966","Callinectes similis","A.B. Williams, 1966","US","Lower Laguna Madre Estuary","Texas","PRESENT",NA,"c3ad790a-d426-4ac1-8e32-da61f81f0117",26.422778,-97.355,100,NA,NA,NA,0.15,0.15,"2008-05-20T18:10",20,5,2008,2225642,2225642,"HUMAN_OBSERVATION","TPWD","Lower Laguna Madre Bag Seine",NA,NA,"",NA,"CC0_1_0","","",NA,NA,2025-02-06 20:42:39.088,"","CONTINENT_DERIVED_FROM_COORDINATES"
3403926167,"836204c6-f8ca-49f3-be9a-afbae64ae72c","Station_290_Date_23JUN2008:12:49:00.000_Callinectes_similis","Animalia","Arthropoda","Malacostraca","Decapoda","Portunidae","Callinectes","Callinectes similis",NA,"SPECIES","Callinectes similis Williams, 1966","Callinectes similis","A.B. Williams, 1966","US","Lower Laguna Madre Estuary","Texas","PRESENT",NA,"c3ad790a-d426-4ac1-8e32-da61f81f0117",26.177222,-97.182222,100,NA,NA,NA,0.15,0.15,"2008-06-23T12:49",23,6,2008,2225642,2225642,"HUMAN_OBSERVATION","TPWD","Lower Laguna Madre Bag Seine",NA,NA,"",NA,"CC0_1_0","","",NA,NA,2025-02-06 20:42:40.418,"","CONTINENT_DERIVED_FROM_COORDINATES"
3403925900,"836204c6-f8ca-49f3-be9a-afbae64ae72c","Station_243_Date_13SEP2006:12:01:00.000_Callinectes_similis","Animalia","Arthropoda","Malacostraca","Decapoda","Portunidae","Callinectes","Callinectes similis",NA,"SPECIES","Callinectes similis Williams, 1966","Callinectes similis","A.B. Williams, 1966","US","Lower Laguna Madre Estuary","Texas","PRESENT",NA,"c3ad790a-d426-4ac1-8e32-da61f81f0117",26.261111,-97.283056,100,NA,NA,NA,0.2,0.2,"2006-09-13T12:01",13,9,2006,2225642,2225642,"HUMAN_OBSERVATION","TPWD","Lower Laguna Madre Bag Seine",NA,NA,"",NA,"CC0_1_0","","",NA,NA,2025-02-06 20:42:40.342,"","CONTINENT_DERIVED_FROM_COORDINATES"
3403925731,"836204c6-f8ca-49f3-be9a-afbae64ae72c","Station_224_Date_02MAY2005:17:29:00.000_Callinectes_similis","Animalia","Arthropoda","Malacostraca","Decapoda","Portunidae","Callinectes","Callinectes similis",NA,"SPECIES","Callinectes similis Williams, 1966","Callinectes similis","A.B. Williams, 1966","US","Lower Laguna Madre Estuary","Texas","PRESENT",NA,"c3ad790a-d426-4ac1-8e32-da61f81f0117",26.297222,-97.300833,100,NA,NA,NA,0.15,0.15,"2005-05-02T17:29",2,5,2005,2225642,2225642,"HUMAN_OBSERVATION","TPWD","Lower Laguna Madre Bag Seine",NA,NA,"",NA,"CC0_1_0","","",NA,NA,2025-02-06 20:42:40.301,"","CONTINENT_DERIVED_FROM_COORDINATES"
3403925610,"836204c6-f8ca-49f3-be9a-afbae64ae72c","Station_207_Date_01MAR2005:13:53:00.000_Callinectes_similis","Animalia","Arthropoda","Malacostraca","Decapoda","Portunidae","Callinectes","Callinectes similis",NA,"SPECIES","Callinectes similis Williams, 1966","Callinectes similis","A.B. Williams, 1966","US","Lower Laguna Madre Estuary","Texas","PRESENT",NA,"c3ad790a-d426-4ac1-8e32-da61f81f0117",26.326389,-97.311667,100,NA,NA,NA,0.2,0.2,"2005-03-01T13:53",1,3,2005,2225642,2225642,"HUMAN_OBSERVATION","TPWD","Lower Laguna Madre Bag Seine",NA,NA,"",NA,"CC0_1_0","","",NA,NA,2025-02-06 20:42:40.263,"","CONTINENT_DERIVED_FROM_COORDINATES"
3403925185,"836204c6-f8ca-49f3-be9a-afbae64ae72c","Station_281_Date_12JUN2006:20:13:00.000_Callinectes_similis","Animalia","Arthropoda","Malacostraca","Decapoda","Portunidae","Callinectes","Callinectes similis",NA,"SPECIES","Callinectes similis Williams, 1966","Callinectes similis","A.B. Williams, 1966","US","Lower Laguna Madre Estuary","Texas","PRESENT",NA,"c3ad790a-d426-4ac1-8e32-da61f81f0117",26.187222,-97.186111,100,NA,NA,NA,0.1,0.1,"2006-06-12T20:13",12,6,2006,2225642,2225642,"HUMAN_OBSERVATION","TPWD","Lower Laguna Madre Bag Seine",NA,NA,"",NA,"CC0_1_0","","",NA,NA,2025-02-06 20:42:40.308,"","CONTINENT_DERIVED_FROM_COORDINATES"
3403924890,"836204c6-f8ca-49f3-be9a-afbae64ae72c","Station_234_Date_04FEB2008:13:29:00.000_Callinectes_similis","Animalia","Arthropoda","Malacostraca","Decapoda","Portunidae","Callinectes","Callinectes similis",NA,"SPECIES","Callinectes similis Williams, 1966","Callinectes similis","A.B. Williams, 1966","US","Lower Laguna Madre Estuary","Texas","PRESENT",NA,"c3ad790a-d426-4ac1-8e32-da61f81f0117",26.282222,-97.2875,100,NA,NA,NA,0.05,0.05,"2008-02-04T13:29",4,2,2008,2225642,2225642,"HUMAN_OBSERVATION","TPWD","Lower Laguna Madre Bag Seine",NA,NA,"",NA,"CC0_1_0","","",NA,NA,2025-02-06 20:42:40.238,"","CONTINENT_DERIVED_FROM_COORDINATES"
3403924730,"836204c6-f8ca-49f3-be9a-afbae64ae72c","Station_217_Date_02MAY2005:18:19:00.000_Callinectes_similis","Animalia","Arthropoda","Malacostraca","Decapoda","Portunidae","Callinectes","Callinectes similis",NA,"SPECIES","Callinectes similis Williams, 1966","Callinectes similis","A.B. Williams, 1966","US","Lower Laguna Madre Estuary","Texas","PRESENT",NA,"c3ad790a-d426-4ac1-8e32-da61f81f0117",26.309167,-97.305556,100,NA,NA,NA,0.15,0.15,"2005-05-02T18:19",2,5,2005,2225642,2225642,"HUMAN_OBSERVATION","TPWD","Lower Laguna Madre Bag Seine",NA,NA,"",NA,"CC0_1_0","","",NA,NA,2025-02-06 20:42:40.203,"","CONTINENT_DERIVED_FROM_COORDINATES"
3403924588,"836204c6-f8ca-49f3-be9a-afbae64ae72c","Station_188_Date_01FEB2006:12:43:00.000_Callinectes_similis","Animalia","Arthropoda","Malacostraca","Decapoda","Portunidae","Callinectes","Callinectes similis",NA,"SPECIES","Callinectes similis Williams, 1966","Callinectes similis","A.B. Williams, 1966","US","Lower Laguna Madre Estuary","Texas","PRESENT",NA,"c3ad790a-d426-4ac1-8e32-da61f81f0117",26.363611,-97.331389,100,NA,NA,NA,0.2,0.2,"2006-02-01T12:43",1,2,2006,2225642,2225642,"HUMAN_OBSERVATION","TPWD","Lower Laguna Madre Bag Seine",NA,NA,"",NA,"CC0_1_0","","",NA,NA,2025-02-06 20:42:40.163,"","CONTINENT_DERIVED_FROM_COORDINATES"
3403924558,"836204c6-f8ca-49f3-be9a-afbae64ae72c","Station_178_Date_04OCT2006:14:08:00.000_Callinectes_similis","Animalia","Arthropoda","Malacostraca","Decapoda","Portunidae","Callinectes","Callinectes similis",NA,"SPECIES","Callinectes similis Williams, 1966","Callinectes similis","A.B. Williams, 1966","US","Lower Laguna Madre Estuary","Texas","PRESENT",NA,"c3ad790a-d426-4ac1-8e32-da61f81f0117",26.367778,-97.329722,100,NA,NA,NA,0.15,0.15,"2006-10-04T14:08",4,10,2006,2225642,2225642,"HUMAN_OBSERVATION","TPWD","Lower Laguna Madre Bag Seine",NA,NA,"",NA,"CC0_1_0","","",NA,NA,2025-02-06 20:42:40.157,"","CONTINENT_DERIVED_FROM_COORDINATES"
3403924520,"836204c6-f8ca-49f3-be9a-afbae64ae72c","Station_177_Date_05NOV2007:15:47:00.000_Callinectes_similis","Animalia","Arthropoda","Malacostraca","Decapoda","Portunidae","Callinectes","Callinectes similis",NA,"SPECIES","Callinectes similis Williams, 1966","Callinectes similis","A.B. Williams, 1966","US","Lower Laguna Madre Estuary","Texas","PRESENT",NA,"c3ad790a-d426-4ac1-8e32-da61f81f0117",26.376389,-97.335278,100,NA,NA,NA,0.15,0.15,"2007-11-05T15:47",5,11,2007,2225642,2225642,"HUMAN_OBSERVATION","TPWD","Lower Laguna Madre Bag Seine",NA,NA,"",NA,"CC0_1_0","","",NA,NA,2025-02-06 20:42:40.149,"","CONTINENT_DERIVED_FROM_COORDINATES"
3403924258,"836204c6-f8ca-49f3-be9a-afbae64ae72c","Station_292_Date_28MAY2007:14:07:00.000_Callinectes_similis","Animalia","Arthropoda","Malacostraca","Decapoda","Portunidae","Callinectes","Callinectes similis",NA,"SPECIES","Callinectes similis Williams, 1966","Callinectes similis","A.B. Williams, 1966","US","Lower Laguna Madre Estuary","Texas","PRESENT",NA,"c3ad790a-d426-4ac1-8e32-da61f81f0117",26.1575,-97.296667,100,NA,NA,NA,0.3,0.2,"2007-05-28T14:07",28,5,2007,2225642,2225642,"HUMAN_OBSERVATION","TPWD","Lower Laguna Madre Bag Seine",NA,NA,"",NA,"CC0_1_0","","",NA,NA,2025-02-06 20:42:40.792,"","CONTINENT_DERIVED_FROM_COORDINATES"
3403923763,"836204c6-f8ca-49f3-be9a-afbae64ae72c","Station_218_Date_08OCT2008:16:09:00.000_Callinectes_similis","Animalia","Arthropoda","Malacostraca","Decapoda","Portunidae","Callinectes","Callinectes similis",NA,"SPECIES","Callinectes similis Williams, 1966","Callinectes similis","A.B. Williams, 1966","US","Lower Laguna Madre Estuary","Texas","PRESENT",NA,"c3ad790a-d426-4ac1-8e32-da61f81f0117",26.303611,-97.2975,100,NA,NA,NA,0.15,0.15,"2008-10-08T16:09",8,10,2008,2225642,2225642,"HUMAN_OBSERVATION","TPWD","Lower Laguna Madre Bag Seine",NA,NA,"",NA,"CC0_1_0","","",NA,NA,2025-02-06 20:42:40.646,"","CONTINENT_DERIVED_FROM_COORDINATES"
3403923631,"836204c6-f8ca-49f3-be9a-afbae64ae72c","Station_198_Date_11DEC2006:13:12:00.000_Callinectes_similis","Animalia","Arthropoda","Malacostraca","Decapoda","Portunidae","Callinectes","Callinectes similis",NA,"SPECIES","Callinectes similis Williams, 1966","Callinectes similis","A.B. Williams, 1966","US","Lower Laguna Madre Estuary","Texas","PRESENT",NA,"c3ad790a-d426-4ac1-8e32-da61f81f0117",26.343611,-97.32,100,NA,NA,NA,0.15,0.15,"2006-12-11T13:12",11,12,2006,2225642,2225642,"HUMAN_OBSERVATION","TPWD","Lower Laguna Madre Bag Seine",NA,NA,"",NA,"CC0_1_0","","",NA,NA,2025-02-06 20:42:40.612,"","CONTINENT_DERIVED_FROM_COORDINATES"
3403923519,"836204c6-f8ca-49f3-be9a-afbae64ae72c","Station_177_Date_01APR2008:14:30:00.000_Callinectes_similis","Animalia","Arthropoda","Malacostraca","Decapoda","Portunidae","Callinectes","Callinectes similis",NA,"SPECIES","Callinectes similis Williams, 1966","Callinectes similis","A.B. Williams, 1966","US","Lower Laguna Madre Estuary","Texas","PRESENT",NA,"c3ad790a-d426-4ac1-8e32-da61f81f0117",26.376944,-97.335556,100,NA,NA,NA,0.15,0.15,"2008-04-01T14:30",1,4,2008,2225642,2225642,"HUMAN_OBSERVATION","TPWD","Lower Laguna Madre Bag Seine",NA,NA,"",NA,"CC0_1_0","","",NA,NA,2025-02-06 20:42:40.582,"","CONTINENT_DERIVED_FROM_COORDINATES"
3403923199,"836204c6-f8ca-49f3-be9a-afbae64ae72c","Station_154_Date_22JAN2007:10:43:00.000_Callinectes_similis","Animalia","Arthropoda","Malacostraca","Decapoda","Portunidae","Callinectes","Callinectes similis",NA,"SPECIES","Callinectes similis Williams, 1966","Callinectes similis","A.B. Williams, 1966","US","Lower Laguna Madre Estuary","Texas","PRESENT",NA,"c3ad790a-d426-4ac1-8e32-da61f81f0117",26.422778,-97.354722,100,NA,NA,NA,0.1,0.1,"2007-01-22T10:43",22,1,2007,2225642,2225642,"HUMAN_OBSERVATION","TPWD","Lower Laguna Madre Bag Seine",NA,NA,"",NA,"CC0_1_0","","",NA,NA,2025-02-06 20:42:39.303,"","CONTINENT_DERIVED_FROM_COORDINATES"
3403923174,"836204c6-f8ca-49f3-be9a-afbae64ae72c","Station_154_Date_02JUN2008:11:38:00.000_Callinectes_similis","Animalia","Arthropoda","Malacostraca","Decapoda","Portunidae","Callinectes","Callinectes similis",NA,"SPECIES","Callinectes similis Williams, 1966","Callinectes similis","A.B. Williams, 1966","US","Lower Laguna Madre Estuary","Texas","PRESENT",NA,"c3ad790a-d426-4ac1-8e32-da61f81f0117",26.422778,-97.356111,100,NA,NA,NA,0.15,0.15,"2008-06-02T11:38",2,6,2008,2225642,2225642,"HUMAN_OBSERVATION","TPWD","Lower Laguna Madre Bag Seine",NA,NA,"",NA,"CC0_1_0","","",NA,NA,2025-02-06 20:42:39.3,"","CONTINENT_DERIVED_FROM_COORDINATES"
3403923171,"836204c6-f8ca-49f3-be9a-afbae64ae72c","Station_154_Date_01MAY2006:17:53:00.000_Callinectes_similis","Animalia","Arthropoda","Malacostraca","Decapoda","Portunidae","Callinectes","Callinectes similis",NA,"SPECIES","Callinectes similis Williams, 1966","Callinectes similis","A.B. Williams, 1966","US","Lower Laguna Madre Estuary","Texas","PRESENT",NA,"c3ad790a-d426-4ac1-8e32-da61f81f0117",26.431111,-97.358333,100,NA,NA,NA,0.1,0.1,"2006-05-01T17:53",1,5,2006,2225642,2225642,"HUMAN_OBSERVATION","TPWD","Lower Laguna Madre Bag Seine",NA,NA,"",NA,"CC0_1_0","","",NA,NA,2025-02-06 20:42:39.3,"","CONTINENT_DERIVED_FROM_COORDINATES"
3403923093,"836204c6-f8ca-49f3-be9a-afbae64ae72c","Station_129_Date_08APR2008:12:37:00.000_Callinectes_similis","Animalia","Arthropoda","Malacostraca","Decapoda","Portunidae","Callinectes","Callinectes similis",NA,"SPECIES","Callinectes similis Williams, 1966","Callinectes similis","A.B. Williams, 1966","US","Lower Laguna Madre Estuary","Texas","PRESENT",NA,"c3ad790a-d426-4ac1-8e32-da61f81f0117",26.481111,-97.381667,100,NA,NA,NA,0.15,0.15,"2008-04-08T12:37",8,4,2008,2225642,2225642,"HUMAN_OBSERVATION","TPWD","Lower Laguna Madre Bag Seine",NA,NA,"",NA,"CC0_1_0","","",NA,NA,2025-02-06 20:42:39.289,"","CONTINENT_DERIVED_FROM_COORDINATES"
3403922491,"836204c6-f8ca-49f3-be9a-afbae64ae72c","Station_47_Date_21NOV2005:14:13:00.000_Callinectes_similis","Animalia","Arthropoda","Malacostraca","Decapoda","Portunidae","Callinectes","Callinectes similis",NA,"SPECIES","Callinectes similis Williams, 1966","Callinectes similis","A.B. Williams, 1966","US","Lower Laguna Madre Estuary","Texas","PRESENT",NA,"c3ad790a-d426-4ac1-8e32-da61f81f0117",26.654722,-97.453889,100,NA,NA,NA,0.15,0.15,"2005-11-21T14:13",21,11,2005,2225642,2225642,"HUMAN_OBSERVATION","TPWD","Lower Laguna Madre Bag Seine",NA,NA,"",NA,"CC0_1_0","","",NA,NA,2025-02-06 20:42:39.194,"","CONTINENT_DERIVED_FROM_COORDINATES"
3403921864,"836204c6-f8ca-49f3-be9a-afbae64ae72c","Station_80_Date_17MAY2005:17:45:00.000_Callinectes_similis","Animalia","Arthropoda","Malacostraca","Decapoda","Portunidae","Callinectes","Callinectes similis",NA,"SPECIES","Callinectes similis Williams, 1966","Callinectes similis","A.B. Williams, 1966","US","Lower Laguna Madre Estuary","Texas","PRESENT",NA,"c3ad790a-d426-4ac1-8e32-da61f81f0117",26.576944,-97.429167,100,NA,NA,NA,0.2,0.2,"2005-05-17T17:45",17,5,2005,2225642,2225642,"HUMAN_OBSERVATION","TPWD","Lower Laguna Madre Bag Seine",NA,NA,"",NA,"CC0_1_0","","",NA,NA,2025-02-06 20:42:39.021,"","CONTINENT_DERIVED_FROM_COORDINATES"
3403920951,"836204c6-f8ca-49f3-be9a-afbae64ae72c","Station_90_Date_07MAR2005:12:54:00.000_Callinectes_similis","Animalia","Arthropoda","Malacostraca","Decapoda","Portunidae","Callinectes","Callinectes similis",NA,"SPECIES","Callinectes similis Williams, 1966","Callinectes similis","A.B. Williams, 1966","US","Lower Laguna Madre Estuary","Texas","PRESENT",NA,"c3ad790a-d426-4ac1-8e32-da61f81f0117",26.559167,-97.368889,100,NA,NA,NA,0.1,0.1,"2005-03-07T12:54",7,3,2005,2225642,2225642,"HUMAN_OBSERVATION","TPWD","Lower Laguna Madre Bag Seine",NA,NA,"",NA,"CC0_1_0","","",NA,NA,2025-02-06 20:42:40.079,"","CONTINENT_DERIVED_FROM_COORDINATES"
3403920205,"836204c6-f8ca-49f3-be9a-afbae64ae72c","Station_112_Date_18APR2005:16:42:00.000_Callinectes_similis","Animalia","Arthropoda","Malacostraca","Decapoda","Portunidae","Callinectes","Callinectes similis",NA,"SPECIES","Callinectes similis Williams, 1966","Callinectes similis","A.B. Williams, 1966","US","Lower Laguna Madre Estuary","Texas","PRESENT",NA,"c3ad790a-d426-4ac1-8e32-da61f81f0117",26.503333,-97.408889,100,NA,NA,NA,0.15,0.15,"2005-04-18T16:42",18,4,2005,2225642,2225642,"HUMAN_OBSERVATION","TPWD","Lower Laguna Madre Bag Seine",NA,NA,"",NA,"CC0_1_0","","",NA,NA,2025-02-06 20:42:40.481,"","CONTINENT_DERIVED_FROM_COORDINATES"
3403920166,"836204c6-f8ca-49f3-be9a-afbae64ae72c","Station_105_Date_24MAR2008:09:50:00.000_Callinectes_similis","Animalia","Arthropoda","Malacostraca","Decapoda","Portunidae","Callinectes","Callinectes similis",NA,"SPECIES","Callinectes similis Williams, 1966","Callinectes similis","A.B. Williams, 1966","US","Lower Laguna Madre Estuary","Texas","PRESENT",NA,"c3ad790a-d426-4ac1-8e32-da61f81f0117",26.520556,-97.400278,100,NA,NA,NA,0.15,0.15,"2008-03-24T09:50",24,3,2008,2225642,2225642,"HUMAN_OBSERVATION","TPWD","Lower Laguna Madre Bag Seine",NA,NA,"",NA,"CC0_1_0","","",NA,NA,2025-02-06 20:42:40.472,"","CONTINENT_DERIVED_FROM_COORDINATES"
3403919886,"836204c6-f8ca-49f3-be9a-afbae64ae72c","Station_74_Date_08JAN2007:12:56:00.000_Callinectes_similis","Animalia","Arthropoda","Malacostraca","Decapoda","Portunidae","Callinectes","Callinectes similis",NA,"SPECIES","Callinectes similis Williams, 1966","Callinectes similis","A.B. Williams, 1966","US","Lower Laguna Madre Estuary","Texas","PRESENT",NA,"c3ad790a-d426-4ac1-8e32-da61f81f0117",26.585278,-97.4325,100,NA,NA,NA,0.1,0.1,"2007-01-08T12:56",8,1,2007,2225642,2225642,"HUMAN_OBSERVATION","TPWD","Lower Laguna Madre Bag Seine",NA,NA,"",NA,"CC0_1_0","","",NA,NA,2025-02-06 20:42:40.391,"","CONTINENT_DERIVED_FROM_COORDINATES"
3403919083,"836204c6-f8ca-49f3-be9a-afbae64ae72c","Station_112_Date_03OCT2006:15:50:00.000_Callinectes_similis","Animalia","Arthropoda","Malacostraca","Decapoda","Portunidae","Callinectes","Callinectes similis",NA,"SPECIES","Callinectes similis Williams, 1966","Callinectes similis","A.B. Williams, 1966","US","Lower Laguna Madre Estuary","Texas","PRESENT",NA,"c3ad790a-d426-4ac1-8e32-da61f81f0117",26.509722,-97.411389,100,NA,NA,NA,0.1,0.1,"2006-10-03T15:50",3,10,2006,2225642,2225642,"HUMAN_OBSERVATION","TPWD","Lower Laguna Madre Bag Seine",NA,NA,"",NA,"CC0_1_0","","",NA,NA,2025-02-06 20:42:40.053,"","CONTINENT_DERIVED_FROM_COORDINATES"
3403918262,"836204c6-f8ca-49f3-be9a-afbae64ae72c","Station_146_Date_10APR2006:11:59:00.000_Callinectes_similis","Animalia","Arthropoda","Malacostraca","Decapoda","Portunidae","Callinectes","Callinectes similis",NA,"SPECIES","Callinectes similis Williams, 1966","Callinectes similis","A.B. Williams, 1966","US","Lower Laguna Madre Estuary","Texas","PRESENT",NA,"c3ad790a-d426-4ac1-8e32-da61f81f0117",26.437778,-97.361389,100,NA,NA,NA,0.1,0.1,"2006-04-10T11:59",10,4,2006,2225642,2225642,"HUMAN_OBSERVATION","TPWD","Lower Laguna Madre Bag Seine",NA,NA,"",NA,"CC0_1_0","","",NA,NA,2025-02-06 20:42:39.083,"","CONTINENT_DERIVED_FROM_COORDINATES"
3403918102,"836204c6-f8ca-49f3-be9a-afbae64ae72c","Station_113_Date_05AUG2008:14:10:00.000_Callinectes_similis","Animalia","Arthropoda","Malacostraca","Decapoda","Portunidae","Callinectes","Callinectes similis",NA,"SPECIES","Callinectes similis Williams, 1966","Callinectes similis","A.B. Williams, 1966","US","Lower Laguna Madre Estuary","Texas","PRESENT",NA,"c3ad790a-d426-4ac1-8e32-da61f81f0117",26.514722,-97.396389,100,NA,NA,NA,0.2,0.2,"2008-08-05T14:10",5,8,2008,2225642,2225642,"HUMAN_OBSERVATION","TPWD","Lower Laguna Madre Bag Seine",NA,NA,"",NA,"CC0_1_0","","",NA,NA,2025-02-06 20:42:39.055,"","CONTINENT_DERIVED_FROM_COORDINATES"
3403918041,"836204c6-f8ca-49f3-be9a-afbae64ae72c","Station_105_Date_26MAY2008:17:46:00.000_Callinectes_similis","Animalia","Arthropoda","Malacostraca","Decapoda","Portunidae","Callinectes","Callinectes similis",NA,"SPECIES","Callinectes similis Williams, 1966","Callinectes similis","A.B. Williams, 1966","US","Lower Laguna Madre Estuary","Texas","PRESENT",NA,"c3ad790a-d426-4ac1-8e32-da61f81f0117",26.520833,-97.400278,100,NA,NA,NA,0.25,0.25,"2008-05-26T17:46",26,5,2008,2225642,2225642,"HUMAN_OBSERVATION","TPWD","Lower Laguna Madre Bag Seine",NA,NA,"",NA,"CC0_1_0","","",NA,NA,2025-02-06 20:42:39.048,"","CONTINENT_DERIVED_FROM_COORDINATES"
3403918013,"836204c6-f8ca-49f3-be9a-afbae64ae72c","Station_105_Date_04JAN2008:09:58:00.000_Callinectes_similis","Animalia","Arthropoda","Malacostraca","Decapoda","Portunidae","Callinectes","Callinectes similis",NA,"SPECIES","Callinectes similis Williams, 1966","Callinectes similis","A.B. Williams, 1966","US","Lower Laguna Madre Estuary","Texas","PRESENT",NA,"c3ad790a-d426-4ac1-8e32-da61f81f0117",26.519444,-97.401389,100,NA,NA,NA,0.1,0.1,"2008-01-04T09:58",4,1,2008,2225642,2225642,"HUMAN_OBSERVATION","TPWD","Lower Laguna Madre Bag Seine",NA,NA,"",NA,"CC0_1_0","","",NA,NA,2025-02-06 20:42:39.045,"","CONTINENT_DERIVED_FROM_COORDINATES"
3403917916,"836204c6-f8ca-49f3-be9a-afbae64ae72c","Station_90_Date_12JUN2007:18:30:00.000_Callinectes_similis","Animalia","Arthropoda","Malacostraca","Decapoda","Portunidae","Callinectes","Callinectes similis",NA,"SPECIES","Callinectes similis Williams, 1966","Callinectes similis","A.B. Williams, 1966","US","Lower Laguna Madre Estuary","Texas","PRESENT",NA,"c3ad790a-d426-4ac1-8e32-da61f81f0117",26.559167,-97.374444,100,NA,NA,NA,0.05,0.05,"2007-06-12T18:30",12,6,2007,2225642,2225642,"HUMAN_OBSERVATION","TPWD","Lower Laguna Madre Bag Seine",NA,NA,"",NA,"CC0_1_0","","",NA,NA,2025-02-06 20:42:39.033,"","CONTINENT_DERIVED_FROM_COORDINATES"
3403917751,"836204c6-f8ca-49f3-be9a-afbae64ae72c","Station_74_Date_10OCT2005:15:25:00.000_Callinectes_similis","Animalia","Arthropoda","Malacostraca","Decapoda","Portunidae","Callinectes","Callinectes similis",NA,"SPECIES","Callinectes similis Williams, 1966","Callinectes similis","A.B. Williams, 1966","US","Lower Laguna Madre Estuary","Texas","PRESENT",NA,"c3ad790a-d426-4ac1-8e32-da61f81f0117",26.584444,-97.432778,100,NA,NA,NA,0.2,0.2,"2005-10-10T15:25",10,10,2005,2225642,2225642,"HUMAN_OBSERVATION","TPWD","Lower Laguna Madre Bag Seine",NA,NA,"",NA,"CC0_1_0","","",NA,NA,2025-02-06 20:42:39.014,"","CONTINENT_DERIVED_FROM_COORDINATES"
3403917721,"836204c6-f8ca-49f3-be9a-afbae64ae72c","Station_73_Date_07DEC2005:12:09:00.000_Callinectes_similis","Animalia","Arthropoda","Malacostraca","Decapoda","Portunidae","Callinectes","Callinectes similis",NA,"SPECIES","Callinectes similis Williams, 1966","Callinectes similis","A.B. Williams, 1966","US","Lower Laguna Madre Estuary","Texas","PRESENT",NA,"c3ad790a-d426-4ac1-8e32-da61f81f0117",26.597222,-97.438056,100,NA,NA,NA,0.15,0.15,"2005-12-07T12:09",7,12,2005,2225642,2225642,"HUMAN_OBSERVATION","TPWD","Lower Laguna Madre Bag Seine",NA,NA,"",NA,"CC0_1_0","","",NA,NA,2025-02-06 20:42:39.01,"","CONTINENT_DERIVED_FROM_COORDINATES"
3403917036,"836204c6-f8ca-49f3-be9a-afbae64ae72c","Station_112_Date_18APR2006:15:52:00.000_Callinectes_similis","Animalia","Arthropoda","Malacostraca","Decapoda","Portunidae","Callinectes","Callinectes similis",NA,"SPECIES","Callinectes similis Williams, 1966","Callinectes similis","A.B. Williams, 1966","US","Lower Laguna Madre Estuary","Texas","PRESENT",NA,"c3ad790a-d426-4ac1-8e32-da61f81f0117",26.513056,-97.413611,100,NA,NA,NA,0.25,0.15,"2006-04-18T15:52",18,4,2006,2225642,2225642,"HUMAN_OBSERVATION","TPWD","Lower Laguna Madre Bag Seine",NA,NA,"",NA,"CC0_1_0","","",NA,NA,2025-02-06 20:42:39.265,"","CONTINENT_DERIVED_FROM_COORDINATES"
3403916797,"836204c6-f8ca-49f3-be9a-afbae64ae72c","Station_88_Date_05DEC2006:13:41:00.000_Callinectes_similis","Animalia","Arthropoda","Malacostraca","Decapoda","Portunidae","Callinectes","Callinectes similis",NA,"SPECIES","Callinectes similis Williams, 1966","Callinectes similis","A.B. Williams, 1966","US","Lower Laguna Madre Estuary","Texas","PRESENT",NA,"c3ad790a-d426-4ac1-8e32-da61f81f0117",26.561389,-97.401667,100,NA,NA,NA,0.2,0.2,"2006-12-05T13:41",5,12,2006,2225642,2225642,"HUMAN_OBSERVATION","TPWD","Lower Laguna Madre Bag Seine",NA,NA,"",NA,"CC0_1_0","","",NA,NA,2025-02-06 20:42:39.237,"","CONTINENT_DERIVED_FROM_COORDINATES"
3403916283,"836204c6-f8ca-49f3-be9a-afbae64ae72c","Station_146_Date_05NOV2007:16:17:00.000_Callinectes_similis","Animalia","Arthropoda","Malacostraca","Decapoda","Portunidae","Callinectes","Callinectes similis",NA,"SPECIES","Callinectes similis Williams, 1966","Callinectes similis","A.B. Williams, 1966","US","Lower Laguna Madre Estuary","Texas","PRESENT",NA,"c3ad790a-d426-4ac1-8e32-da61f81f0117",26.436111,-97.361667,100,NA,NA,NA,0.15,0.15,"2007-11-05T16:17",5,11,2007,2225642,2225642,"HUMAN_OBSERVATION","TPWD","Lower Laguna Madre Bag Seine",NA,NA,"",NA,"CC0_1_0","","",NA,NA,2025-02-06 20:42:40.179,"","CONTINENT_DERIVED_FROM_COORDINATES"
3403916266,"836204c6-f8ca-49f3-be9a-afbae64ae72c","Station_137_Date_19MAR2008:11:40:00.000_Callinectes_similis","Animalia","Arthropoda","Malacostraca","Decapoda","Portunidae","Callinectes","Callinectes similis",NA,"SPECIES","Callinectes similis Williams, 1966","Callinectes similis","A.B. Williams, 1966","US","Lower Laguna Madre Estuary","Texas","PRESENT",NA,"c3ad790a-d426-4ac1-8e32-da61f81f0117",26.460278,-97.373056,100,NA,NA,NA,0.15,0.15,"2008-03-19T11:40",19,3,2008,2225642,2225642,"HUMAN_OBSERVATION","TPWD","Lower Laguna Madre Bag Seine",NA,NA,"",NA,"CC0_1_0","","",NA,NA,2025-02-06 20:42:40.175,"","CONTINENT_DERIVED_FROM_COORDINATES"
3403915964,"836204c6-f8ca-49f3-be9a-afbae64ae72c","Station_104_Date_05DEC2006:14:53:00.000_Callinectes_similis","Animalia","Arthropoda","Malacostraca","Decapoda","Portunidae","Callinectes","Callinectes similis",NA,"SPECIES","Callinectes similis Williams, 1966","Callinectes similis","A.B. Williams, 1966","US","Lower Laguna Madre Estuary","Texas","PRESENT",NA,"c3ad790a-d426-4ac1-8e32-da61f81f0117",26.530833,-97.42,100,NA,NA,NA,0.2,0.2,"2006-12-05T14:53",5,12,2006,2225642,2225642,"HUMAN_OBSERVATION","TPWD","Lower Laguna Madre Bag Seine",NA,NA,"",NA,"CC0_1_0","","",NA,NA,2025-02-06 20:42:40.093,"","CONTINENT_DERIVED_FROM_COORDINATES"
3403915839,"836204c6-f8ca-49f3-be9a-afbae64ae72c","Station_88_Date_17DEC2007:10:57:00.000_Callinectes_similis","Animalia","Arthropoda","Malacostraca","Decapoda","Portunidae","Callinectes","Callinectes similis",NA,"SPECIES","Callinectes similis Williams, 1966","Callinectes similis","A.B. Williams, 1966","US","Lower Laguna Madre Estuary","Texas","PRESENT",NA,"c3ad790a-d426-4ac1-8e32-da61f81f0117",26.564444,-97.401944,100,NA,NA,NA,0.15,0.15,"2007-12-17T10:57",17,12,2007,2225642,2225642,"HUMAN_OBSERVATION","TPWD","Lower Laguna Madre Bag Seine",NA,NA,"",NA,"CC0_1_0","","",NA,NA,2025-02-06 20:42:40.068,"","CONTINENT_DERIVED_FROM_COORDINATES"
3403915592,"836204c6-f8ca-49f3-be9a-afbae64ae72c","Station_54_Date_05MAR2008:12:01:00.000_Callinectes_similis","Animalia","Arthropoda","Malacostraca","Decapoda","Portunidae","Callinectes","Callinectes similis",NA,"SPECIES","Callinectes similis Williams, 1966","Callinectes similis","A.B. Williams, 1966","US","Lower Laguna Madre Estuary","Texas","PRESENT",NA,"c3ad790a-d426-4ac1-8e32-da61f81f0117",26.642222,-97.446389,100,NA,NA,NA,0.1,0.1,"2008-03-05T12:01",5,3,2008,2225642,2225642,"HUMAN_OBSERVATION","TPWD","Lower Laguna Madre Bag Seine",NA,NA,"",NA,"CC0_1_0","","",NA,NA,2025-02-06 20:42:39.999,"","CONTINENT_DERIVED_FROM_COORDINATES"
3403914758,"836204c6-f8ca-49f3-be9a-afbae64ae72c","Station_54_Date_29SEP2008:18:07:00.000_Callinectes_similis","Animalia","Arthropoda","Malacostraca","Decapoda","Portunidae","Callinectes","Callinectes similis",NA,"SPECIES","Callinectes similis Williams, 1966","Callinectes similis","A.B. Williams, 1966","US","Lower Laguna Madre Estuary","Texas","PRESENT",NA,"c3ad790a-d426-4ac1-8e32-da61f81f0117",26.640833,-97.446111,100,NA,NA,NA,0.25,0.25,"2008-09-29T18:07",29,9,2008,2225642,2225642,"HUMAN_OBSERVATION","TPWD","Lower Laguna Madre Bag Seine",NA,NA,"",NA,"CC0_1_0","","",NA,NA,2025-02-06 20:42:40.356,"","CONTINENT_DERIVED_FROM_COORDINATES"
3403914663,"836204c6-f8ca-49f3-be9a-afbae64ae72c","Station_42_Date_25APR2005:17:54:00.000_Callinectes_similis","Animalia","Arthropoda","Malacostraca","Decapoda","Portunidae","Callinectes","Callinectes similis",NA,"SPECIES","Callinectes similis Williams, 1966","Callinectes similis","A.B. Williams, 1966","US","Lower Laguna Madre Estuary","Texas","PRESENT",NA,"c3ad790a-d426-4ac1-8e32-da61f81f0117",26.678333,-97.4575,100,NA,NA,NA,0.2,0.2,"2005-04-25T17:54",25,4,2005,2225642,2225642,"HUMAN_OBSERVATION","TPWD","Lower Laguna Madre Bag Seine",NA,NA,"",NA,"CC0_1_0","","",NA,NA,2025-02-06 20:42:40.331,"","CONTINENT_DERIVED_FROM_COORDINATES"
3403914294,"836204c6-f8ca-49f3-be9a-afbae64ae72c","Station_129_Date_18APR2005:17:17:00.000_Callinectes_similis","Animalia","Arthropoda","Malacostraca","Decapoda","Portunidae","Callinectes","Callinectes similis",NA,"SPECIES","Callinectes similis Williams, 1966","Callinectes similis","A.B. Williams, 1966","US","Lower Laguna Madre Estuary","Texas","PRESENT",NA,"c3ad790a-d426-4ac1-8e32-da61f81f0117",26.480278,-97.380833,100,NA,NA,NA,0.1,0.1,"2005-04-18T17:17",18,4,2005,2225642,2225642,"HUMAN_OBSERVATION","TPWD","Lower Laguna Madre Bag Seine",NA,NA,"",NA,"CC0_1_0","","",NA,NA,2025-02-06 20:42:40.089,"","CONTINENT_DERIVED_FROM_COORDINATES"
3403913870,"836204c6-f8ca-49f3-be9a-afbae64ae72c","Station_80_Date_21APR2008:15:46:00.000_Callinectes_similis","Animalia","Arthropoda","Malacostraca","Decapoda","Portunidae","Callinectes","Callinectes similis",NA,"SPECIES","Callinectes similis Williams, 1966","Callinectes similis","A.B. Williams, 1966","US","Lower Laguna Madre Estuary","Texas","PRESENT",NA,"c3ad790a-d426-4ac1-8e32-da61f81f0117",26.571389,-97.428611,100,NA,NA,NA,0.15,0.15,"2008-04-21T15:46",21,4,2008,2225642,2225642,"HUMAN_OBSERVATION","TPWD","Lower Laguna Madre Bag Seine",NA,NA,"",NA,"CC0_1_0","","",NA,NA,2025-02-06 20:42:39.985,"","CONTINENT_DERIVED_FROM_COORDINATES"
3403912190,"836204c6-f8ca-49f3-be9a-afbae64ae72c","Station_32_Date_01APR2008:11:04:00.000_Callinectes_similis","Animalia","Arthropoda","Malacostraca","Decapoda","Portunidae","Callinectes","Callinectes similis",NA,"SPECIES","Callinectes similis Williams, 1966","Callinectes similis","A.B. Williams, 1966","US","Lower Laguna Madre Estuary","Texas","PRESENT",NA,"c3ad790a-d426-4ac1-8e32-da61f81f0117",26.708333,-97.466389,100,NA,NA,NA,0.2,0.2,"2008-04-01T11:04",1,4,2008,2225642,2225642,"HUMAN_OBSERVATION","TPWD","Lower Laguna Madre Bag Seine",NA,NA,"",NA,"CC0_1_0","","",NA,NA,2025-02-06 20:42:39.873,"","CONTINENT_DERIVED_FROM_COORDINATES"
3403909690,"836204c6-f8ca-49f3-be9a-afbae64ae72c","Station_25_Date_01APR2008:11:31:00.000_Callinectes_similis","Animalia","Arthropoda","Malacostraca","Decapoda","Portunidae","Callinectes","Callinectes similis",NA,"SPECIES","Callinectes similis Williams, 1966","Callinectes similis","A.B. Williams, 1966","US","Lower Laguna Madre Estuary","Texas","PRESENT",NA,"c3ad790a-d426-4ac1-8e32-da61f81f0117",26.729722,-97.467222,100,NA,NA,NA,0.15,0.15,"2008-04-01T11:31",1,4,2008,2225642,2225642,"HUMAN_OBSERVATION","TPWD","Lower Laguna Madre Bag Seine",NA,NA,"",NA,"CC0_1_0","","",NA,NA,2025-02-06 20:42:39.677,"","CONTINENT_DERIVED_FROM_COORDINATES"
3403908185,"836204c6-f8ca-49f3-be9a-afbae64ae72c","Station_32_Date_23MAR2005:13:32:00.000_Callinectes_similis","Animalia","Arthropoda","Malacostraca","Decapoda","Portunidae","Callinectes","Callinectes similis",NA,"SPECIES","Callinectes similis Williams, 1966","Callinectes similis","A.B. Williams, 1966","US","Lower Laguna Madre Estuary","Texas","PRESENT",NA,"c3ad790a-d426-4ac1-8e32-da61f81f0117",26.701111,-97.465556,100,NA,NA,NA,0.2,0.2,"2005-03-23T13:32",23,3,2005,2225642,2225642,"HUMAN_OBSERVATION","TPWD","Lower Laguna Madre Bag Seine",NA,NA,"",NA,"CC0_1_0","","",NA,NA,2025-02-06 20:42:38.939,"","CONTINENT_DERIVED_FROM_COORDINATES"
3403908179,"836204c6-f8ca-49f3-be9a-afbae64ae72c","Station_32_Date_18APR2006:17:58:00.000_Callinectes_similis","Animalia","Arthropoda","Malacostraca","Decapoda","Portunidae","Callinectes","Callinectes similis",NA,"SPECIES","Callinectes similis Williams, 1966","Callinectes similis","A.B. Williams, 1966","US","Lower Laguna Madre Estuary","Texas","PRESENT",NA,"c3ad790a-d426-4ac1-8e32-da61f81f0117",26.7125,-97.465833,100,NA,NA,NA,0.3,0.1,"2006-04-18T17:58",18,4,2006,2225642,2225642,"HUMAN_OBSERVATION","TPWD","Lower Laguna Madre Bag Seine",NA,NA,"",NA,"CC0_1_0","","",NA,NA,2025-02-06 20:42:38.938,"","CONTINENT_DERIVED_FROM_COORDINATES"
3403898985,"836204c6-f8ca-49f3-be9a-afbae64ae72c","Station_10_Date_18APR2006:18:38:00.000_Callinectes_similis","Animalia","Arthropoda","Malacostraca","Decapoda","Portunidae","Callinectes","Callinectes similis",NA,"SPECIES","Callinectes similis Williams, 1966","Callinectes similis","A.B. Williams, 1966","US","Lower Laguna Madre Estuary","Texas","PRESENT",NA,"c3ad790a-d426-4ac1-8e32-da61f81f0117",26.772778,-97.474444,100,NA,NA,NA,0.3,0.2,"2006-04-18T18:38",18,4,2006,2225642,2225642,"HUMAN_OBSERVATION","TPWD","Lower Laguna Madre Bag Seine",NA,NA,"",NA,"CC0_1_0","","",NA,NA,2025-02-06 20:42:39.805,"","CONTINENT_DERIVED_FROM_COORDINATES"
3403898018,"836204c6-f8ca-49f3-be9a-afbae64ae72c","Station_11_Date_09MAY2005:17:23:00.000_Callinectes_similis","Animalia","Arthropoda","Malacostraca","Decapoda","Portunidae","Callinectes","Callinectes similis",NA,"SPECIES","Callinectes similis Williams, 1966","Callinectes similis","A.B. Williams, 1966","US","Lower Laguna Madre Estuary","Texas","PRESENT",NA,"c3ad790a-d426-4ac1-8e32-da61f81f0117",26.783056,-97.462778,100,NA,NA,NA,0.15,0.15,"2005-05-09T17:23",9,5,2005,2225642,2225642,"HUMAN_OBSERVATION","TPWD","Lower Laguna Madre Bag Seine",NA,NA,"",NA,"CC0_1_0","","",NA,NA,2025-02-06 20:42:38.769,"","CONTINENT_DERIVED_FROM_COORDINATES"
3403894891,"836204c6-f8ca-49f3-be9a-afbae64ae72c","Station_10_Date_01APR2008:12:40:00.000_Callinectes_similis","Animalia","Arthropoda","Malacostraca","Decapoda","Portunidae","Callinectes","Callinectes similis",NA,"SPECIES","Callinectes similis Williams, 1966","Callinectes similis","A.B. Williams, 1966","US","Lower Laguna Madre Estuary","Texas","PRESENT",NA,"c3ad790a-d426-4ac1-8e32-da61f81f0117",26.776389,-97.473889,100,NA,NA,NA,0.1,0.1,"2008-04-01T12:40",1,4,2008,2225642,2225642,"HUMAN_OBSERVATION","TPWD","Lower Laguna Madre Bag Seine",NA,NA,"",NA,"CC0_1_0","","",NA,NA,2025-02-06 20:42:39.51,"","CONTINENT_DERIVED_FROM_COORDINATES"
3391775344,"50c9509d-22c7-4a22-a47d-8c48425ef4a7","https://www.inaturalist.org/observations/98221341","Animalia","Arthropoda","Malacostraca","Decapoda","Portunidae","Callinectes","Callinectes similis",NA,"SPECIES","Callinectes similis Williams, 1966","Callinectes similis","","US","","Georgia","PRESENT",NA,"28eb1a3f-1c15-4a95-931a-4af90ecb574d",31.02091,-81.435191,41,NA,NA,NA,NA,NA,"2021-10-13T15:42:40",13,10,2021,2225642,2225642,"HUMAN_OBSERVATION","iNaturalist","Observations",98221341,NA,"nxbgan",2021-12-08 21:20:23,"CC_BY_NC_4_0","mmkimberly","mmkimberly",NA,NA,2025-06-07 00:15:34.912,"StillImage","COORDINATE_ROUNDED;CONTINENT_DERIVED_FROM_COORDINATES;TAXON_MATCH_TAXON_ID_IGNORED"
3343733943,"50c9509d-22c7-4a22-a47d-8c48425ef4a7","https://www.inaturalist.org/observations/92556796","Animalia","Arthropoda","Malacostraca","Decapoda","Portunidae","Callinectes","Callinectes similis",NA,"SPECIES","Callinectes similis Williams, 1966","Callinectes similis","","US","","Maryland","PRESENT",NA,"28eb1a3f-1c15-4a95-931a-4af90ecb574d",38.359004,-75.115153,4,NA,NA,NA,NA,NA,"2021-08-22T10:30",22,8,2021,2225642,2225642,"HUMAN_OBSERVATION","iNaturalist","Observations",92556796,NA,"Jim Brighton",2021-08-26 10:51:01,"CC_BY_NC_4_0","Jim Brighton","Jim Brighton",NA,NA,2025-06-07 00:08:22.829,"StillImage","COORDINATE_ROUNDED;CONTINENT_DERIVED_FROM_COORDINATES;TAXON_MATCH_TAXON_ID_IGNORED"
3337884806,"50c9509d-22c7-4a22-a47d-8c48425ef4a7","https://www.inaturalist.org/observations/88725486","Animalia","Arthropoda","Malacostraca","Decapoda","Portunidae","Callinectes","Callinectes similis",NA,"SPECIES","Callinectes similis Williams, 1966","Callinectes similis","","US","","South Carolina","PRESENT",NA,"28eb1a3f-1c15-4a95-931a-4af90ecb574d",32.640112,-79.967131,NA,NA,NA,NA,NA,NA,"2021-07-22T01:51",22,7,2021,2225642,2225642,"HUMAN_OBSERVATION","iNaturalist","Observations",88725486,NA,"nxbgan",2021-08-12 21:39:39,"CC_BY_NC_4_0","Ray Simpson","Ray Simpson",NA,NA,2025-06-07 01:20:05.868,"StillImage","COORDINATE_ROUNDED;CONTINENT_DERIVED_FROM_COORDINATES;TAXON_MATCH_TAXON_ID_IGNORED"
3337791384,"50c9509d-22c7-4a22-a47d-8c48425ef4a7","https://www.inaturalist.org/observations/90940359","Animalia","Arthropoda","Malacostraca","Decapoda","Portunidae","Callinectes","Callinectes similis",NA,"SPECIES","Callinectes similis Williams, 1966","Callinectes similis","","US","","Texas","PRESENT",NA,"28eb1a3f-1c15-4a95-931a-4af90ecb574d",27.625456,-97.209242,NA,NA,NA,NA,NA,NA,"2021-08-12T00:29",12,8,2021,2225642,2225642,"HUMAN_OBSERVATION","iNaturalist","Observations",90940359,NA,"nxbgan",2021-08-12 22:46:07,"CC_BY_NC_4_0","nxbgan","nxbgan",NA,NA,2025-06-07 01:23:54.302,"StillImage","CONTINENT_DERIVED_FROM_COORDINATES;TAXON_MATCH_TAXON_ID_IGNORED"
3335449674,"50c9509d-22c7-4a22-a47d-8c48425ef4a7","https://www.inaturalist.org/observations/89189429","Animalia","Arthropoda","Malacostraca","Decapoda","Portunidae","Callinectes","Callinectes similis",NA,"SPECIES","Callinectes similis Williams, 1966","Callinectes similis","","US","","Texas","PRESENT",NA,"28eb1a3f-1c15-4a95-931a-4af90ecb574d",27.710426,-97.145305,NA,NA,NA,NA,NA,NA,"2021-07-21T08:14:19",21,7,2021,2225642,2225642,"HUMAN_OBSERVATION","iNaturalist","Observations",89189429,NA,"nxbgan",2021-07-31 02:18:29,"CC_BY_NC_4_0","Laura","Laura",NA,NA,2025-06-07 00:12:45.86,"StillImage","COORDINATE_ROUNDED;CONTINENT_DERIVED_FROM_COORDINATES;TAXON_MATCH_TAXON_ID_IGNORED"
3335398518,"50c9509d-22c7-4a22-a47d-8c48425ef4a7","https://www.inaturalist.org/observations/87292737","Animalia","Arthropoda","Malacostraca","Decapoda","Portunidae","Callinectes","Callinectes similis",NA,"SPECIES","Callinectes similis Williams, 1966","Callinectes similis","","US","","Texas","PRESENT",NA,"28eb1a3f-1c15-4a95-931a-4af90ecb574d",27.804921,-97.074534,395,NA,NA,NA,NA,NA,"2021-07-16T11:01:07Z",16,7,2021,2225642,2225642,"HUMAN_OBSERVATION","iNaturalist","Observations",87292737,NA,"nxbgan",2021-07-21 06:26:11,"CC_BY_NC_4_0","Grace Millsap","Grace Millsap",NA,NA,2025-06-06 23:53:46.923,"StillImage","COORDINATE_ROUNDED;CONTINENT_DERIVED_FROM_COORDINATES;TAXON_MATCH_TAXON_ID_IGNORED"
3335391456,"50c9509d-22c7-4a22-a47d-8c48425ef4a7","https://www.inaturalist.org/observations/83517550","Animalia","Arthropoda","Malacostraca","Decapoda","Portunidae","Callinectes","Callinectes similis",NA,"SPECIES","Callinectes similis Williams, 1966","Callinectes similis","","US","","North Carolina","PRESENT",NA,"28eb1a3f-1c15-4a95-931a-4af90ecb574d",33.965186,-77.92126,NA,NA,NA,NA,NA,NA,"2021-06-18T09:12:46",18,6,2021,2225642,2225642,"HUMAN_OBSERVATION","iNaturalist","Observations",83517550,NA,"nxbgan",2021-06-18 22:38:54,"CC_BY_NC_4_0","D.J. McNeil","D.J. McNeil",NA,NA,2025-06-06 23:53:29.706,"StillImage","CONTINENT_DERIVED_FROM_COORDINATES;TAXON_MATCH_TAXON_ID_IGNORED"
3333134159,"50c9509d-22c7-4a22-a47d-8c48425ef4a7","https://www.inaturalist.org/observations/88725477","Animalia","Arthropoda","Malacostraca","Decapoda","Portunidae","Callinectes","Callinectes similis",NA,"SPECIES","Callinectes similis Williams, 1966","Callinectes similis","","US","","South Carolina","PRESENT",NA,"28eb1a3f-1c15-4a95-931a-4af90ecb574d",32.640092,-79.967027,NA,NA,NA,NA,NA,NA,"2021-07-22T01:39",22,7,2021,2225642,2225642,"HUMAN_OBSERVATION","iNaturalist","Observations",88725477,NA,"nxbgan",2021-08-12 21:39:53,"CC_BY_NC_4_0","Ray Simpson","Ray Simpson",NA,NA,2025-06-07 01:13:10.623,"StillImage","CONTINENT_DERIVED_FROM_COORDINATES;TAXON_MATCH_TAXON_ID_IGNORED"
3325783042,"50c9509d-22c7-4a22-a47d-8c48425ef4a7","https://www.inaturalist.org/observations/85755108","Animalia","Arthropoda","Malacostraca","Decapoda","Portunidae","Callinectes","Callinectes similis",NA,"SPECIES","Callinectes similis Williams, 1966","Callinectes similis","","US","","South Carolina","PRESENT",NA,"28eb1a3f-1c15-4a95-931a-4af90ecb574d",32.192608,-80.695747,3,NA,NA,NA,NA,NA,"2021-07-05T07:32:13",5,7,2021,2225642,2225642,"HUMAN_OBSERVATION","iNaturalist","Observations",85755108,NA,"nxbgan",2021-07-08 02:56:38,"CC_BY_4_0","Bobby McCabe","Bobby McCabe",NA,NA,2025-06-07 00:13:38.102,"StillImage","COORDINATE_ROUNDED;CONTINENT_DERIVED_FROM_COORDINATES;TAXON_MATCH_TAXON_ID_IGNORED"
3325623316,"50c9509d-22c7-4a22-a47d-8c48425ef4a7","https://www.inaturalist.org/observations/85965092","Animalia","Arthropoda","Malacostraca","Decapoda","Portunidae","Callinectes","Callinectes similis",NA,"SPECIES","Callinectes similis Williams, 1966","Callinectes similis","","US","","South Carolina","PRESENT",NA,"28eb1a3f-1c15-4a95-931a-4af90ecb574d",32.242908,-80.685088,3,NA,NA,NA,NA,NA,"2021-07-06T15:51:54",6,7,2021,2225642,2225642,"HUMAN_OBSERVATION","iNaturalist","Observations",85965092,NA,"nxbgan",2021-07-08 02:51:40,"CC_BY_4_0","Bobby McCabe","Bobby McCabe",NA,NA,2025-06-06 23:53:52.317,"StillImage","COORDINATE_ROUNDED;CONTINENT_DERIVED_FROM_COORDINATES;TAXON_MATCH_TAXON_ID_IGNORED"
3325561295,"50c9509d-22c7-4a22-a47d-8c48425ef4a7","https://www.inaturalist.org/observations/85956942","Animalia","Arthropoda","Malacostraca","Decapoda","Portunidae","Callinectes","Callinectes similis",NA,"SPECIES","Callinectes similis Williams, 1966","Callinectes similis","","US","","South Carolina","PRESENT",NA,"28eb1a3f-1c15-4a95-931a-4af90ecb574d",32.242838,-80.685112,4,NA,NA,NA,NA,NA,"2021-07-06T15:06:22",6,7,2021,2225642,2225642,"HUMAN_OBSERVATION","iNaturalist","Observations",85956942,NA,"nxbgan",2021-07-08 02:55:25,"CC_BY_4_0","Bobby McCabe","Bobby McCabe",NA,NA,2025-06-07 01:12:24.239,"StillImage","COORDINATE_ROUNDED;CONTINENT_DERIVED_FROM_COORDINATES;TAXON_MATCH_TAXON_ID_IGNORED"
3325485084,"50c9509d-22c7-4a22-a47d-8c48425ef4a7","https://www.inaturalist.org/observations/85755141","Animalia","Arthropoda","Malacostraca","Decapoda","Portunidae","Callinectes","Callinectes similis",NA,"SPECIES","Callinectes similis Williams, 1966","Callinectes similis","","US","","South Carolina","PRESENT",NA,"28eb1a3f-1c15-4a95-931a-4af90ecb574d",32.19265,-80.695725,4,NA,NA,NA,NA,NA,"2021-07-05T07:32:40",5,7,2021,2225642,2225642,"HUMAN_OBSERVATION","iNaturalist","Observations",85755141,NA,"nxbgan",2021-07-08 02:55:46,"CC_BY_4_0","Bobby McCabe","Bobby McCabe",NA,NA,2025-06-07 00:37:03.249,"StillImage","CONTINENT_DERIVED_FROM_COORDINATES;TAXON_MATCH_TAXON_ID_IGNORED"
3320863411,"50c9509d-22c7-4a22-a47d-8c48425ef4a7","https://www.inaturalist.org/observations/69962095","Animalia","Arthropoda","Malacostraca","Decapoda","Portunidae","Callinectes","Callinectes similis",NA,"SPECIES","Callinectes similis Williams, 1966","Callinectes similis","","US","","North Carolina","PRESENT",NA,"28eb1a3f-1c15-4a95-931a-4af90ecb574d",34.468589,-77.470764,65,NA,NA,NA,NA,NA,"2021-02-20T11:56",20,2,2021,2225642,2225642,"HUMAN_OBSERVATION","iNaturalist","Observations",69962095,NA,"Mike Gigliotti",2021-02-22 04:01:36,"CC_BY_NC_4_0","tannerhmgiles","tannerhmgiles",NA,NA,2025-06-07 02:37:17.071,"StillImage","COORDINATE_ROUNDED;CONTINENT_DERIVED_FROM_COORDINATES;TAXON_MATCH_TAXON_ID_IGNORED"
3307548489,"50c9509d-22c7-4a22-a47d-8c48425ef4a7","https://www.inaturalist.org/observations/83074543","Animalia","Arthropoda","Malacostraca","Decapoda","Portunidae","Callinectes","Callinectes similis",NA,"SPECIES","Callinectes similis Williams, 1966","Callinectes similis","","US","","Texas","PRESENT",NA,"28eb1a3f-1c15-4a95-931a-4af90ecb574d",27.383132,-97.314116,31,NA,NA,NA,NA,NA,"2021-06-14T14:42",14,6,2021,2225642,2225642,"HUMAN_OBSERVATION","iNaturalist","Observations",83074543,NA,"Philip Woods",2021-06-15 00:40:24,"CC_BY_NC_4_0","Philip Woods","Philip Woods",NA,NA,2025-06-07 00:47:59.457,"StillImage","COORDINATE_ROUNDED;CONTINENT_DERIVED_FROM_COORDINATES;TAXON_MATCH_TAXON_ID_IGNORED"
3307445130,"50c9509d-22c7-4a22-a47d-8c48425ef4a7","https://www.inaturalist.org/observations/83002865","Animalia","Arthropoda","Malacostraca","Decapoda","Portunidae","Callinectes","Callinectes similis",NA,"SPECIES","Callinectes similis Williams, 1966","Callinectes similis","","US","","South Carolina","PRESENT",NA,"28eb1a3f-1c15-4a95-931a-4af90ecb574d",32.562966,-80.275681,7877,NA,NA,NA,NA,NA,"2021-06-13T13:48",13,6,2021,2225642,2225642,"HUMAN_OBSERVATION","iNaturalist","Observations",83002865,NA,"nxbgan",2021-06-15 01:41:47,"CC_BY_NC_4_0","Caleb Wardlaw","Caleb Wardlaw",NA,NA,2025-06-07 00:47:57.39,"StillImage","COORDINATE_ROUNDED;CONTINENT_DERIVED_FROM_COORDINATES;TAXON_MATCH_TAXON_ID_IGNORED"
3302265956,"50c9509d-22c7-4a22-a47d-8c48425ef4a7","https://www.inaturalist.org/observations/82403762","Animalia","Arthropoda","Malacostraca","Decapoda","Portunidae","Callinectes","Callinectes similis",NA,"SPECIES","Callinectes similis Williams, 1966","Callinectes similis","","US","","Alabama","PRESENT",NA,"28eb1a3f-1c15-4a95-931a-4af90ecb574d",30.242137,-87.737094,24,NA,NA,NA,NA,NA,"2021-06-09T17:25",9,6,2021,2225642,2225642,"HUMAN_OBSERVATION","iNaturalist","Observations",82403762,NA,"lightning_whelk",2021-06-10 10:44:35,"CC_BY_NC_4_0","lightning_whelk","lightning_whelk",NA,NA,2025-06-07 01:23:21.554,"StillImage","COORDINATE_ROUNDED;CONTINENT_DERIVED_FROM_COORDINATES;TAXON_MATCH_TAXON_ID_IGNORED"
3302115530,"50c9509d-22c7-4a22-a47d-8c48425ef4a7","https://www.inaturalist.org/observations/81942806","Animalia","Arthropoda","Malacostraca","Decapoda","Portunidae","Callinectes","Callinectes similis",NA,"SPECIES","Callinectes similis Williams, 1966","Callinectes similis","","US","","Alabama","PRESENT",NA,"28eb1a3f-1c15-4a95-931a-4af90ecb574d",30.242803,-87.73687,4,NA,NA,NA,NA,NA,"2021-06-04T09:49:35",4,6,2021,2225642,2225642,"HUMAN_OBSERVATION","iNaturalist","Observations",81942806,NA,"nxbgan",2021-06-07 21:20:03,"CC_BY_NC_4_0","lightning_whelk","lightning_whelk",NA,NA,2025-06-07 01:16:55.67,"StillImage","COORDINATE_ROUNDED;CONTINENT_DERIVED_FROM_COORDINATES;TAXON_MATCH_TAXON_ID_IGNORED"
3301977654,"50c9509d-22c7-4a22-a47d-8c48425ef4a7","https://www.inaturalist.org/observations/81941805","Animalia","Arthropoda","Malacostraca","Decapoda","Portunidae","Callinectes","Callinectes similis",NA,"SPECIES","Callinectes similis Williams, 1966","Callinectes similis","","US","","Alabama","PRESENT",NA,"28eb1a3f-1c15-4a95-931a-4af90ecb574d",30.24212,-87.737092,4,NA,NA,NA,NA,NA,"2021-06-04T09:31:54",4,6,2021,2225642,2225642,"HUMAN_OBSERVATION","iNaturalist","Observations",81941805,NA,"nxbgan",2021-06-07 21:31:05,"CC_BY_NC_4_0","lightning_whelk","lightning_whelk",NA,NA,2025-06-07 01:05:11.676,"StillImage","COORDINATE_ROUNDED;CONTINENT_DERIVED_FROM_COORDINATES;TAXON_MATCH_TAXON_ID_IGNORED"
3124682311,"50c9509d-22c7-4a22-a47d-8c48425ef4a7","https://www.inaturalist.org/observations/14428617","Animalia","Arthropoda","Malacostraca","Decapoda","Portunidae","Callinectes","Callinectes similis",NA,"SPECIES","Callinectes similis Williams, 1966","Callinectes similis","","US","","Texas","PRESENT",NA,"28eb1a3f-1c15-4a95-931a-4af90ecb574d",27.813737,-97.389743,NA,NA,NA,NA,NA,NA,"2018-06-22T10:15",22,6,2018,2225642,2225642,"HUMAN_OBSERVATION","iNaturalist","Observations",14428617,NA,"Fabio Moretzsohn",2018-07-16 23:10:32,"CC_BY_NC_4_0","Fabio Moretzsohn","Fabio Moretzsohn",NA,NA,2025-06-07 01:20:49.239,"StillImage","COORDINATE_ROUNDED;CONTINENT_DERIVED_FROM_COORDINATES;TAXON_MATCH_TAXON_ID_IGNORED"
2823315576,"50c9509d-22c7-4a22-a47d-8c48425ef4a7","https://www.inaturalist.org/observations/53327931","Animalia","Arthropoda","Malacostraca","Decapoda","Portunidae","Callinectes","Callinectes similis",NA,"SPECIES","Callinectes similis Williams, 1966","Callinectes similis","","US","","Florida","PRESENT",NA,"28eb1a3f-1c15-4a95-931a-4af90ecb574d",29.709442,-81.230767,NA,NA,NA,NA,NA,NA,"2020-07-16T15:54:51Z",16,7,2020,2225642,2225642,"HUMAN_OBSERVATION","iNaturalist","Observations",53327931,NA,"nxbgan",2021-05-15 09:52:27,"CC_BY_NC_4_0","dkthomas85","dkthomas85",NA,NA,2025-06-07 01:17:38.572,"StillImage","COORDINATE_ROUNDED;CONTINENT_DERIVED_FROM_COORDINATES;TAXON_MATCH_TAXON_ID_IGNORED"
2445018373,"50c9509d-22c7-4a22-a47d-8c48425ef4a7","https://www.inaturalist.org/observations/14997313","Animalia","Arthropoda","Malacostraca","Decapoda","Portunidae","Callinectes","Callinectes similis",NA,"SPECIES","Callinectes similis Williams, 1966","Callinectes similis","","US","","Texas","PRESENT",NA,"28eb1a3f-1c15-4a95-931a-4af90ecb574d",27.277119,-97.348664,977,NA,NA,NA,NA,NA,"2018-07-02T08:08",2,7,2018,2225642,2225642,"HUMAN_OBSERVATION","iNaturalist","Observations",14997313,NA,"nxbgan",2021-06-22 07:16:28,"CC_BY_NC_4_0","davidrosenbaum","davidrosenbaum",NA,NA,2025-06-07 02:32:29.809,"StillImage","COORDINATE_ROUNDED;CONTINENT_DERIVED_FROM_COORDINATES;TAXON_MATCH_TAXON_ID_IGNORED"
2244221256,"50c9509d-22c7-4a22-a47d-8c48425ef4a7","https://www.inaturalist.org/observations/25117065","Animalia","Arthropoda","Malacostraca","Decapoda","Portunidae","Callinectes","Callinectes similis",NA,"SPECIES","Callinectes similis Williams, 1966","Callinectes similis","","US","","North Carolina","PRESENT",NA,"28eb1a3f-1c15-4a95-931a-4af90ecb574d",33.912888,-78.271948,9,NA,NA,NA,NA,NA,"2019-05-14T11:11:20",14,5,2019,2225642,2225642,"HUMAN_OBSERVATION","iNaturalist","Observations",25117065,NA,"kingllama",2019-05-25 01:58:10,"CC_BY_NC_4_0","justfroggy","justfroggy",NA,NA,2025-06-07 01:10:08.586,"StillImage","COORDINATE_ROUNDED;CONTINENT_DERIVED_FROM_COORDINATES;TAXON_MATCH_TAXON_ID_IGNORED"
1880634861,"50c9509d-22c7-4a22-a47d-8c48425ef4a7","https://www.inaturalist.org/observations/14039708","Animalia","Arthropoda","Malacostraca","Decapoda","Portunidae","Callinectes","Callinectes similis",NA,"SPECIES","Callinectes similis Williams, 1966","Callinectes similis","","US","","South Carolina","PRESENT",NA,"28eb1a3f-1c15-4a95-931a-4af90ecb574d",32.190473,-80.698571,45,NA,NA,NA,NA,NA,"2018-07-04T08:24",4,7,2018,2225642,2225642,"HUMAN_OBSERVATION","iNaturalist","Observations",14039708,NA,"nxbgan",2022-05-27 22:17:23,"CC_BY_4_0","Bobby McCabe","Bobby McCabe",NA,NA,2025-06-06 23:49:16.956,"StillImage","COORDINATE_ROUNDED;CONTINENT_DERIVED_FROM_COORDINATES;TAXON_MATCH_TAXON_ID_IGNORED"
1880459440,"50c9509d-22c7-4a22-a47d-8c48425ef4a7","https://www.inaturalist.org/observations/11603473","Animalia","Arthropoda","Malacostraca","Decapoda","Portunidae","Callinectes","Callinectes similis",NA,"SPECIES","Callinectes similis Williams, 1966","Callinectes similis","","US","","Florida","PRESENT",NA,"28eb1a3f-1c15-4a95-931a-4af90ecb574d",25.75441,-80.146466,16,NA,NA,NA,NA,NA,"2018-04-28T10:14:18",28,4,2018,2225642,2225642,"HUMAN_OBSERVATION","iNaturalist","Observations",11603473,NA,"nxbgan",2022-05-26 02:57:26,"CC_BY_NC_4_0","xaviergamer52","xaviergamer52",NA,NA,2025-06-07 00:43:17.015,"StillImage","COORDINATE_ROUNDED;CONTINENT_DERIVED_FROM_COORDINATES;TAXON_MATCH_TAXON_ID_IGNORED"
1835220951,"aedcba44-1b8c-47e0-ab48-9370e779b6e1","e3a86adf-23e6-11e8-a64f-4f26032957e3","Animalia","Arthropoda","Malacostraca","Decapoda","Portunidae","Callinectes","Callinectes similis",NA,"SPECIES","Callinectes similis Williams, 1966","Callinectes similis","Williams, 1966","US","13","","PRESENT",1,"c3ad790a-d426-4ac1-8e32-da61f81f0117",36.94425,-75.716683,NA,NA,NA,NA,45,0,"2012-10-17",17,10,2012,2225642,2225642,"HUMAN_OBSERVATION","","",NA,NA,"",NA,"CC0_1_0","","",NA,NA,2025-02-06 18:22:17.738,"","COORDINATE_ROUNDED;GEODETIC_DATUM_INVALID;GEODETIC_DATUM_ASSUMED_WGS84;COUNTRY_DERIVED_FROM_COORDINATES"
1835213878,"aedcba44-1b8c-47e0-ab48-9370e779b6e1","e3a86ae1-23e6-11e8-a64f-4f26032957e3","Animalia","Arthropoda","Malacostraca","Decapoda","Portunidae","Callinectes","Callinectes similis",NA,"SPECIES","Callinectes similis Williams, 1966","Callinectes similis","Williams, 1966","US","12","","PRESENT",1,"c3ad790a-d426-4ac1-8e32-da61f81f0117",37.232067,-75.692917,NA,NA,NA,NA,36,0,"2012-10-17",17,10,2012,2225642,2225642,"HUMAN_OBSERVATION","","",NA,NA,"",NA,"CC0_1_0","","",NA,NA,2025-02-06 18:22:18.688,"","COORDINATE_ROUNDED;GEODETIC_DATUM_INVALID;GEODETIC_DATUM_ASSUMED_WGS84;COUNTRY_DERIVED_FROM_COORDINATES"
1835213854,"aedcba44-1b8c-47e0-ab48-9370e779b6e1","e3a86ade-23e6-11e8-a64f-4f26032957e3","Animalia","Arthropoda","Malacostraca","Decapoda","Portunidae","Callinectes","Callinectes similis",NA,"SPECIES","Callinectes similis Williams, 1966","Callinectes similis","Williams, 1966","US","12","","PRESENT",48,"c3ad790a-d426-4ac1-8e32-da61f81f0117",37.494717,-75.4909,NA,NA,NA,NA,47,0,"2012-10-16",16,10,2012,2225642,2225642,"HUMAN_OBSERVATION","","",NA,NA,"",NA,"CC0_1_0","","",NA,NA,2025-02-06 18:22:18.19,"","COORDINATE_ROUNDED;GEODETIC_DATUM_INVALID;GEODETIC_DATUM_ASSUMED_WGS84;COUNTRY_DERIVED_FROM_COORDINATES"
1835213740,"aedcba44-1b8c-47e0-ab48-9370e779b6e1","e3a86ae0-23e6-11e8-a64f-4f26032957e3","Animalia","Arthropoda","Malacostraca","Decapoda","Portunidae","Callinectes","Callinectes similis",NA,"SPECIES","Callinectes similis Williams, 1966","Callinectes similis","Williams, 1966","US","12","","PRESENT",3,"c3ad790a-d426-4ac1-8e32-da61f81f0117",37.43635,-75.62735,NA,NA,NA,NA,32,0,"2012-10-16",16,10,2012,2225642,2225642,"HUMAN_OBSERVATION","","",NA,NA,"",NA,"CC0_1_0","","",NA,NA,2025-02-06 18:22:18.346,"","COORDINATE_ROUNDED;GEODETIC_DATUM_INVALID;GEODETIC_DATUM_ASSUMED_WGS84;COUNTRY_DERIVED_FROM_COORDINATES;CONTINENT_DERIVED_FROM_COORDINATES"
1835208684,"aedcba44-1b8c-47e0-ab48-9370e779b6e1","e3a86add-23e6-11e8-a64f-4f26032957e3","Animalia","Arthropoda","Malacostraca","Decapoda","Portunidae","Callinectes","Callinectes similis",NA,"SPECIES","Callinectes similis Williams, 1966","Callinectes similis","Williams, 1966","US","15","","PRESENT",2,"c3ad790a-d426-4ac1-8e32-da61f81f0117",35.8291,-75.535733,NA,NA,NA,NA,38,0,"2011-10-24",24,10,2011,2225642,2225642,"HUMAN_OBSERVATION","","",NA,NA,"",NA,"CC0_1_0","","",NA,NA,2025-02-06 18:22:18.729,"","COORDINATE_ROUNDED;GEODETIC_DATUM_INVALID;GEODETIC_DATUM_ASSUMED_WGS84;COUNTRY_DERIVED_FROM_COORDINATES;CONTINENT_DERIVED_FROM_COORDINATES"
1835207153,"aedcba44-1b8c-47e0-ab48-9370e779b6e1","e3a86adb-23e6-11e8-a64f-4f26032957e3","Animalia","Arthropoda","Malacostraca","Decapoda","Portunidae","Callinectes","Callinectes similis",NA,"SPECIES","Callinectes similis Williams, 1966","Callinectes similis","Williams, 1966","US","09","","PRESENT",2,"c3ad790a-d426-4ac1-8e32-da61f81f0117",38.521883,-75.0267,NA,NA,NA,NA,35,0,"2011-10-09",9,10,2011,2225642,2225642,"HUMAN_OBSERVATION","","",NA,NA,"",NA,"CC0_1_0","","",NA,NA,2025-02-06 18:22:18.473,"","COORDINATE_ROUNDED;GEODETIC_DATUM_INVALID;GEODETIC_DATUM_ASSUMED_WGS84;COUNTRY_DERIVED_FROM_COORDINATES;CONTINENT_DERIVED_FROM_COORDINATES"
1835203948,"aedcba44-1b8c-47e0-ab48-9370e779b6e1","e3a86adc-23e6-11e8-a64f-4f26032957e3","Animalia","Arthropoda","Malacostraca","Decapoda","Portunidae","Callinectes","Callinectes similis",NA,"SPECIES","Callinectes similis Williams, 1966","Callinectes similis","Williams, 1966","US","11","","PRESENT",1,"c3ad790a-d426-4ac1-8e32-da61f81f0117",37.696667,-75.382667,NA,NA,NA,NA,39,0,"2009-10-21",21,10,2009,2225642,2225642,"HUMAN_OBSERVATION","","",NA,NA,"",NA,"CC0_1_0","","",NA,NA,2025-02-06 18:22:18.737,"","COORDINATE_ROUNDED;GEODETIC_DATUM_INVALID;GEODETIC_DATUM_ASSUMED_WGS84;COUNTRY_DERIVED_FROM_COORDINATES"
1835196991,"aedcba44-1b8c-47e0-ab48-9370e779b6e1","e3a86ad8-23e6-11e8-a64f-4f26032957e3","Animalia","Arthropoda","Malacostraca","Decapoda","Portunidae","Callinectes","Callinectes similis",NA,"SPECIES","Callinectes similis Williams, 1966","Callinectes similis","Williams, 1966","US","11","","PRESENT",1,"c3ad790a-d426-4ac1-8e32-da61f81f0117",37.573167,-75.567,NA,NA,NA,NA,30,0,"2009-10-22",22,10,2009,2225642,2225642,"HUMAN_OBSERVATION","","",NA,NA,"",NA,"CC0_1_0","","",NA,NA,2025-02-06 18:22:19.262,"","COORDINATE_ROUNDED;GEODETIC_DATUM_INVALID;GEODETIC_DATUM_ASSUMED_WGS84;COUNTRY_DERIVED_FROM_COORDINATES;CONTINENT_DERIVED_FROM_COORDINATES"
1835196732,"aedcba44-1b8c-47e0-ab48-9370e779b6e1","e3a85750-23e6-11e8-a64f-4f26032957e3","Animalia","Arthropoda","Malacostraca","Decapoda","Portunidae","Callinectes","Callinectes similis",NA,"SPECIES","Callinectes similis Williams, 1966","Callinectes similis","Williams, 1966","US","11","","PRESENT",1,"c3ad790a-d426-4ac1-8e32-da61f81f0117",37.554667,-75.581333,NA,NA,NA,NA,21,0,"2009-10-22",22,10,2009,2225642,2225642,"HUMAN_OBSERVATION","","",NA,NA,"",NA,"CC0_1_0","","",NA,NA,2025-02-06 18:22:16.957,"","COORDINATE_ROUNDED;GEODETIC_DATUM_INVALID;GEODETIC_DATUM_ASSUMED_WGS84;COUNTRY_DERIVED_FROM_COORDINATES;CONTINENT_DERIVED_FROM_COORDINATES"
1835196027,"aedcba44-1b8c-47e0-ab48-9370e779b6e1","e3a86ad9-23e6-11e8-a64f-4f26032957e3","Animalia","Arthropoda","Malacostraca","Decapoda","Portunidae","Callinectes","Callinectes similis",NA,"SPECIES","Callinectes similis Williams, 1966","Callinectes similis","Williams, 1966","US","10","","PRESENT",1,"c3ad790a-d426-4ac1-8e32-da61f81f0117",38.308,-75.028833,NA,NA,NA,NA,40,0,"2008-10-11",11,10,2008,2225642,2225642,"HUMAN_OBSERVATION","","",NA,NA,"",NA,"CC0_1_0","","",NA,NA,2025-02-06 18:22:17.773,"","COORDINATE_ROUNDED;GEODETIC_DATUM_INVALID;GEODETIC_DATUM_ASSUMED_WGS84;COUNTRY_DERIVED_FROM_COORDINATES"
1835190699,"aedcba44-1b8c-47e0-ab48-9370e779b6e1","e3a86ada-23e6-11e8-a64f-4f26032957e3","Animalia","Arthropoda","Malacostraca","Decapoda","Portunidae","Callinectes","Callinectes similis",NA,"SPECIES","Callinectes similis Williams, 1966","Callinectes similis","Williams, 1966","US","11","","PRESENT",2,"c3ad790a-d426-4ac1-8e32-da61f81f0117",37.565333,-75.567667,NA,NA,NA,NA,32,0,"2008-10-13",13,10,2008,2225642,2225642,"HUMAN_OBSERVATION","","",NA,NA,"",NA,"CC0_1_0","","",NA,NA,2025-02-06 18:22:19.261,"","COORDINATE_ROUNDED;GEODETIC_DATUM_INVALID;GEODETIC_DATUM_ASSUMED_WGS84;COUNTRY_DERIVED_FROM_COORDINATES;CONTINENT_DERIVED_FROM_COORDINATES"
1316070466,"aa1d8785-b68f-4000-8b5c-f3545b3132bc","1100016633","Animalia","Arthropoda","Malacostraca","Decapoda","Portunidae","Callinectes","Callinectes similis",NA,"SPECIES","Callinectes similis Williams, 1966","Callinectes similis","","US","05","Va","PRESENT",2,"c3ad790a-d426-4ac1-8e32-da61f81f0117",37.256667,-76.091167,NA,NA,NA,NA,52,0,"2009-11-09T12:19",9,11,2009,2225642,2225642,"HUMAN_OBSERVATION","VIMS","ChesMMAP",NA,NA,"",2009-11-09,"CC0_1_0","","JOHNSON",NA,NA,2025-02-01 00:08:28.722,"","COORDINATE_ROUNDED;GEODETIC_DATUM_INVALID;GEODETIC_DATUM_ASSUMED_WGS84;OCCURRENCE_STATUS_UNPARSABLE;OCCURRENCE_STATUS_INFERRED_FROM_INDIVIDUAL_COUNT"
1314138028,"1d39953f-5c1a-4dad-8524-70191eb4fe6c","1100698955","Animalia","Arthropoda","Malacostraca","Decapoda","Portunidae","Callinectes","Callinectes similis",NA,"SPECIES","Callinectes similis Williams, 1966","Callinectes similis","","US","MSC Marker #25 and #26;10/80 - present","Alabama","PRESENT",1,"c3ad790a-d426-4ac1-8e32-da61f81f0117",30.2633,-88.0367,370,NA,NA,NA,NA,NA,"2005-04-20",20,4,2005,2225642,2225642,"HUMAN_OBSERVATION","NMFS","CAGES Alabama",NA,NA,"ADCNR/GCRL",2005-04-20,"CC0_1_0","","ADCNR/GCRL",NA,NA,2025-02-01 01:21:47.766,"","GEODETIC_DATUM_INVALID;GEODETIC_DATUM_ASSUMED_WGS84;CONTINENT_DERIVED_FROM_COORDINATES"
1314131136,"1d39953f-5c1a-4dad-8524-70191eb4fe6c","1100705771","Animalia","Arthropoda","Malacostraca","Decapoda","Portunidae","Callinectes","Callinectes similis",NA,"SPECIES","Callinectes similis Williams, 1966","Callinectes similis","","US","Weeks Bay;10/80 - present","Alabama","PRESENT",1,"c3ad790a-d426-4ac1-8e32-da61f81f0117",30.3933,-87.8283,370,NA,NA,NA,NA,NA,"2005-06-09",9,6,2005,2225642,2225642,"HUMAN_OBSERVATION","NMFS","CAGES Alabama",NA,NA,"ADCNR/GCRL",2005-06-09,"CC0_1_0","","ADCNR/GCRL",NA,NA,2025-02-01 01:21:47.849,"","GEODETIC_DATUM_INVALID;GEODETIC_DATUM_ASSUMED_WGS84;CONTINENT_DERIVED_FROM_COORDINATES"
1314119085,"1d39953f-5c1a-4dad-8524-70191eb4fe6c","1100718057","Animalia","Arthropoda","Malacostraca","Decapoda","Portunidae","Callinectes","Callinectes similis",NA,"SPECIES","Callinectes similis Williams, 1966","Callinectes similis","","US","Oil Rig Site;08/81 - present","Alabama","PRESENT",1,"c3ad790a-d426-4ac1-8e32-da61f81f0117",30.2583,-88.0267,370,NA,NA,NA,NA,NA,"2005-10-26",26,10,2005,2225642,2225642,"HUMAN_OBSERVATION","NMFS","CAGES Alabama",NA,NA,"ADCNR/GCRL",2005-10-26,"CC0_1_0","","ADCNR/GCRL",NA,NA,2025-02-01 01:21:46.004,"","GEODETIC_DATUM_INVALID;GEODETIC_DATUM_ASSUMED_WGS84;CONTINENT_DERIVED_FROM_COORDINATES"
1314118770,"1d39953f-5c1a-4dad-8524-70191eb4fe6c","1100718092","Animalia","Arthropoda","Malacostraca","Decapoda","Portunidae","Callinectes","Callinectes similis",NA,"SPECIES","Callinectes similis Williams, 1966","Callinectes similis","","US","Petit Bois Pass;02/82 - present","Alabama","PRESENT",1,"c3ad790a-d426-4ac1-8e32-da61f81f0117",30.2267,-88.34,370,NA,NA,NA,NA,NA,"2005-11-07",7,11,2005,2225642,2225642,"HUMAN_OBSERVATION","NMFS","CAGES Alabama",NA,NA,"ADCNR/GCRL",2005-11-07,"CC0_1_0","","ADCNR/GCRL",NA,NA,2025-02-01 01:21:48.002,"","GEODETIC_DATUM_INVALID;GEODETIC_DATUM_ASSUMED_WGS84;CONTINENT_DERIVED_FROM_COORDINATES"
1314117643,"1d39953f-5c1a-4dad-8524-70191eb4fe6c","1100719630","Animalia","Arthropoda","Malacostraca","Decapoda","Portunidae","Callinectes","Callinectes similis",NA,"SPECIES","Callinectes similis Williams, 1966","Callinectes similis","","US","Battleship; 06/04 - present","Alabama","PRESENT",1,"c3ad790a-d426-4ac1-8e32-da61f81f0117",30.6797,-88.017,370,NA,NA,NA,NA,NA,"2005-11-14",14,11,2005,2225642,2225642,"HUMAN_OBSERVATION","NMFS","CAGES Alabama",NA,NA,"ADCNR/GCRL",2005-11-14,"CC0_1_0","","ADCNR/GCRL",NA,NA,2025-02-01 01:21:46.15,"","GEODETIC_DATUM_INVALID;GEODETIC_DATUM_ASSUMED_WGS84;CONTINENT_DERIVED_FROM_COORDINATES"
1314116600,"1d39953f-5c1a-4dad-8524-70191eb4fe6c","1100720505","Animalia","Arthropoda","Malacostraca","Decapoda","Portunidae","Callinectes","Callinectes similis",NA,"SPECIES","Callinectes similis Williams, 1966","Callinectes similis","","US","Mobile Pass;02/82 - present","Alabama","PRESENT",1,"c3ad790a-d426-4ac1-8e32-da61f81f0117",30.1617,-88.0533,370,NA,NA,NA,NA,NA,"2005-11-30",30,11,2005,2225642,2225642,"HUMAN_OBSERVATION","NMFS","CAGES Alabama",NA,NA,"ADCNR/GCRL",2005-11-30,"CC0_1_0","","ADCNR/GCRL",NA,NA,2025-02-01 01:21:48.034,"","GEODETIC_DATUM_INVALID;GEODETIC_DATUM_ASSUMED_WGS84"
1314101846,"1d39953f-5c1a-4dad-8524-70191eb4fe6c","1100735317","Animalia","Arthropoda","Malacostraca","Decapoda","Portunidae","Callinectes","Callinectes similis",NA,"SPECIES","Callinectes similis Williams, 1966","Callinectes similis","","US","Grand Bay;10/82 - present","Alabama","PRESENT",1,"c3ad790a-d426-4ac1-8e32-da61f81f0117",30.3783,-88.3217,370,NA,NA,NA,NA,NA,"2006-05-04",4,5,2006,2225642,2225642,"HUMAN_OBSERVATION","NMFS","CAGES Alabama",NA,NA,"ADCNR/GCRL",2006-05-04,"CC0_1_0","","ADCNR/GCRL",NA,NA,2025-02-01 01:21:46.289,"","GEODETIC_DATUM_INVALID;GEODETIC_DATUM_ASSUMED_WGS84;CONTINENT_DERIVED_FROM_COORDINATES"
1314095803,"1d39953f-5c1a-4dad-8524-70191eb4fe6c","1100741253","Animalia","Arthropoda","Malacostraca","Decapoda","Portunidae","Callinectes","Callinectes similis",NA,"SPECIES","Callinectes similis Williams, 1966","Callinectes similis","","US","GIWW #135;10/80 - present","Alabama","PRESENT",1,"c3ad790a-d426-4ac1-8e32-da61f81f0117",30.275,-87.8767,370,NA,NA,NA,NA,NA,"2006-07-12",12,7,2006,2225642,2225642,"HUMAN_OBSERVATION","NMFS","CAGES Alabama",NA,NA,"ADCNR/GCRL",2006-07-12,"CC0_1_0","","ADCNR/GCRL",NA,NA,2025-02-01 01:21:48.274,"","GEODETIC_DATUM_INVALID;GEODETIC_DATUM_ASSUMED_WGS84;CONTINENT_DERIVED_FROM_COORDINATES"
1314087889,"1d39953f-5c1a-4dad-8524-70191eb4fe6c","1100749126","Animalia","Arthropoda","Malacostraca","Decapoda","Portunidae","Callinectes","Callinectes similis",NA,"SPECIES","Callinectes similis Williams, 1966","Callinectes similis","","US","MSC Marker # 57;10/81 - present","Alabama","PRESENT",1,"c3ad790a-d426-4ac1-8e32-da61f81f0117",30.505,-88.02,370,NA,NA,NA,NA,NA,"2006-09-27",27,9,2006,2225642,2225642,"HUMAN_OBSERVATION","NMFS","CAGES Alabama",NA,NA,"ADCNR/GCRL",2006-09-27,"CC0_1_0","","ADCNR/GCRL",NA,NA,2025-02-01 01:21:48.378,"","GEODETIC_DATUM_INVALID;GEODETIC_DATUM_ASSUMED_WGS84;CONTINENT_DERIVED_FROM_COORDINATES"
1271895503,"fcdd34e6-43cf-4fbb-a2a9-07163619b872","1114611906","Animalia","Arthropoda","Malacostraca","Decapoda","Portunidae","Callinectes","Callinectes similis",NA,"SPECIES","Callinectes similis Williams, 1966","Callinectes similis","","US","Guadalupe Estuary","Texas","PRESENT",NA,"c3ad790a-d426-4ac1-8e32-da61f81f0117",28.1425,-96.8425,100,NA,NA,NA,1.2,0,"2006-03-06T09:28",6,3,2006,2225642,2225642,"HUMAN_OBSERVATION","TPWD","San Antonio Bay Trawl",NA,NA,"",NA,"CC0_1_0","","TPWD",NA,NA,2025-02-01 02:26:56.508,"","GEODETIC_DATUM_INVALID;GEODETIC_DATUM_ASSUMED_WGS84;CONTINENT_DERIVED_FROM_COORDINATES;OCCURRENCE_STATUS_UNPARSABLE"
1271895387,"fcdd34e6-43cf-4fbb-a2a9-07163619b872","1114610561","Animalia","Arthropoda","Malacostraca","Decapoda","Portunidae","Callinectes","Callinectes similis",NA,"SPECIES","Callinectes similis Williams, 1966","Callinectes similis","","US","Guadalupe Estuary","Texas","PRESENT",NA,"c3ad790a-d426-4ac1-8e32-da61f81f0117",28.258333,-96.758056,100,NA,NA,NA,1.2,0,"2008-10-13T10:51",13,10,2008,2225642,2225642,"HUMAN_OBSERVATION","TPWD","San Antonio Bay Trawl",NA,NA,"",NA,"CC0_1_0","","TPWD",NA,NA,2025-02-01 02:26:54.827,"","GEODETIC_DATUM_INVALID;GEODETIC_DATUM_ASSUMED_WGS84;CONTINENT_DERIVED_FROM_COORDINATES;OCCURRENCE_STATUS_UNPARSABLE"
1271895379,"fcdd34e6-43cf-4fbb-a2a9-07163619b872","1114611143","Animalia","Arthropoda","Malacostraca","Decapoda","Portunidae","Callinectes","Callinectes similis",NA,"SPECIES","Callinectes similis Williams, 1966","Callinectes similis","","US","Guadalupe Estuary","Texas","PRESENT",NA,"c3ad790a-d426-4ac1-8e32-da61f81f0117",28.226111,-96.725833,100,NA,NA,NA,2.4,0,"2008-06-02T09:28",2,6,2008,2225642,2225642,"HUMAN_OBSERVATION","TPWD","San Antonio Bay Trawl",NA,NA,"",NA,"CC0_1_0","","TPWD",NA,NA,2025-02-01 02:26:55.301,"","GEODETIC_DATUM_INVALID;GEODETIC_DATUM_ASSUMED_WGS84;CONTINENT_DERIVED_FROM_COORDINATES;OCCURRENCE_STATUS_UNPARSABLE"
1271895378,"fcdd34e6-43cf-4fbb-a2a9-07163619b872","1114609943","Animalia","Arthropoda","Malacostraca","Decapoda","Portunidae","Callinectes","Callinectes similis",NA,"SPECIES","Callinectes similis Williams, 1966","Callinectes similis","","US","Guadalupe Estuary","Texas","PRESENT",NA,"c3ad790a-d426-4ac1-8e32-da61f81f0117",28.291667,-96.657222,100,NA,NA,NA,2.2,0,"2008-08-05T11:21",5,8,2008,2225642,2225642,"HUMAN_OBSERVATION","TPWD","San Antonio Bay Trawl",NA,NA,"",NA,"CC0_1_0","","TPWD",NA,NA,2025-02-01 02:26:54.116,"","GEODETIC_DATUM_INVALID;GEODETIC_DATUM_ASSUMED_WGS84;CONTINENT_DERIVED_FROM_COORDINATES;OCCURRENCE_STATUS_UNPARSABLE"
1271895333,"fcdd34e6-43cf-4fbb-a2a9-07163619b872","1114609939","Animalia","Arthropoda","Malacostraca","Decapoda","Portunidae","Callinectes","Callinectes similis",NA,"SPECIES","Callinectes similis Williams, 1966","Callinectes similis","","US","Guadalupe Estuary","Texas","PRESENT",NA,"c3ad790a-d426-4ac1-8e32-da61f81f0117",28.291111,-96.658333,100,NA,NA,NA,2.4,0,"2008-09-22T10:05",22,9,2008,2225642,2225642,"HUMAN_OBSERVATION","TPWD","San Antonio Bay Trawl",NA,NA,"",NA,"CC0_1_0","","TPWD",NA,NA,2025-02-01 02:26:54.115,"","GEODETIC_DATUM_INVALID;GEODETIC_DATUM_ASSUMED_WGS84;CONTINENT_DERIVED_FROM_COORDINATES;OCCURRENCE_STATUS_UNPARSABLE"
1271895315,"fcdd34e6-43cf-4fbb-a2a9-07163619b872","1114610260","Animalia","Arthropoda","Malacostraca","Decapoda","Portunidae","Callinectes","Callinectes similis",NA,"SPECIES","Callinectes similis Williams, 1966","Callinectes similis","","US","Guadalupe Estuary","Texas","PRESENT",NA,"c3ad790a-d426-4ac1-8e32-da61f81f0117",28.275,-96.741667,100,NA,NA,NA,2.2,0,"2007-01-25T12:27",25,1,2007,2225642,2225642,"HUMAN_OBSERVATION","TPWD","San Antonio Bay Trawl",NA,NA,"",NA,"CC0_1_0","","TPWD",NA,NA,2025-02-01 02:26:54.674,"","GEODETIC_DATUM_INVALID;GEODETIC_DATUM_ASSUMED_WGS84;CONTINENT_DERIVED_FROM_COORDINATES;OCCURRENCE_STATUS_UNPARSABLE"
1271895296,"fcdd34e6-43cf-4fbb-a2a9-07163619b872","1114609565","Animalia","Arthropoda","Malacostraca","Decapoda","Portunidae","Callinectes","Callinectes similis",NA,"SPECIES","Callinectes similis Williams, 1966","Callinectes similis","","US","Guadalupe Estuary","Texas","PRESENT",NA,"c3ad790a-d426-4ac1-8e32-da61f81f0117",28.308056,-96.641667,100,NA,NA,NA,1.4,0,"2007-04-18T10:14",18,4,2007,2225642,2225642,"HUMAN_OBSERVATION","TPWD","San Antonio Bay Trawl",NA,NA,"",NA,"CC0_1_0","","TPWD",NA,NA,2025-02-01 02:26:54.833,"","GEODETIC_DATUM_INVALID;GEODETIC_DATUM_ASSUMED_WGS84;CONTINENT_DERIVED_FROM_COORDINATES;OCCURRENCE_STATUS_UNPARSABLE"
1271895281,"fcdd34e6-43cf-4fbb-a2a9-07163619b872","1114609907","Animalia","Arthropoda","Malacostraca","Decapoda","Portunidae","Callinectes","Callinectes similis",NA,"SPECIES","Callinectes similis Williams, 1966","Callinectes similis","","US","Guadalupe Estuary","Texas","PRESENT",NA,"c3ad790a-d426-4ac1-8e32-da61f81f0117",28.291389,-96.674444,100,NA,NA,NA,1.75,0.05,"2005-05-17T12:09",17,5,2005,2225642,2225642,"HUMAN_OBSERVATION","TPWD","San Antonio Bay Trawl",NA,NA,"",NA,"CC0_1_0","","TPWD",NA,NA,2025-02-01 02:26:54.079,"","GEODETIC_DATUM_INVALID;GEODETIC_DATUM_ASSUMED_WGS84;CONTINENT_DERIVED_FROM_COORDINATES;DEPTH_MIN_MAX_SWAPPED;OCCURRENCE_STATUS_UNPARSABLE"
1271895279,"fcdd34e6-43cf-4fbb-a2a9-07163619b872","1114612060","Animalia","Arthropoda","Malacostraca","Decapoda","Portunidae","Callinectes","Callinectes similis",NA,"SPECIES","Callinectes similis Williams, 1966","Callinectes similis","","US","Guadalupe Estuary","Texas","PRESENT",NA,"c3ad790a-d426-4ac1-8e32-da61f81f0117",28.124722,-96.826111,100,NA,NA,NA,0.9,0,"2005-06-21T09:45",21,6,2005,2225642,2225642,"HUMAN_OBSERVATION","TPWD","San Antonio Bay Trawl",NA,NA,"",NA,"CC0_1_0","","TPWD",NA,NA,2025-02-01 02:26:53.451,"","GEODETIC_DATUM_INVALID;GEODETIC_DATUM_ASSUMED_WGS84;CONTINENT_DERIVED_FROM_COORDINATES;OCCURRENCE_STATUS_UNPARSABLE"
1271895271,"fcdd34e6-43cf-4fbb-a2a9-07163619b872","1114610817","Animalia","Arthropoda","Malacostraca","Decapoda","Portunidae","Callinectes","Callinectes similis",NA,"SPECIES","Callinectes similis Williams, 1966","Callinectes similis","","US","Guadalupe Estuary","Texas","PRESENT",NA,"c3ad790a-d426-4ac1-8e32-da61f81f0117",28.26,-96.643611,100,NA,NA,NA,1.4,0,"2006-05-09T09:53",9,5,2006,2225642,2225642,"HUMAN_OBSERVATION","TPWD","San Antonio Bay Trawl",NA,NA,"",NA,"CC0_1_0","","TPWD",NA,NA,2025-02-01 02:26:54.047,"","GEODETIC_DATUM_INVALID;GEODETIC_DATUM_ASSUMED_WGS84;CONTINENT_DERIVED_FROM_COORDINATES;OCCURRENCE_STATUS_UNPARSABLE"
1271895255,"fcdd34e6-43cf-4fbb-a2a9-07163619b872","1114612053","Animalia","Arthropoda","Malacostraca","Decapoda","Portunidae","Callinectes","Callinectes similis",NA,"SPECIES","Callinectes similis Williams, 1966","Callinectes similis","","US","Guadalupe Estuary","Texas","PRESENT",NA,"c3ad790a-d426-4ac1-8e32-da61f81f0117",28.126111,-96.842778,100,NA,NA,NA,1.2,0,"2006-03-06T10:18",6,3,2006,2225642,2225642,"HUMAN_OBSERVATION","TPWD","San Antonio Bay Trawl",NA,NA,"",NA,"CC0_1_0","","TPWD",NA,NA,2025-02-01 02:26:53.454,"","GEODETIC_DATUM_INVALID;GEODETIC_DATUM_ASSUMED_WGS84;CONTINENT_DERIVED_FROM_COORDINATES;OCCURRENCE_STATUS_UNPARSABLE"
1271895211,"fcdd34e6-43cf-4fbb-a2a9-07163619b872","1114610501","Animalia","Arthropoda","Malacostraca","Decapoda","Portunidae","Callinectes","Callinectes similis",NA,"SPECIES","Callinectes similis Williams, 1966","Callinectes similis","","US","Guadalupe Estuary","Texas","PRESENT",NA,"c3ad790a-d426-4ac1-8e32-da61f81f0117",28.275278,-96.625278,100,NA,NA,NA,1.8,0,"2007-06-06T08:24",6,6,2007,2225642,2225642,"HUMAN_OBSERVATION","TPWD","San Antonio Bay Trawl",NA,NA,"",NA,"CC0_1_0","","TPWD",NA,NA,2025-02-01 02:26:54.845,"","GEODETIC_DATUM_INVALID;GEODETIC_DATUM_ASSUMED_WGS84;CONTINENT_DERIVED_FROM_COORDINATES;OCCURRENCE_STATUS_UNPARSABLE"
1271895179,"fcdd34e6-43cf-4fbb-a2a9-07163619b872","1114611636","Animalia","Arthropoda","Malacostraca","Decapoda","Portunidae","Callinectes","Callinectes similis",NA,"SPECIES","Callinectes similis Williams, 1966","Callinectes similis","","US","Guadalupe Estuary","Texas","PRESENT",NA,"c3ad790a-d426-4ac1-8e32-da61f81f0117",28.1575,-96.856389,100,NA,NA,NA,0.9,0,"2005-10-17T10:11",17,10,2005,2225642,2225642,"HUMAN_OBSERVATION","TPWD","San Antonio Bay Trawl",NA,NA,"",NA,"CC0_1_0","","TPWD",NA,NA,2025-02-01 02:26:56.27,"","GEODETIC_DATUM_INVALID;GEODETIC_DATUM_ASSUMED_WGS84;CONTINENT_DERIVED_FROM_COORDINATES;OCCURRENCE_STATUS_UNPARSABLE"
1271895152,"fcdd34e6-43cf-4fbb-a2a9-07163619b872","1114611108","Animalia","Arthropoda","Malacostraca","Decapoda","Portunidae","Callinectes","Callinectes similis",NA,"SPECIES","Callinectes similis Williams, 1966","Callinectes similis","","US","Guadalupe Estuary","Texas","PRESENT",NA,"c3ad790a-d426-4ac1-8e32-da61f81f0117",28.224444,-96.723611,100,NA,NA,NA,2.2,0,"2008-04-01T16:12",1,4,2008,2225642,2225642,"HUMAN_OBSERVATION","TPWD","San Antonio Bay Trawl",NA,NA,"",NA,"CC0_1_0","","TPWD",NA,NA,2025-02-01 02:26:55.312,"","GEODETIC_DATUM_INVALID;GEODETIC_DATUM_ASSUMED_WGS84;CONTINENT_DERIVED_FROM_COORDINATES;OCCURRENCE_STATUS_UNPARSABLE"
1271895149,"fcdd34e6-43cf-4fbb-a2a9-07163619b872","1114609143","Animalia","Arthropoda","Malacostraca","Decapoda","Portunidae","Callinectes","Callinectes similis",NA,"SPECIES","Callinectes similis Williams, 1966","Callinectes similis","","US","Guadalupe Estuary","Texas","PRESENT",NA,"c3ad790a-d426-4ac1-8e32-da61f81f0117",28.321111,-96.691667,100,NA,NA,NA,1.2,0,"2006-04-17T11:43",17,4,2006,2225642,2225642,"HUMAN_OBSERVATION","TPWD","San Antonio Bay Trawl",NA,NA,"",NA,"CC0_1_0","","TPWD",NA,NA,2025-02-01 02:26:54.629,"","GEODETIC_DATUM_INVALID;GEODETIC_DATUM_ASSUMED_WGS84;CONTINENT_DERIVED_FROM_COORDINATES;OCCURRENCE_STATUS_UNPARSABLE"
1271895131,"fcdd34e6-43cf-4fbb-a2a9-07163619b872","1114611328","Animalia","Arthropoda","Malacostraca","Decapoda","Portunidae","Callinectes","Callinectes similis",NA,"SPECIES","Callinectes similis Williams, 1966","Callinectes similis","","US","Guadalupe Estuary","Texas","PRESENT",NA,"c3ad790a-d426-4ac1-8e32-da61f81f0117",28.208889,-96.758056,100,NA,NA,NA,1.3,0.1,"2007-05-07T14:55",7,5,2007,2225642,2225642,"HUMAN_OBSERVATION","TPWD","San Antonio Bay Trawl",NA,NA,"",NA,"CC0_1_0","","TPWD",NA,NA,2025-02-01 02:26:56.106,"","GEODETIC_DATUM_INVALID;GEODETIC_DATUM_ASSUMED_WGS84;CONTINENT_DERIVED_FROM_COORDINATES;DEPTH_MIN_MAX_SWAPPED;OCCURRENCE_STATUS_UNPARSABLE"
1271895125,"fcdd34e6-43cf-4fbb-a2a9-07163619b872","1114611103","Animalia","Arthropoda","Malacostraca","Decapoda","Portunidae","Callinectes","Callinectes similis",NA,"SPECIES","Callinectes similis Williams, 1966","Callinectes similis","","US","Guadalupe Estuary","Texas","PRESENT",NA,"c3ad790a-d426-4ac1-8e32-da61f81f0117",28.225556,-96.741389,100,NA,NA,NA,1.95,0.05,"2008-06-02T10:32",2,6,2008,2225642,2225642,"HUMAN_OBSERVATION","TPWD","San Antonio Bay Trawl",NA,NA,"",NA,"CC0_1_0","","TPWD",NA,NA,2025-02-01 02:26:55.312,"","GEODETIC_DATUM_INVALID;GEODETIC_DATUM_ASSUMED_WGS84;CONTINENT_DERIVED_FROM_COORDINATES;DEPTH_MIN_MAX_SWAPPED;OCCURRENCE_STATUS_UNPARSABLE"
1271895079,"fcdd34e6-43cf-4fbb-a2a9-07163619b872","1114610212","Animalia","Arthropoda","Malacostraca","Decapoda","Portunidae","Callinectes","Callinectes similis",NA,"SPECIES","Callinectes similis Williams, 1966","Callinectes similis","","US","Guadalupe Estuary","Texas","PRESENT",NA,"c3ad790a-d426-4ac1-8e32-da61f81f0117",28.275278,-96.758333,100,NA,NA,NA,1.8,0,"2006-07-19T12:46",19,7,2006,2225642,2225642,"HUMAN_OBSERVATION","TPWD","San Antonio Bay Trawl",NA,NA,"",NA,"CC0_1_0","","TPWD",NA,NA,2025-02-01 02:26:54.651,"","GEODETIC_DATUM_INVALID;GEODETIC_DATUM_ASSUMED_WGS84;CONTINENT_DERIVED_FROM_COORDINATES;OCCURRENCE_STATUS_UNPARSABLE"
1271895072,"fcdd34e6-43cf-4fbb-a2a9-07163619b872","1114610781","Animalia","Arthropoda","Malacostraca","Decapoda","Portunidae","Callinectes","Callinectes similis",NA,"SPECIES","Callinectes similis Williams, 1966","Callinectes similis","","US","Guadalupe Estuary","Texas","PRESENT",NA,"c3ad790a-d426-4ac1-8e32-da61f81f0117",28.259167,-96.658333,100,NA,NA,NA,2,0,"2006-07-19T14:10",19,7,2006,2225642,2225642,"HUMAN_OBSERVATION","TPWD","San Antonio Bay Trawl",NA,NA,"",NA,"CC0_1_0","","TPWD",NA,NA,2025-02-01 02:26:54.987,"","GEODETIC_DATUM_INVALID;GEODETIC_DATUM_ASSUMED_WGS84;CONTINENT_DERIVED_FROM_COORDINATES;OCCURRENCE_STATUS_UNPARSABLE"
1271895040,"fcdd34e6-43cf-4fbb-a2a9-07163619b872","1114610469","Animalia","Arthropoda","Malacostraca","Decapoda","Portunidae","Callinectes","Callinectes similis",NA,"SPECIES","Callinectes similis Williams, 1966","Callinectes similis","","US","Guadalupe Estuary","Texas","PRESENT",NA,"c3ad790a-d426-4ac1-8e32-da61f81f0117",28.275833,-96.641944,100,NA,NA,NA,2.3,0,"2006-05-09T09:28",9,5,2006,2225642,2225642,"HUMAN_OBSERVATION","TPWD","San Antonio Bay Trawl",NA,NA,"",NA,"CC0_1_0","","TPWD",NA,NA,2025-02-01 02:26:54.786,"","GEODETIC_DATUM_INVALID;GEODETIC_DATUM_ASSUMED_WGS84;CONTINENT_DERIVED_FROM_COORDINATES;OCCURRENCE_STATUS_UNPARSABLE"
1271895023,"fcdd34e6-43cf-4fbb-a2a9-07163619b872","1114609844","Animalia","Arthropoda","Malacostraca","Decapoda","Portunidae","Callinectes","Callinectes similis",NA,"SPECIES","Callinectes similis Williams, 1966","Callinectes similis","","US","Guadalupe Estuary","Texas","PRESENT",NA,"c3ad790a-d426-4ac1-8e32-da61f81f0117",28.291111,-96.709167,100,NA,NA,NA,1.75,0.05,"2006-04-17T13:40",17,4,2006,2225642,2225642,"HUMAN_OBSERVATION","TPWD","San Antonio Bay Trawl",NA,NA,"",NA,"CC0_1_0","","TPWD",NA,NA,2025-02-01 02:26:54.046,"","GEODETIC_DATUM_INVALID;GEODETIC_DATUM_ASSUMED_WGS84;CONTINENT_DERIVED_FROM_COORDINATES;DEPTH_MIN_MAX_SWAPPED;OCCURRENCE_STATUS_UNPARSABLE"
1271895002,"fcdd34e6-43cf-4fbb-a2a9-07163619b872","1114611598","Animalia","Arthropoda","Malacostraca","Decapoda","Portunidae","Callinectes","Callinectes similis",NA,"SPECIES","Callinectes similis Williams, 1966","Callinectes similis","","US","Guadalupe Estuary","Texas","PRESENT",NA,"c3ad790a-d426-4ac1-8e32-da61f81f0117",28.158056,-96.874167,100,NA,NA,NA,1.5,0.6,"2007-08-06T10:28",6,8,2007,2225642,2225642,"HUMAN_OBSERVATION","TPWD","San Antonio Bay Trawl",NA,NA,"",NA,"CC0_1_0","","TPWD",NA,NA,2025-02-01 02:26:56.228,"","GEODETIC_DATUM_INVALID;GEODETIC_DATUM_ASSUMED_WGS84;CONTINENT_DERIVED_FROM_COORDINATES;DEPTH_MIN_MAX_SWAPPED;OCCURRENCE_STATUS_UNPARSABLE"
1271894984,"fcdd34e6-43cf-4fbb-a2a9-07163619b872","1114611080","Animalia","Arthropoda","Malacostraca","Decapoda","Portunidae","Callinectes","Callinectes similis",NA,"SPECIES","Callinectes similis Williams, 1966","Callinectes similis","","US","Guadalupe Estuary","Texas","PRESENT",NA,"c3ad790a-d426-4ac1-8e32-da61f81f0117",28.224722,-96.742222,100,NA,NA,NA,2.3,0,"2008-05-12T10:08",12,5,2008,2225642,2225642,"HUMAN_OBSERVATION","TPWD","San Antonio Bay Trawl",NA,NA,"",NA,"CC0_1_0","","TPWD",NA,NA,2025-02-01 02:26:55.321,"","GEODETIC_DATUM_INVALID;GEODETIC_DATUM_ASSUMED_WGS84;CONTINENT_DERIVED_FROM_COORDINATES;OCCURRENCE_STATUS_UNPARSABLE"
1271894980,"fcdd34e6-43cf-4fbb-a2a9-07163619b872","1114607147","Animalia","Arthropoda","Malacostraca","Decapoda","Portunidae","Callinectes","Callinectes similis",NA,"SPECIES","Callinectes similis Williams, 1966","Callinectes similis","","US","Guadalupe Estuary","Texas","PRESENT",NA,"c3ad790a-d426-4ac1-8e32-da61f81f0117",28.175,-96.824722,100,NA,NA,NA,1.3,0,"2007-07-09T13:12",9,7,2007,2225642,2225642,"HUMAN_OBSERVATION","TPWD","San Antonio Bay Trawl",NA,NA,"",NA,"CC0_1_0","","TPWD",NA,NA,2025-02-01 02:26:54.984,"","GEODETIC_DATUM_INVALID;GEODETIC_DATUM_ASSUMED_WGS84;CONTINENT_DERIVED_FROM_COORDINATES;OCCURRENCE_STATUS_UNPARSABLE"
1271894957,"fcdd34e6-43cf-4fbb-a2a9-07163619b872","1114610753","Animalia","Arthropoda","Malacostraca","Decapoda","Portunidae","Callinectes","Callinectes similis",NA,"SPECIES","Callinectes similis Williams, 1966","Callinectes similis","","US","Guadalupe Estuary","Texas","PRESENT",NA,"c3ad790a-d426-4ac1-8e32-da61f81f0117",28.258889,-96.674444,100,NA,NA,NA,2,0,"2006-05-09T10:24",9,5,2006,2225642,2225642,"HUMAN_OBSERVATION","TPWD","San Antonio Bay Trawl",NA,NA,"",NA,"CC0_1_0","","TPWD",NA,NA,2025-02-01 02:26:54.991,"","GEODETIC_DATUM_INVALID;GEODETIC_DATUM_ASSUMED_WGS84;CONTINENT_DERIVED_FROM_COORDINATES;OCCURRENCE_STATUS_UNPARSABLE"
1271894910,"fcdd34e6-43cf-4fbb-a2a9-07163619b872","1114611999","Animalia","Arthropoda","Malacostraca","Decapoda","Portunidae","Callinectes","Callinectes similis",NA,"SPECIES","Callinectes similis Williams, 1966","Callinectes similis","","US","Guadalupe Estuary","Texas","PRESENT",NA,"c3ad790a-d426-4ac1-8e32-da61f81f0117",28.129167,-96.853056,100,NA,NA,NA,0.9,0,"2008-11-16T12:18",16,11,2008,2225642,2225642,"HUMAN_OBSERVATION","TPWD","San Antonio Bay Trawl",NA,NA,"",NA,"CC0_1_0","","TPWD",NA,NA,2025-02-01 02:26:56.458,"","GEODETIC_DATUM_INVALID;GEODETIC_DATUM_ASSUMED_WGS84;CONTINENT_DERIVED_FROM_COORDINATES;OCCURRENCE_STATUS_UNPARSABLE"
1271894897,"fcdd34e6-43cf-4fbb-a2a9-07163619b872","1114607117","Animalia","Arthropoda","Malacostraca","Decapoda","Portunidae","Callinectes","Callinectes similis",NA,"SPECIES","Callinectes similis Williams, 1966","Callinectes similis","","US","Guadalupe Estuary","Texas","PRESENT",NA,"c3ad790a-d426-4ac1-8e32-da61f81f0117",28.191111,-96.824722,100,NA,NA,NA,0.7,0.1,"2006-06-13T10:14",13,6,2006,2225642,2225642,"HUMAN_OBSERVATION","TPWD","San Antonio Bay Trawl",NA,NA,"",NA,"CC0_1_0","","TPWD",NA,NA,2025-02-01 02:26:54.991,"","GEODETIC_DATUM_INVALID;GEODETIC_DATUM_ASSUMED_WGS84;CONTINENT_DERIVED_FROM_COORDINATES;DEPTH_MIN_MAX_SWAPPED;OCCURRENCE_STATUS_UNPARSABLE"
1271894881,"fcdd34e6-43cf-4fbb-a2a9-07163619b872","1114608982","Animalia","Arthropoda","Malacostraca","Decapoda","Portunidae","Callinectes","Callinectes similis",NA,"SPECIES","Callinectes similis Williams, 1966","Callinectes similis","","US","Guadalupe Estuary","Texas","PRESENT",NA,"c3ad790a-d426-4ac1-8e32-da61f81f0117",28.325556,-96.758611,100,NA,NA,NA,2.2,0,"2008-11-17T13:13",17,11,2008,2225642,2225642,"HUMAN_OBSERVATION","TPWD","San Antonio Bay Trawl",NA,NA,"",NA,"CC0_1_0","","TPWD",NA,NA,2025-02-01 02:26:55.926,"","GEODETIC_DATUM_INVALID;GEODETIC_DATUM_ASSUMED_WGS84;CONTINENT_DERIVED_FROM_COORDINATES;OCCURRENCE_STATUS_UNPARSABLE"
1271894875,"fcdd34e6-43cf-4fbb-a2a9-07163619b872","1114609797","Animalia","Arthropoda","Malacostraca","Decapoda","Portunidae","Callinectes","Callinectes similis",NA,"SPECIES","Callinectes similis Williams, 1966","Callinectes similis","","US","Guadalupe Estuary","Texas","PRESENT",NA,"c3ad790a-d426-4ac1-8e32-da61f81f0117",28.290278,-96.725556,100,NA,NA,NA,1.5,0.1,"2006-04-17T14:32",17,4,2006,2225642,2225642,"HUMAN_OBSERVATION","TPWD","San Antonio Bay Trawl",NA,NA,"",NA,"CC0_1_0","","TPWD",NA,NA,2025-02-01 02:26:54.988,"","GEODETIC_DATUM_INVALID;GEODETIC_DATUM_ASSUMED_WGS84;CONTINENT_DERIVED_FROM_COORDINATES;DEPTH_MIN_MAX_SWAPPED;OCCURRENCE_STATUS_UNPARSABLE"
1271894868,"fcdd34e6-43cf-4fbb-a2a9-07163619b872","1114611987","Animalia","Arthropoda","Malacostraca","Decapoda","Portunidae","Callinectes","Callinectes similis",NA,"SPECIES","Callinectes similis Williams, 1966","Callinectes similis","","US","Guadalupe Estuary","Texas","PRESENT",NA,"c3ad790a-d426-4ac1-8e32-da61f81f0117",28.126111,-96.856667,100,NA,NA,NA,2.1,0,"2006-10-09T11:18",9,10,2006,2225642,2225642,"HUMAN_OBSERVATION","TPWD","San Antonio Bay Trawl",NA,NA,"",NA,"CC0_1_0","","TPWD",NA,NA,2025-02-01 02:26:56.46,"","GEODETIC_DATUM_INVALID;GEODETIC_DATUM_ASSUMED_WGS84;CONTINENT_DERIVED_FROM_COORDINATES;OCCURRENCE_STATUS_UNPARSABLE"
1271894865,"fcdd34e6-43cf-4fbb-a2a9-07163619b872","1114611018","Animalia","Arthropoda","Malacostraca","Decapoda","Portunidae","Callinectes","Callinectes similis",NA,"SPECIES","Callinectes similis Williams, 1966","Callinectes similis","","US","Guadalupe Estuary","Texas","PRESENT",NA,"c3ad790a-d426-4ac1-8e32-da61f81f0117",28.224722,-96.775,100,NA,NA,NA,1.95,0.15,"2008-05-12T10:36",12,5,2008,2225642,2225642,"HUMAN_OBSERVATION","TPWD","San Antonio Bay Trawl",NA,NA,"",NA,"CC0_1_0","","TPWD",NA,NA,2025-02-01 02:26:55.263,"","GEODETIC_DATUM_INVALID;GEODETIC_DATUM_ASSUMED_WGS84;CONTINENT_DERIVED_FROM_COORDINATES;DEPTH_MIN_MAX_SWAPPED;OCCURRENCE_STATUS_UNPARSABLE"
1271894850,"fcdd34e6-43cf-4fbb-a2a9-07163619b872","1114609795","Animalia","Arthropoda","Malacostraca","Decapoda","Portunidae","Callinectes","Callinectes similis",NA,"SPECIES","Callinectes similis Williams, 1966","Callinectes similis","","US","Guadalupe Estuary","Texas","PRESENT",NA,"c3ad790a-d426-4ac1-8e32-da61f81f0117",28.292222,-96.740556,100,NA,NA,NA,2.2,0,"2008-09-02T16:02",2,9,2008,2225642,2225642,"HUMAN_OBSERVATION","TPWD","San Antonio Bay Trawl",NA,NA,"",NA,"CC0_1_0","","TPWD",NA,NA,2025-02-01 02:26:54.987,"","GEODETIC_DATUM_INVALID;GEODETIC_DATUM_ASSUMED_WGS84;OCCURRENCE_STATUS_UNPARSABLE"
1271894846,"fcdd34e6-43cf-4fbb-a2a9-07163619b872","1114610437","Animalia","Arthropoda","Malacostraca","Decapoda","Portunidae","Callinectes","Callinectes similis",NA,"SPECIES","Callinectes similis Williams, 1966","Callinectes similis","","US","Guadalupe Estuary","Texas","PRESENT",NA,"c3ad790a-d426-4ac1-8e32-da61f81f0117",28.275,-96.641389,100,NA,NA,NA,2.5,0,"2007-04-26T08:22",26,4,2007,2225642,2225642,"HUMAN_OBSERVATION","TPWD","San Antonio Bay Trawl",NA,NA,"",NA,"CC0_1_0","","TPWD",NA,NA,2025-02-01 02:26:54.759,"","GEODETIC_DATUM_INVALID;GEODETIC_DATUM_ASSUMED_WGS84;CONTINENT_DERIVED_FROM_COORDINATES;OCCURRENCE_STATUS_UNPARSABLE"
1271894839,"fcdd34e6-43cf-4fbb-a2a9-07163619b872","1114610058","Animalia","Arthropoda","Malacostraca","Decapoda","Portunidae","Callinectes","Callinectes similis",NA,"SPECIES","Callinectes similis Williams, 1966","Callinectes similis","","US","Guadalupe Estuary","Texas","PRESENT",NA,"c3ad790a-d426-4ac1-8e32-da61f81f0117",28.274444,-96.791667,100,NA,NA,NA,1.7,0,"2008-06-16T11:42",16,6,2008,2225642,2225642,"HUMAN_OBSERVATION","TPWD","San Antonio Bay Trawl",NA,NA,"",NA,"CC0_1_0","","TPWD",NA,NA,2025-02-01 02:26:54.565,"","GEODETIC_DATUM_INVALID;GEODETIC_DATUM_ASSUMED_WGS84;CONTINENT_DERIVED_FROM_COORDINATES;OCCURRENCE_STATUS_UNPARSABLE"
1271894832,"fcdd34e6-43cf-4fbb-a2a9-07163619b872","1114609398","Animalia","Arthropoda","Malacostraca","Decapoda","Portunidae","Callinectes","Callinectes similis",NA,"SPECIES","Callinectes similis Williams, 1966","Callinectes similis","","US","Guadalupe Estuary","Texas","PRESENT",NA,"c3ad790a-d426-4ac1-8e32-da61f81f0117",28.308611,-96.725556,100,NA,NA,NA,2.1,0,"2006-03-27T11:13",27,3,2006,2225642,2225642,"HUMAN_OBSERVATION","TPWD","San Antonio Bay Trawl",NA,NA,"",NA,"CC0_1_0","","TPWD",NA,NA,2025-02-01 02:26:54.715,"","GEODETIC_DATUM_INVALID;GEODETIC_DATUM_ASSUMED_WGS84;CONTINENT_DERIVED_FROM_COORDINATES;OCCURRENCE_STATUS_UNPARSABLE"
1271894828,"fcdd34e6-43cf-4fbb-a2a9-07163619b872","1114611982","Animalia","Arthropoda","Malacostraca","Decapoda","Portunidae","Callinectes","Callinectes similis",NA,"SPECIES","Callinectes similis Williams, 1966","Callinectes similis","","US","Guadalupe Estuary","Texas","PRESENT",NA,"c3ad790a-d426-4ac1-8e32-da61f81f0117",28.125278,-96.858333,100,NA,NA,NA,1.2,0,"2006-04-04T13:56",4,4,2006,2225642,2225642,"HUMAN_OBSERVATION","TPWD","San Antonio Bay Trawl",NA,NA,"",NA,"CC0_1_0","","TPWD",NA,NA,2025-02-01 02:26:56.46,"","GEODETIC_DATUM_INVALID;GEODETIC_DATUM_ASSUMED_WGS84;CONTINENT_DERIVED_FROM_COORDINATES;OCCURRENCE_STATUS_UNPARSABLE"
1271894826,"fcdd34e6-43cf-4fbb-a2a9-07163619b872","1114608460","Animalia","Arthropoda","Malacostraca","Decapoda","Portunidae","Callinectes","Callinectes similis",NA,"SPECIES","Callinectes similis Williams, 1966","Callinectes similis","","US","Guadalupe Estuary","Texas","PRESENT",NA,"c3ad790a-d426-4ac1-8e32-da61f81f0117",28.358333,-96.741389,100,NA,NA,NA,2.2,0,"2008-10-21T13:08",21,10,2008,2225642,2225642,"HUMAN_OBSERVATION","TPWD","San Antonio Bay Trawl",NA,NA,"",NA,"CC0_1_0","","TPWD",NA,NA,2025-02-01 02:26:56.529,"","GEODETIC_DATUM_INVALID;GEODETIC_DATUM_ASSUMED_WGS84;CONTINENT_DERIVED_FROM_COORDINATES;OCCURRENCE_STATUS_UNPARSABLE"
1271894812,"fcdd34e6-43cf-4fbb-a2a9-07163619b872","1114609785","Animalia","Arthropoda","Malacostraca","Decapoda","Portunidae","Callinectes","Callinectes similis",NA,"SPECIES","Callinectes similis Williams, 1966","Callinectes similis","","US","Guadalupe Estuary","Texas","PRESENT",NA,"c3ad790a-d426-4ac1-8e32-da61f81f0117",28.291667,-96.741667,100,NA,NA,NA,2.1,0,"2006-04-27T11:35",27,4,2006,2225642,2225642,"HUMAN_OBSERVATION","TPWD","San Antonio Bay Trawl",NA,NA,"",NA,"CC0_1_0","","TPWD",NA,NA,2025-02-01 02:26:54.989,"","GEODETIC_DATUM_INVALID;GEODETIC_DATUM_ASSUMED_WGS84;OCCURRENCE_STATUS_UNPARSABLE"
1271894809,"fcdd34e6-43cf-4fbb-a2a9-07163619b872","1114610431","Animalia","Arthropoda","Malacostraca","Decapoda","Portunidae","Callinectes","Callinectes similis",NA,"SPECIES","Callinectes similis Williams, 1966","Callinectes similis","","US","Guadalupe Estuary","Texas","PRESENT",NA,"c3ad790a-d426-4ac1-8e32-da61f81f0117",28.275833,-96.658611,100,NA,NA,NA,2,0,"2006-07-10T10:20",10,7,2006,2225642,2225642,"HUMAN_OBSERVATION","TPWD","San Antonio Bay Trawl",NA,NA,"",NA,"CC0_1_0","","TPWD",NA,NA,2025-02-01 02:26:54.758,"","GEODETIC_DATUM_INVALID;GEODETIC_DATUM_ASSUMED_WGS84;CONTINENT_DERIVED_FROM_COORDINATES;OCCURRENCE_STATUS_UNPARSABLE"
1271894799,"fcdd34e6-43cf-4fbb-a2a9-07163619b872","1114610047","Animalia","Arthropoda","Malacostraca","Decapoda","Portunidae","Callinectes","Callinectes similis",NA,"SPECIES","Callinectes similis Williams, 1966","Callinectes similis","","US","Guadalupe Estuary","Texas","PRESENT",NA,"c3ad790a-d426-4ac1-8e32-da61f81f0117",28.288611,-96.610833,100,NA,NA,NA,1.4,0,"2005-11-23T12:23",23,11,2005,2225642,2225642,"HUMAN_OBSERVATION","TPWD","San Antonio Bay Trawl",NA,NA,"",NA,"CC0_1_0","","TPWD",NA,NA,2025-02-01 02:26:54.567,"","GEODETIC_DATUM_INVALID;GEODETIC_DATUM_ASSUMED_WGS84;CONTINENT_DERIVED_FROM_COORDINATES;OCCURRENCE_STATUS_UNPARSABLE"
1271894795,"fcdd34e6-43cf-4fbb-a2a9-07163619b872","1114611260","Animalia","Arthropoda","Malacostraca","Decapoda","Portunidae","Callinectes","Callinectes similis",NA,"SPECIES","Callinectes similis Williams, 1966","Callinectes similis","","US","Guadalupe Estuary","Texas","PRESENT",NA,"c3ad790a-d426-4ac1-8e32-da61f81f0117",28.208333,-96.791944,100,NA,NA,NA,2.2,0,"2008-07-08T14:33",8,7,2008,2225642,2225642,"HUMAN_OBSERVATION","TPWD","San Antonio Bay Trawl",NA,NA,"",NA,"CC0_1_0","","TPWD",NA,NA,2025-02-01 02:26:55.357,"","GEODETIC_DATUM_INVALID;GEODETIC_DATUM_ASSUMED_WGS84;CONTINENT_DERIVED_FROM_COORDINATES;OCCURRENCE_STATUS_UNPARSABLE"
1271894791,"fcdd34e6-43cf-4fbb-a2a9-07163619b872","1114610429","Animalia","Arthropoda","Malacostraca","Decapoda","Portunidae","Callinectes","Callinectes similis",NA,"SPECIES","Callinectes similis Williams, 1966","Callinectes similis","","US","Guadalupe Estuary","Texas","PRESENT",NA,"c3ad790a-d426-4ac1-8e32-da61f81f0117",28.275278,-96.657778,100,NA,NA,NA,2.2,0,"2008-06-16T12:45",16,6,2008,2225642,2225642,"HUMAN_OBSERVATION","TPWD","San Antonio Bay Trawl",NA,NA,"",NA,"CC0_1_0","","TPWD",NA,NA,2025-02-01 02:26:54.76,"","GEODETIC_DATUM_INVALID;GEODETIC_DATUM_ASSUMED_WGS84;CONTINENT_DERIVED_FROM_COORDINATES;OCCURRENCE_STATUS_UNPARSABLE"
1271894780,"fcdd34e6-43cf-4fbb-a2a9-07163619b872","1114610042","Animalia","Arthropoda","Malacostraca","Decapoda","Portunidae","Callinectes","Callinectes similis",NA,"SPECIES","Callinectes similis Williams, 1966","Callinectes similis","","US","Guadalupe Estuary","Texas","PRESENT",NA,"c3ad790a-d426-4ac1-8e32-da61f81f0117",28.291667,-96.625556,100,NA,NA,NA,1.8,0,"2008-03-11T10:51",11,3,2008,2225642,2225642,"HUMAN_OBSERVATION","TPWD","San Antonio Bay Trawl",NA,NA,"",NA,"CC0_1_0","","TPWD",NA,NA,2025-02-01 02:26:54.569,"","GEODETIC_DATUM_INVALID;GEODETIC_DATUM_ASSUMED_WGS84;CONTINENT_DERIVED_FROM_COORDINATES;OCCURRENCE_STATUS_UNPARSABLE"
1271894723,"fcdd34e6-43cf-4fbb-a2a9-07163619b872","1114610988","Animalia","Arthropoda","Malacostraca","Decapoda","Portunidae","Callinectes","Callinectes similis",NA,"SPECIES","Callinectes similis Williams, 1966","Callinectes similis","","US","Guadalupe Estuary","Texas","PRESENT",NA,"c3ad790a-d426-4ac1-8e32-da61f81f0117",28.241667,-96.673889,100,NA,NA,NA,2.4,0,"2008-06-10T12:48",10,6,2008,2225642,2225642,"HUMAN_OBSERVATION","TPWD","San Antonio Bay Trawl",NA,NA,"",NA,"CC0_1_0","","TPWD",NA,NA,2025-02-01 02:26:54.061,"","GEODETIC_DATUM_INVALID;GEODETIC_DATUM_ASSUMED_WGS84;CONTINENT_DERIVED_FROM_COORDINATES;OCCURRENCE_STATUS_UNPARSABLE"
1271894690,"fcdd34e6-43cf-4fbb-a2a9-07163619b872","1114608249","Animalia","Arthropoda","Malacostraca","Decapoda","Portunidae","Callinectes","Callinectes similis",NA,"SPECIES","Callinectes similis Williams, 1966","Callinectes similis","","US","Guadalupe Estuary","Texas","PRESENT",NA,"c3ad790a-d426-4ac1-8e32-da61f81f0117",28.375278,-96.725,100,NA,NA,NA,1.6,0,"2006-06-14T10:41",14,6,2006,2225642,2225642,"HUMAN_OBSERVATION","TPWD","San Antonio Bay Trawl",NA,NA,"",NA,"CC0_1_0","","TPWD",NA,NA,2025-02-01 02:26:56.406,"","GEODETIC_DATUM_INVALID;GEODETIC_DATUM_ASSUMED_WGS84;CONTINENT_DERIVED_FROM_COORDINATES;OCCURRENCE_STATUS_UNPARSABLE"
1271894685,"fcdd34e6-43cf-4fbb-a2a9-07163619b872","1114607031","Animalia","Arthropoda","Malacostraca","Decapoda","Portunidae","Callinectes","Callinectes similis",NA,"SPECIES","Callinectes similis Williams, 1966","Callinectes similis","","US","Guadalupe Estuary","Texas","PRESENT",NA,"c3ad790a-d426-4ac1-8e32-da61f81f0117",28.308611,-96.590556,100,NA,NA,NA,2.4,0,"2006-03-01T09:35",1,3,2006,2225642,2225642,"HUMAN_OBSERVATION","TPWD","San Antonio Bay Trawl",NA,NA,"",NA,"CC0_1_0","","TPWD",NA,NA,2025-02-01 02:26:54.909,"","GEODETIC_DATUM_INVALID;GEODETIC_DATUM_ASSUMED_WGS84;CONTINENT_DERIVED_FROM_COORDINATES;OCCURRENCE_STATUS_UNPARSABLE"
1271894668,"fcdd34e6-43cf-4fbb-a2a9-07163619b872","1114611482","Animalia","Arthropoda","Malacostraca","Decapoda","Portunidae","Callinectes","Callinectes similis",NA,"SPECIES","Callinectes similis Williams, 1966","Callinectes similis","","US","Guadalupe Estuary","Texas","PRESENT",NA,"c3ad790a-d426-4ac1-8e32-da61f81f0117",28.191944,-96.807222,100,NA,NA,NA,1.9,0,"2006-09-05T14:28",5,9,2006,2225642,2225642,"HUMAN_OBSERVATION","TPWD","San Antonio Bay Trawl",NA,NA,"",NA,"CC0_1_0","","TPWD",NA,NA,2025-02-01 02:26:56.159,"","GEODETIC_DATUM_INVALID;GEODETIC_DATUM_ASSUMED_WGS84;CONTINENT_DERIVED_FROM_COORDINATES;OCCURRENCE_STATUS_UNPARSABLE"
1271894654,"fcdd34e6-43cf-4fbb-a2a9-07163619b872","1114610948","Animalia","Arthropoda","Malacostraca","Decapoda","Portunidae","Callinectes","Callinectes similis",NA,"SPECIES","Callinectes similis Williams, 1966","Callinectes similis","","US","Guadalupe Estuary","Texas","PRESENT",NA,"c3ad790a-d426-4ac1-8e32-da61f81f0117",28.241667,-96.708333,100,NA,NA,NA,2.1,0,"2008-05-08T12:11",8,5,2008,2225642,2225642,"HUMAN_OBSERVATION","TPWD","San Antonio Bay Trawl",NA,NA,"",NA,"CC0_1_0","","TPWD",NA,NA,2025-02-01 02:26:54.112,"","GEODETIC_DATUM_INVALID;GEODETIC_DATUM_ASSUMED_WGS84;CONTINENT_DERIVED_FROM_COORDINATES;OCCURRENCE_STATUS_UNPARSABLE"
1271894650,"fcdd34e6-43cf-4fbb-a2a9-07163619b872","1114609732","Animalia","Arthropoda","Malacostraca","Decapoda","Portunidae","Callinectes","Callinectes similis",NA,"SPECIES","Callinectes similis Williams, 1966","Callinectes similis","","US","Guadalupe Estuary","Texas","PRESENT",NA,"c3ad790a-d426-4ac1-8e32-da61f81f0117",28.292222,-96.758889,100,NA,NA,NA,2.3,0,"2007-05-21T09:45",21,5,2007,2225642,2225642,"HUMAN_OBSERVATION","TPWD","San Antonio Bay Trawl",NA,NA,"",NA,"CC0_1_0","","TPWD",NA,NA,2025-02-01 02:26:55.021,"","GEODETIC_DATUM_INVALID;GEODETIC_DATUM_ASSUMED_WGS84;CONTINENT_DERIVED_FROM_COORDINATES;OCCURRENCE_STATUS_UNPARSABLE"
1271894620,"fcdd34e6-43cf-4fbb-a2a9-07163619b872","1114608204","Animalia","Arthropoda","Malacostraca","Decapoda","Portunidae","Callinectes","Callinectes similis",NA,"SPECIES","Callinectes similis Williams, 1966","Callinectes similis","","US","Guadalupe Estuary","Texas","PRESENT",NA,"c3ad790a-d426-4ac1-8e32-da61f81f0117",28.375,-96.7425,100,NA,NA,NA,2.2,0,"2008-09-22T13:06",22,9,2008,2225642,2225642,"HUMAN_OBSERVATION","TPWD","San Antonio Bay Trawl",NA,NA,"",NA,"CC0_1_0","","TPWD",NA,NA,2025-02-01 02:26:56.415,"","GEODETIC_DATUM_INVALID;GEODETIC_DATUM_ASSUMED_WGS84;CONTINENT_DERIVED_FROM_COORDINATES;OCCURRENCE_STATUS_UNPARSABLE"
1271894586,"fcdd34e6-43cf-4fbb-a2a9-07163619b872","1114611737","Animalia","Arthropoda","Malacostraca","Decapoda","Portunidae","Callinectes","Callinectes similis",NA,"SPECIES","Callinectes similis Williams, 1966","Callinectes similis","","US","Guadalupe Estuary","Texas","PRESENT",NA,"c3ad790a-d426-4ac1-8e32-da61f81f0117",28.153333,-96.828611,100,NA,NA,NA,1,0,"2008-04-21T10:00",21,4,2008,2225642,2225642,"HUMAN_OBSERVATION","TPWD","San Antonio Bay Trawl",NA,NA,"",NA,"CC0_1_0","","TPWD",NA,NA,2025-02-01 02:26:56.348,"","GEODETIC_DATUM_INVALID;GEODETIC_DATUM_ASSUMED_WGS84;CONTINENT_DERIVED_FROM_COORDINATES;OCCURRENCE_STATUS_UNPARSABLE"
1271894575,"fcdd34e6-43cf-4fbb-a2a9-07163619b872","1114609299","Animalia","Arthropoda","Malacostraca","Decapoda","Portunidae","Callinectes","Callinectes similis",NA,"SPECIES","Callinectes similis Williams, 1966","Callinectes similis","","US","Guadalupe Estuary","Texas","PRESENT",NA,"c3ad790a-d426-4ac1-8e32-da61f81f0117",28.309167,-96.76,100,NA,NA,NA,2.4,0,"2005-05-16T14:12",16,5,2005,2225642,2225642,"HUMAN_OBSERVATION","TPWD","San Antonio Bay Trawl",NA,NA,"",NA,"CC0_1_0","","TPWD",NA,NA,2025-02-01 02:26:54.67,"","GEODETIC_DATUM_INVALID;GEODETIC_DATUM_ASSUMED_WGS84;CONTINENT_DERIVED_FROM_COORDINATES;OCCURRENCE_STATUS_UNPARSABLE"
1271894573,"fcdd34e6-43cf-4fbb-a2a9-07163619b872","1114611736","Animalia","Arthropoda","Malacostraca","Decapoda","Portunidae","Callinectes","Callinectes similis",NA,"SPECIES","Callinectes similis Williams, 1966","Callinectes similis","","US","Guadalupe Estuary","Texas","PRESENT",NA,"c3ad790a-d426-4ac1-8e32-da61f81f0117",28.160278,-96.841111,100,NA,NA,NA,1.2,0,"2006-04-04T13:16",4,4,2006,2225642,2225642,"HUMAN_OBSERVATION","TPWD","San Antonio Bay Trawl",NA,NA,"",NA,"CC0_1_0","","TPWD",NA,NA,2025-02-01 02:26:56.347,"","GEODETIC_DATUM_INVALID;GEODETIC_DATUM_ASSUMED_WGS84;CONTINENT_DERIVED_FROM_COORDINATES;OCCURRENCE_STATUS_UNPARSABLE"
1271894570,"fcdd34e6-43cf-4fbb-a2a9-07163619b872","1114611452","Animalia","Arthropoda","Malacostraca","Decapoda","Portunidae","Callinectes","Callinectes similis",NA,"SPECIES","Callinectes similis Williams, 1966","Callinectes similis","","US","Guadalupe Estuary","Texas","PRESENT",NA,"c3ad790a-d426-4ac1-8e32-da61f81f0117",28.191667,-96.8075,100,NA,NA,NA,1.7,0,"2006-05-09T14:21",9,5,2006,2225642,2225642,"HUMAN_OBSERVATION","TPWD","San Antonio Bay Trawl",NA,NA,"",NA,"CC0_1_0","","TPWD",NA,NA,2025-02-01 02:26:56.162,"","GEODETIC_DATUM_INVALID;GEODETIC_DATUM_ASSUMED_WGS84;CONTINENT_DERIVED_FROM_COORDINATES;OCCURRENCE_STATUS_UNPARSABLE"
1271894531,"fcdd34e6-43cf-4fbb-a2a9-07163619b872","1114610337","Animalia","Arthropoda","Malacostraca","Decapoda","Portunidae","Callinectes","Callinectes similis",NA,"SPECIES","Callinectes similis Williams, 1966","Callinectes similis","","US","Guadalupe Estuary","Texas","PRESENT",NA,"c3ad790a-d426-4ac1-8e32-da61f81f0117",28.274722,-96.690833,100,NA,NA,NA,1.9,0,"2005-05-17T11:18",17,5,2005,2225642,2225642,"HUMAN_OBSERVATION","TPWD","San Antonio Bay Trawl",NA,NA,"",NA,"CC0_1_0","","TPWD",NA,NA,2025-02-01 02:26:54.701,"","GEODETIC_DATUM_INVALID;GEODETIC_DATUM_ASSUMED_WGS84;CONTINENT_DERIVED_FROM_COORDINATES;OCCURRENCE_STATUS_UNPARSABLE"
1271894511,"fcdd34e6-43cf-4fbb-a2a9-07163619b872","1114605945","Animalia","Arthropoda","Malacostraca","Decapoda","Portunidae","Callinectes","Callinectes similis",NA,"SPECIES","Callinectes similis Williams, 1966","Callinectes similis","","US","Guadalupe Estuary","Texas","PRESENT",NA,"c3ad790a-d426-4ac1-8e32-da61f81f0117",28.408611,-96.441944,100,NA,NA,NA,2.75,0.0499999999999998,"2006-12-18T11:42",18,12,2006,2225642,2225642,"HUMAN_OBSERVATION","TPWD","San Antonio Bay Trawl",NA,NA,"",NA,"CC0_1_0","","TPWD",NA,NA,2025-02-01 02:26:55.511,"","GEODETIC_DATUM_INVALID;GEODETIC_DATUM_ASSUMED_WGS84;CONTINENT_DERIVED_FROM_COORDINATES;DEPTH_MIN_MAX_SWAPPED;OCCURRENCE_STATUS_UNPARSABLE"
1271894497,"fcdd34e6-43cf-4fbb-a2a9-07163619b872","1114609257","Animalia","Arthropoda","Malacostraca","Decapoda","Portunidae","Callinectes","Callinectes similis",NA,"SPECIES","Callinectes similis Williams, 1966","Callinectes similis","","US","Guadalupe Estuary","Texas","PRESENT",NA,"c3ad790a-d426-4ac1-8e32-da61f81f0117",28.308056,-96.758889,100,NA,NA,NA,2.2,0,"2008-11-17T12:24",17,11,2008,2225642,2225642,"HUMAN_OBSERVATION","TPWD","San Antonio Bay Trawl",NA,NA,"",NA,"CC0_1_0","","TPWD",NA,NA,2025-02-01 02:26:54.676,"","GEODETIC_DATUM_INVALID;GEODETIC_DATUM_ASSUMED_WGS84;CONTINENT_DERIVED_FROM_COORDINATES;OCCURRENCE_STATUS_UNPARSABLE"
1271894464,"fcdd34e6-43cf-4fbb-a2a9-07163619b872","1114611174","Animalia","Arthropoda","Malacostraca","Decapoda","Portunidae","Callinectes","Callinectes similis",NA,"SPECIES","Callinectes similis Williams, 1966","Callinectes similis","","US","Guadalupe Estuary","Texas","PRESENT",NA,"c3ad790a-d426-4ac1-8e32-da61f81f0117",28.225278,-96.708611,100,NA,NA,NA,2,0,"2007-06-06T09:24",6,6,2007,2225642,2225642,"HUMAN_OBSERVATION","TPWD","San Antonio Bay Trawl",NA,NA,"",NA,"CC0_1_0","","TPWD",NA,NA,2025-02-01 02:26:55.373,"","GEODETIC_DATUM_INVALID;GEODETIC_DATUM_ASSUMED_WGS84;CONTINENT_DERIVED_FROM_COORDINATES;OCCURRENCE_STATUS_UNPARSABLE"
1271894457,"fcdd34e6-43cf-4fbb-a2a9-07163619b872","1114606984","Animalia","Arthropoda","Malacostraca","Decapoda","Portunidae","Callinectes","Callinectes similis",NA,"SPECIES","Callinectes similis Williams, 1966","Callinectes similis","","US","Guadalupe Estuary","Texas","PRESENT",NA,"c3ad790a-d426-4ac1-8e32-da61f81f0117",28.325556,-96.526389,100,NA,NA,NA,1.65,0.35,"2006-06-22T13:34",22,6,2006,2225642,2225642,"HUMAN_OBSERVATION","TPWD","San Antonio Bay Trawl",NA,NA,"",NA,"CC0_1_0","","TPWD",NA,NA,2025-02-01 02:26:53.795,"","GEODETIC_DATUM_INVALID;GEODETIC_DATUM_ASSUMED_WGS84;CONTINENT_DERIVED_FROM_COORDINATES;DEPTH_MIN_MAX_SWAPPED;OCCURRENCE_STATUS_UNPARSABLE"
1271894399,"fcdd34e6-43cf-4fbb-a2a9-07163619b872","1114606950","Animalia","Arthropoda","Malacostraca","Decapoda","Portunidae","Callinectes","Callinectes similis",NA,"SPECIES","Callinectes similis Williams, 1966","Callinectes similis","","US","Guadalupe Estuary","Texas","PRESENT",NA,"c3ad790a-d426-4ac1-8e32-da61f81f0117",28.325278,-96.543056,100,NA,NA,NA,2.7,0,"2008-05-20T11:42",20,5,2008,2225642,2225642,"HUMAN_OBSERVATION","TPWD","San Antonio Bay Trawl",NA,NA,"",NA,"CC0_1_0","","TPWD",NA,NA,2025-02-01 02:26:53.803,"","GEODETIC_DATUM_INVALID;GEODETIC_DATUM_ASSUMED_WGS84;CONTINENT_DERIVED_FROM_COORDINATES;OCCURRENCE_STATUS_UNPARSABLE"
1271894377,"fcdd34e6-43cf-4fbb-a2a9-07163619b872","1114607489","Animalia","Arthropoda","Malacostraca","Decapoda","Portunidae","Callinectes","Callinectes similis",NA,"SPECIES","Callinectes similis Williams, 1966","Callinectes similis","","US","Guadalupe Estuary","Texas","PRESENT",NA,"c3ad790a-d426-4ac1-8e32-da61f81f0117",28.392222,-96.824167,100,NA,NA,NA,1.4,0,"2007-06-27T12:21",27,6,2007,2225642,2225642,"HUMAN_OBSERVATION","TPWD","San Antonio Bay Trawl",NA,NA,"",NA,"CC0_1_0","","TPWD",NA,NA,2025-02-01 02:26:54.13,"","GEODETIC_DATUM_INVALID;GEODETIC_DATUM_ASSUMED_WGS84;CONTINENT_DERIVED_FROM_COORDINATES;OCCURRENCE_STATUS_UNPARSABLE"
1271894376,"fcdd34e6-43cf-4fbb-a2a9-07163619b872","1114606570","Animalia","Arthropoda","Malacostraca","Decapoda","Portunidae","Callinectes","Callinectes similis",NA,"SPECIES","Callinectes similis Williams, 1966","Callinectes similis","","US","Guadalupe Estuary","Texas","PRESENT",NA,"c3ad790a-d426-4ac1-8e32-da61f81f0117",28.341667,-96.557778,100,NA,NA,NA,2.2,0,"2006-04-27T09:59",27,4,2006,2225642,2225642,"HUMAN_OBSERVATION","TPWD","San Antonio Bay Trawl",NA,NA,"",NA,"CC0_1_0","","TPWD",NA,NA,2025-02-01 02:26:56.027,"","GEODETIC_DATUM_INVALID;GEODETIC_DATUM_ASSUMED_WGS84;CONTINENT_DERIVED_FROM_COORDINATES;OCCURRENCE_STATUS_UNPARSABLE"
1271894369,"fcdd34e6-43cf-4fbb-a2a9-07163619b872","1114605915","Animalia","Arthropoda","Malacostraca","Decapoda","Portunidae","Callinectes","Callinectes similis",NA,"SPECIES","Callinectes similis Williams, 1966","Callinectes similis","","US","Guadalupe Estuary","Texas","PRESENT",NA,"c3ad790a-d426-4ac1-8e32-da61f81f0117",28.407778,-96.439444,100,NA,NA,NA,2.7,0,"2007-07-23T09:36",23,7,2007,2225642,2225642,"HUMAN_OBSERVATION","TPWD","San Antonio Bay Trawl",NA,NA,"",NA,"CC0_1_0","","TPWD",NA,NA,2025-02-01 02:26:55.517,"","GEODETIC_DATUM_INVALID;GEODETIC_DATUM_ASSUMED_WGS84;CONTINENT_DERIVED_FROM_COORDINATES;OCCURRENCE_STATUS_UNPARSABLE"
1271894362,"fcdd34e6-43cf-4fbb-a2a9-07163619b872","1114606205","Animalia","Arthropoda","Malacostraca","Decapoda","Portunidae","Callinectes","Callinectes similis",NA,"SPECIES","Callinectes similis Williams, 1966","Callinectes similis","","US","Guadalupe Estuary","Texas","PRESENT",NA,"c3ad790a-d426-4ac1-8e32-da61f81f0117",28.355278,-96.575556,100,NA,NA,NA,1.55,0.55,"2008-05-20T15:29",20,5,2008,2225642,2225642,"HUMAN_OBSERVATION","TPWD","San Antonio Bay Trawl",NA,NA,"",NA,"CC0_1_0","","TPWD",NA,NA,2025-02-01 02:26:55.876,"","GEODETIC_DATUM_INVALID;GEODETIC_DATUM_ASSUMED_WGS84;CONTINENT_DERIVED_FROM_COORDINATES;DEPTH_MIN_MAX_SWAPPED;OCCURRENCE_STATUS_UNPARSABLE"
1271894323,"fcdd34e6-43cf-4fbb-a2a9-07163619b872","1114606747","Animalia","Arthropoda","Malacostraca","Decapoda","Portunidae","Callinectes","Callinectes similis",NA,"SPECIES","Callinectes similis Williams, 1966","Callinectes similis","","US","Guadalupe Estuary","Texas","PRESENT",NA,"c3ad790a-d426-4ac1-8e32-da61f81f0117",28.341111,-96.458056,100,NA,NA,NA,2.3,0,"2007-03-19T13:20",19,3,2007,2225642,2225642,"HUMAN_OBSERVATION","TPWD","San Antonio Bay Trawl",NA,NA,"",NA,"CC0_1_0","","TPWD",NA,NA,2025-02-01 02:26:53.691,"","GEODETIC_DATUM_INVALID;GEODETIC_DATUM_ASSUMED_WGS84;CONTINENT_DERIVED_FROM_COORDINATES;OCCURRENCE_STATUS_UNPARSABLE"
1271894312,"fcdd34e6-43cf-4fbb-a2a9-07163619b872","1114607157","Animalia","Arthropoda","Malacostraca","Decapoda","Portunidae","Callinectes","Callinectes similis",NA,"SPECIES","Callinectes similis Williams, 1966","Callinectes similis","","US","Guadalupe Estuary","Texas","PRESENT",NA,"c3ad790a-d426-4ac1-8e32-da61f81f0117",28.175278,-96.824722,100,NA,NA,NA,1,0,"2005-11-08T11:46",8,11,2005,2225642,2225642,"HUMAN_OBSERVATION","TPWD","San Antonio Bay Trawl",NA,NA,"",NA,"CC0_1_0","","TPWD",NA,NA,2025-02-01 02:26:54.981,"","GEODETIC_DATUM_INVALID;GEODETIC_DATUM_ASSUMED_WGS84;CONTINENT_DERIVED_FROM_COORDINATES;OCCURRENCE_STATUS_UNPARSABLE"
1271894309,"fcdd34e6-43cf-4fbb-a2a9-07163619b872","1114606561","Animalia","Arthropoda","Malacostraca","Decapoda","Portunidae","Callinectes","Callinectes similis",NA,"SPECIES","Callinectes similis Williams, 1966","Callinectes similis","","US","Guadalupe Estuary","Texas","PRESENT",NA,"c3ad790a-d426-4ac1-8e32-da61f81f0117",28.341667,-96.575,100,NA,NA,NA,2.6,0,"2006-06-22T09:47",22,6,2006,2225642,2225642,"HUMAN_OBSERVATION","TPWD","San Antonio Bay Trawl",NA,NA,"",NA,"CC0_1_0","","TPWD",NA,NA,2025-02-01 02:26:56.03,"","GEODETIC_DATUM_INVALID;GEODETIC_DATUM_ASSUMED_WGS84;CONTINENT_DERIVED_FROM_COORDINATES;OCCURRENCE_STATUS_UNPARSABLE"
1271894302,"fcdd34e6-43cf-4fbb-a2a9-07163619b872","1114605893","Animalia","Arthropoda","Malacostraca","Decapoda","Portunidae","Callinectes","Callinectes similis",NA,"SPECIES","Callinectes similis Williams, 1966","Callinectes similis","","US","Guadalupe Estuary","Texas","PRESENT",NA,"c3ad790a-d426-4ac1-8e32-da61f81f0117",28.408056,-96.458333,100,NA,NA,NA,1.9,0,"2007-07-17T10:08",17,7,2007,2225642,2225642,"HUMAN_OBSERVATION","TPWD","San Antonio Bay Trawl",NA,NA,"",NA,"CC0_1_0","","TPWD",NA,NA,2025-02-01 02:26:55.524,"","GEODETIC_DATUM_INVALID;GEODETIC_DATUM_ASSUMED_WGS84;CONTINENT_DERIVED_FROM_COORDINATES;OCCURRENCE_STATUS_UNPARSABLE"
1271894263,"fcdd34e6-43cf-4fbb-a2a9-07163619b872","1114606718","Animalia","Arthropoda","Malacostraca","Decapoda","Portunidae","Callinectes","Callinectes similis",NA,"SPECIES","Callinectes similis Williams, 1966","Callinectes similis","","US","Guadalupe Estuary","Texas","PRESENT",NA,"c3ad790a-d426-4ac1-8e32-da61f81f0117",28.341667,-96.474444,100,NA,NA,NA,2.2,0,"2008-04-23T13:37",23,4,2008,2225642,2225642,"HUMAN_OBSERVATION","TPWD","San Antonio Bay Trawl",NA,NA,"",NA,"CC0_1_0","","TPWD",NA,NA,2025-02-01 02:26:53.695,"","GEODETIC_DATUM_INVALID;GEODETIC_DATUM_ASSUMED_WGS84;CONTINENT_DERIVED_FROM_COORDINATES;OCCURRENCE_STATUS_UNPARSABLE"
1271894216,"fcdd34e6-43cf-4fbb-a2a9-07163619b872","1114605857","Animalia","Arthropoda","Malacostraca","Decapoda","Portunidae","Callinectes","Callinectes similis",NA,"SPECIES","Callinectes similis Williams, 1966","Callinectes similis","","US","Guadalupe Estuary","Texas","PRESENT",NA,"c3ad790a-d426-4ac1-8e32-da61f81f0117",28.425556,-96.424444,100,NA,NA,NA,1.2,0,"2007-06-18T09:05",18,6,2007,2225642,2225642,"HUMAN_OBSERVATION","TPWD","San Antonio Bay Trawl",NA,NA,"",NA,"CC0_1_0","","TPWD",NA,NA,2025-02-01 02:26:55.529,"","GEODETIC_DATUM_INVALID;GEODETIC_DATUM_ASSUMED_WGS84;CONTINENT_DERIVED_FROM_COORDINATES;OCCURRENCE_STATUS_UNPARSABLE"
1271894207,"fcdd34e6-43cf-4fbb-a2a9-07163619b872","1114606523","Animalia","Arthropoda","Malacostraca","Decapoda","Portunidae","Callinectes","Callinectes similis",NA,"SPECIES","Callinectes similis Williams, 1966","Callinectes similis","","US","Guadalupe Estuary","Texas","PRESENT",NA,"c3ad790a-d426-4ac1-8e32-da61f81f0117",28.341667,-96.574722,100,NA,NA,NA,2.3,0,"2007-03-26T14:56",26,3,2007,2225642,2225642,"HUMAN_OBSERVATION","TPWD","San Antonio Bay Trawl",NA,NA,"",NA,"CC0_1_0","","TPWD",NA,NA,2025-02-01 02:26:56.003,"","GEODETIC_DATUM_INVALID;GEODETIC_DATUM_ASSUMED_WGS84;CONTINENT_DERIVED_FROM_COORDINATES;OCCURRENCE_STATUS_UNPARSABLE"
1271894194,"fcdd34e6-43cf-4fbb-a2a9-07163619b872","1114606134","Animalia","Arthropoda","Malacostraca","Decapoda","Portunidae","Callinectes","Callinectes similis",NA,"SPECIES","Callinectes similis Williams, 1966","Callinectes similis","","US","Guadalupe Estuary","Texas","PRESENT",NA,"c3ad790a-d426-4ac1-8e32-da61f81f0117",28.375,-96.491944,100,NA,NA,NA,2.2,0,"2006-05-22T13:42",22,5,2006,2225642,2225642,"HUMAN_OBSERVATION","TPWD","San Antonio Bay Trawl",NA,NA,"",NA,"CC0_1_0","","TPWD",NA,NA,2025-02-01 02:26:55.786,"","GEODETIC_DATUM_INVALID;GEODETIC_DATUM_ASSUMED_WGS84;CONTINENT_DERIVED_FROM_COORDINATES;OCCURRENCE_STATUS_UNPARSABLE"
1271894190,"fcdd34e6-43cf-4fbb-a2a9-07163619b872","1114606518","Animalia","Arthropoda","Malacostraca","Decapoda","Portunidae","Callinectes","Callinectes similis",NA,"SPECIES","Callinectes similis Williams, 1966","Callinectes similis","","US","Guadalupe Estuary","Texas","PRESENT",NA,"c3ad790a-d426-4ac1-8e32-da61f81f0117",28.341111,-96.573611,100,NA,NA,NA,2.5,0,"2008-05-08T09:56",8,5,2008,2225642,2225642,"HUMAN_OBSERVATION","TPWD","San Antonio Bay Trawl",NA,NA,"",NA,"CC0_1_0","","TPWD",NA,NA,2025-02-01 02:26:56.002,"","GEODETIC_DATUM_INVALID;GEODETIC_DATUM_ASSUMED_WGS84;CONTINENT_DERIVED_FROM_COORDINATES;OCCURRENCE_STATUS_UNPARSABLE"
1271894178,"fcdd34e6-43cf-4fbb-a2a9-07163619b872","1114606132","Animalia","Arthropoda","Malacostraca","Decapoda","Portunidae","Callinectes","Callinectes similis",NA,"SPECIES","Callinectes similis Williams, 1966","Callinectes similis","","US","Guadalupe Estuary","Texas","PRESENT",NA,"c3ad790a-d426-4ac1-8e32-da61f81f0117",28.375,-96.491667,100,NA,NA,NA,2.2,0,"2006-04-27T09:19",27,4,2006,2225642,2225642,"HUMAN_OBSERVATION","TPWD","San Antonio Bay Trawl",NA,NA,"",NA,"CC0_1_0","","TPWD",NA,NA,2025-02-01 02:26:55.786,"","GEODETIC_DATUM_INVALID;GEODETIC_DATUM_ASSUMED_WGS84;CONTINENT_DERIVED_FROM_COORDINATES;OCCURRENCE_STATUS_UNPARSABLE"
1271894086,"fcdd34e6-43cf-4fbb-a2a9-07163619b872","1114606687","Animalia","Arthropoda","Malacostraca","Decapoda","Portunidae","Callinectes","Callinectes similis",NA,"SPECIES","Callinectes similis Williams, 1966","Callinectes similis","","US","Guadalupe Estuary","Texas","PRESENT",NA,"c3ad790a-d426-4ac1-8e32-da61f81f0117",28.341389,-96.491111,100,NA,NA,NA,2.8,0,"2008-04-23T14:03",23,4,2008,2225642,2225642,"HUMAN_OBSERVATION","TPWD","San Antonio Bay Trawl",NA,NA,"",NA,"CC0_1_0","","TPWD",NA,NA,2025-02-01 02:26:56.078,"","GEODETIC_DATUM_INVALID;GEODETIC_DATUM_ASSUMED_WGS84;CONTINENT_DERIVED_FROM_COORDINATES;OCCURRENCE_STATUS_UNPARSABLE"
1271894063,"fcdd34e6-43cf-4fbb-a2a9-07163619b872","1114606685","Animalia","Arthropoda","Malacostraca","Decapoda","Portunidae","Callinectes","Callinectes similis",NA,"SPECIES","Callinectes similis Williams, 1966","Callinectes similis","","US","Guadalupe Estuary","Texas","PRESENT",NA,"c3ad790a-d426-4ac1-8e32-da61f81f0117",28.341111,-96.4925,100,NA,NA,NA,2.7,0,"2005-06-20T10:10",20,6,2005,2225642,2225642,"HUMAN_OBSERVATION","TPWD","San Antonio Bay Trawl",NA,NA,"",NA,"CC0_1_0","","TPWD",NA,NA,2025-02-01 02:26:56.078,"","GEODETIC_DATUM_INVALID;GEODETIC_DATUM_ASSUMED_WGS84;CONTINENT_DERIVED_FROM_COORDINATES;OCCURRENCE_STATUS_UNPARSABLE"
1271893916,"fcdd34e6-43cf-4fbb-a2a9-07163619b872","1114606661","Animalia","Arthropoda","Malacostraca","Decapoda","Portunidae","Callinectes","Callinectes similis",NA,"SPECIES","Callinectes similis Williams, 1966","Callinectes similis","","US","Guadalupe Estuary","Texas","PRESENT",NA,"c3ad790a-d426-4ac1-8e32-da61f81f0117",28.341667,-96.5075,100,NA,NA,NA,3.8,0,"2005-11-28T14:15",28,11,2005,2225642,2225642,"HUMAN_OBSERVATION","TPWD","San Antonio Bay Trawl",NA,NA,"",NA,"CC0_1_0","","TPWD",NA,NA,2025-02-01 02:26:56.079,"","GEODETIC_DATUM_INVALID;GEODETIC_DATUM_ASSUMED_WGS84;CONTINENT_DERIVED_FROM_COORDINATES;OCCURRENCE_STATUS_UNPARSABLE"
1271893892,"fcdd34e6-43cf-4fbb-a2a9-07163619b872","1114606652","Animalia","Arthropoda","Malacostraca","Decapoda","Portunidae","Callinectes","Callinectes similis",NA,"SPECIES","Callinectes similis Williams, 1966","Callinectes similis","","US","Guadalupe Estuary","Texas","PRESENT",NA,"c3ad790a-d426-4ac1-8e32-da61f81f0117",28.341667,-96.527222,100,NA,NA,NA,2.9,0,"2006-02-16T12:18",16,2,2006,2225642,2225642,"HUMAN_OBSERVATION","TPWD","San Antonio Bay Trawl",NA,NA,"",NA,"CC0_1_0","","TPWD",NA,NA,2025-02-01 02:26:56.08,"","GEODETIC_DATUM_INVALID;GEODETIC_DATUM_ASSUMED_WGS84;CONTINENT_DERIVED_FROM_COORDINATES;OCCURRENCE_STATUS_UNPARSABLE"
1271893817,"fcdd34e6-43cf-4fbb-a2a9-07163619b872","1114605974","Animalia","Arthropoda","Malacostraca","Decapoda","Portunidae","Callinectes","Callinectes similis",NA,"SPECIES","Callinectes similis Williams, 1966","Callinectes similis","","US","Guadalupe Estuary","Texas","PRESENT",NA,"c3ad790a-d426-4ac1-8e32-da61f81f0117",28.390833,-96.491944,100,NA,NA,NA,2.4,0,"2007-06-28T10:07",28,6,2007,2225642,2225642,"HUMAN_OBSERVATION","TPWD","San Antonio Bay Trawl",NA,NA,"",NA,"CC0_1_0","","TPWD",NA,NA,2025-02-01 02:26:55.564,"","GEODETIC_DATUM_INVALID;GEODETIC_DATUM_ASSUMED_WGS84;CONTINENT_DERIVED_FROM_COORDINATES;OCCURRENCE_STATUS_UNPARSABLE"
1271893768,"fcdd34e6-43cf-4fbb-a2a9-07163619b872","1114605971","Animalia","Arthropoda","Malacostraca","Decapoda","Portunidae","Callinectes","Callinectes similis",NA,"SPECIES","Callinectes similis Williams, 1966","Callinectes similis","","US","Guadalupe Estuary","Texas","PRESENT",NA,"c3ad790a-d426-4ac1-8e32-da61f81f0117",28.412222,-96.426389,100,NA,NA,NA,1.5,0,"2006-05-22T11:19",22,5,2006,2225642,2225642,"HUMAN_OBSERVATION","TPWD","San Antonio Bay Trawl",NA,NA,"",NA,"CC0_1_0","","TPWD",NA,NA,2025-02-01 02:26:55.564,"","GEODETIC_DATUM_INVALID;GEODETIC_DATUM_ASSUMED_WGS84;CONTINENT_DERIVED_FROM_COORDINATES;OCCURRENCE_STATUS_UNPARSABLE"
1271893734,"fcdd34e6-43cf-4fbb-a2a9-07163619b872","1114606371","Animalia","Arthropoda","Malacostraca","Decapoda","Portunidae","Callinectes","Callinectes similis",NA,"SPECIES","Callinectes similis Williams, 1966","Callinectes similis","","US","Guadalupe Estuary","Texas","PRESENT",NA,"c3ad790a-d426-4ac1-8e32-da61f81f0117",28.357222,-96.493056,100,NA,NA,NA,1.55,0.35,"2005-07-21T10:33",21,7,2005,2225642,2225642,"HUMAN_OBSERVATION","TPWD","San Antonio Bay Trawl",NA,NA,"",NA,"CC0_1_0","","TPWD",NA,NA,2025-02-01 02:26:55.889,"","GEODETIC_DATUM_INVALID;GEODETIC_DATUM_ASSUMED_WGS84;CONTINENT_DERIVED_FROM_COORDINATES;DEPTH_MIN_MAX_SWAPPED;OCCURRENCE_STATUS_UNPARSABLE"
1271893658,"fcdd34e6-43cf-4fbb-a2a9-07163619b872","1114605950","Animalia","Arthropoda","Malacostraca","Decapoda","Portunidae","Callinectes","Callinectes similis",NA,"SPECIES","Callinectes similis Williams, 1966","Callinectes similis","","US","Guadalupe Estuary","Texas","PRESENT",NA,"c3ad790a-d426-4ac1-8e32-da61f81f0117",28.409444,-96.442778,100,NA,NA,NA,2.8,0,"2006-11-21T14:04",21,11,2006,2225642,2225642,"HUMAN_OBSERVATION","TPWD","San Antonio Bay Trawl",NA,NA,"",NA,"CC0_1_0","","TPWD",NA,NA,2025-02-01 02:26:55.512,"","GEODETIC_DATUM_INVALID;GEODETIC_DATUM_ASSUMED_WGS84;CONTINENT_DERIVED_FROM_COORDINATES;OCCURRENCE_STATUS_UNPARSABLE"
1271847651,"17411afb-5543-4d0a-8f36-47cb8322062e","1113401633","Animalia","Arthropoda","Malacostraca","Decapoda","Portunidae","Callinectes","Callinectes similis",NA,"SPECIES","Callinectes similis Williams, 1966","Callinectes similis","","US","Lavaca-Colorado Estuary","Texas","PRESENT",NA,"c3ad790a-d426-4ac1-8e32-da61f81f0117",28.424722,-96.358056,100,NA,NA,NA,1.5,0,"2008-12-17T10:19",17,12,2008,2225642,2225642,"HUMAN_OBSERVATION","TPWD","Matagorda Bay Trawl",NA,NA,"",NA,"CC0_1_0","","TPWD",NA,NA,2025-01-31 18:00:25.843,"","GEODETIC_DATUM_INVALID;GEODETIC_DATUM_ASSUMED_WGS84;CONTINENT_DERIVED_FROM_COORDINATES;OCCURRENCE_STATUS_UNPARSABLE"
1271847644,"17411afb-5543-4d0a-8f36-47cb8322062e","1113401512","Animalia","Arthropoda","Malacostraca","Decapoda","Portunidae","Callinectes","Callinectes similis",NA,"SPECIES","Callinectes similis Williams, 1966","Callinectes similis","","US","Lavaca-Colorado Estuary","Texas","PRESENT",NA,"c3ad790a-d426-4ac1-8e32-da61f81f0117",28.458333,-96.324722,100,NA,NA,NA,3.6,0,"2008-04-15T10:55",15,4,2008,2225642,2225642,"HUMAN_OBSERVATION","TPWD","Matagorda Bay Trawl",NA,NA,"",NA,"CC0_1_0","","TPWD",NA,NA,2025-01-31 18:00:26.235,"","GEODETIC_DATUM_INVALID;GEODETIC_DATUM_ASSUMED_WGS84;CONTINENT_DERIVED_FROM_COORDINATES;OCCURRENCE_STATUS_UNPARSABLE"
1271847641,"17411afb-5543-4d0a-8f36-47cb8322062e","1113401560","Animalia","Arthropoda","Malacostraca","Decapoda","Portunidae","Callinectes","Callinectes similis",NA,"SPECIES","Callinectes similis Williams, 1966","Callinectes similis","","US","Lavaca-Colorado Estuary","Texas","PRESENT",NA,"c3ad790a-d426-4ac1-8e32-da61f81f0117",28.46,-96.307778,100,NA,NA,NA,3,0,"2006-05-03T10:24",3,5,2006,2225642,2225642,"HUMAN_OBSERVATION","TPWD","Matagorda Bay Trawl",NA,NA,"",NA,"CC0_1_0","","TPWD",NA,NA,2025-01-31 18:00:26.267,"","GEODETIC_DATUM_INVALID;GEODETIC_DATUM_ASSUMED_WGS84;CONTINENT_DERIVED_FROM_COORDINATES;OCCURRENCE_STATUS_UNPARSABLE"
1271847637,"17411afb-5543-4d0a-8f36-47cb8322062e","1113401507","Animalia","Arthropoda","Malacostraca","Decapoda","Portunidae","Callinectes","Callinectes similis",NA,"SPECIES","Callinectes similis Williams, 1966","Callinectes similis","","US","Lavaca-Colorado Estuary","Texas","PRESENT",NA,"c3ad790a-d426-4ac1-8e32-da61f81f0117",28.458056,-96.324167,100,NA,NA,NA,3,0,"2006-07-17T10:36",17,7,2006,2225642,2225642,"HUMAN_OBSERVATION","TPWD","Matagorda Bay Trawl",NA,NA,"",NA,"CC0_1_0","","TPWD",NA,NA,2025-01-31 18:00:26.255,"","GEODETIC_DATUM_INVALID;GEODETIC_DATUM_ASSUMED_WGS84;CONTINENT_DERIVED_FROM_COORDINATES;OCCURRENCE_STATUS_UNPARSABLE"
1271847629,"17411afb-5543-4d0a-8f36-47cb8322062e","1113401378","Animalia","Arthropoda","Malacostraca","Decapoda","Portunidae","Callinectes","Callinectes similis",NA,"SPECIES","Callinectes similis Williams, 1966","Callinectes similis","","US","Lavaca-Colorado Estuary","Texas","PRESENT",NA,"c3ad790a-d426-4ac1-8e32-da61f81f0117",28.474444,-96.341667,100,NA,NA,NA,4.2,0,"2008-05-19T12:16",19,5,2008,2225642,2225642,"HUMAN_OBSERVATION","TPWD","Matagorda Bay Trawl",NA,NA,"",NA,"CC0_1_0","","TPWD",NA,NA,2025-01-31 18:00:27.324,"","GEODETIC_DATUM_INVALID;GEODETIC_DATUM_ASSUMED_WGS84;CONTINENT_DERIVED_FROM_COORDINATES;OCCURRENCE_STATUS_UNPARSABLE"
1271847617,"17411afb-5543-4d0a-8f36-47cb8322062e","1113401427","Animalia","Arthropoda","Malacostraca","Decapoda","Portunidae","Callinectes","Callinectes similis",NA,"SPECIES","Callinectes similis Williams, 1966","Callinectes similis","","US","Lavaca-Colorado Estuary","Texas","PRESENT",NA,"c3ad790a-d426-4ac1-8e32-da61f81f0117",28.475278,-96.324722,100,NA,NA,NA,4.5,0,"2008-10-13T16:50",13,10,2008,2225642,2225642,"HUMAN_OBSERVATION","TPWD","Matagorda Bay Trawl",NA,NA,"",NA,"CC0_1_0","","TPWD",NA,NA,2025-01-31 18:00:26.103,"","GEODETIC_DATUM_INVALID;GEODETIC_DATUM_ASSUMED_WGS84;CONTINENT_DERIVED_FROM_COORDINATES;OCCURRENCE_STATUS_UNPARSABLE"
1271847604,"17411afb-5543-4d0a-8f36-47cb8322062e","1113401454","Animalia","Arthropoda","Malacostraca","Decapoda","Portunidae","Callinectes","Callinectes similis",NA,"SPECIES","Callinectes similis Williams, 1966","Callinectes similis","","US","Lavaca-Colorado Estuary","Texas","PRESENT",NA,"c3ad790a-d426-4ac1-8e32-da61f81f0117",28.475,-96.291667,100,NA,NA,NA,5,0,"2007-05-07T14:29",7,5,2007,2225642,2225642,"HUMAN_OBSERVATION","TPWD","Matagorda Bay Trawl",NA,NA,"",NA,"CC0_1_0","","TPWD",NA,NA,2025-01-31 18:00:26.141,"","GEODETIC_DATUM_INVALID;GEODETIC_DATUM_ASSUMED_WGS84;CONTINENT_DERIVED_FROM_COORDINATES;OCCURRENCE_STATUS_UNPARSABLE"
1271847599,"17411afb-5543-4d0a-8f36-47cb8322062e","1113401400","Animalia","Arthropoda","Malacostraca","Decapoda","Portunidae","Callinectes","Callinectes similis",NA,"SPECIES","Callinectes similis Williams, 1966","Callinectes similis","","US","Lavaca-Colorado Estuary","Texas","PRESENT",NA,"c3ad790a-d426-4ac1-8e32-da61f81f0117",28.475,-96.341667,100,NA,NA,NA,4.1,0,"2008-06-10T10:53",10,6,2008,2225642,2225642,"HUMAN_OBSERVATION","TPWD","Matagorda Bay Trawl",NA,NA,"",NA,"CC0_1_0","","TPWD",NA,NA,2025-01-31 18:00:26.075,"","GEODETIC_DATUM_INVALID;GEODETIC_DATUM_ASSUMED_WGS84;CONTINENT_DERIVED_FROM_COORDINATES;OCCURRENCE_STATUS_UNPARSABLE"
1271847596,"17411afb-5543-4d0a-8f36-47cb8322062e","1113401376","Animalia","Arthropoda","Malacostraca","Decapoda","Portunidae","Callinectes","Callinectes similis",NA,"SPECIES","Callinectes similis Williams, 1966","Callinectes similis","","US","Lavaca-Colorado Estuary","Texas","PRESENT",NA,"c3ad790a-d426-4ac1-8e32-da61f81f0117",28.474167,-96.341667,100,NA,NA,NA,3.3,0,"2006-08-09T13:21",9,8,2006,2225642,2225642,"HUMAN_OBSERVATION","TPWD","Matagorda Bay Trawl",NA,NA,"",NA,"CC0_1_0","","TPWD",NA,NA,2025-01-31 18:00:27.313,"","GEODETIC_DATUM_INVALID;GEODETIC_DATUM_ASSUMED_WGS84;CONTINENT_DERIVED_FROM_COORDINATES;OCCURRENCE_STATUS_UNPARSABLE"
1271847586,"17411afb-5543-4d0a-8f36-47cb8322062e","1113401430","Animalia","Arthropoda","Malacostraca","Decapoda","Portunidae","Callinectes","Callinectes similis",NA,"SPECIES","Callinectes similis Williams, 1966","Callinectes similis","","US","Lavaca-Colorado Estuary","Texas","PRESENT",NA,"c3ad790a-d426-4ac1-8e32-da61f81f0117",28.475556,-96.324722,100,NA,NA,NA,3.2,0,"2006-07-17T11:04",17,7,2006,2225642,2225642,"HUMAN_OBSERVATION","TPWD","Matagorda Bay Trawl",NA,NA,"",NA,"CC0_1_0","","TPWD",NA,NA,2025-01-31 18:00:26.102,"","GEODETIC_DATUM_INVALID;GEODETIC_DATUM_ASSUMED_WGS84;CONTINENT_DERIVED_FROM_COORDINATES;OCCURRENCE_STATUS_UNPARSABLE"
1271847574,"17411afb-5543-4d0a-8f36-47cb8322062e","1113401203","Animalia","Arthropoda","Malacostraca","Decapoda","Portunidae","Callinectes","Callinectes similis",NA,"SPECIES","Callinectes similis Williams, 1966","Callinectes similis","","US","Lavaca-Colorado Estuary","Texas","PRESENT",NA,"c3ad790a-d426-4ac1-8e32-da61f81f0117",28.492222,-96.325556,100,NA,NA,NA,3,0,"2005-12-06T11:05",6,12,2005,2225642,2225642,"HUMAN_OBSERVATION","TPWD","Matagorda Bay Trawl",NA,NA,"",NA,"CC0_1_0","","TPWD",NA,NA,2025-01-31 18:00:27.246,"","GEODETIC_DATUM_INVALID;GEODETIC_DATUM_ASSUMED_WGS84;CONTINENT_DERIVED_FROM_COORDINATES;OCCURRENCE_STATUS_UNPARSABLE"
1271847566,"17411afb-5543-4d0a-8f36-47cb8322062e","1113401338","Animalia","Arthropoda","Malacostraca","Decapoda","Portunidae","Callinectes","Callinectes similis",NA,"SPECIES","Callinectes similis Williams, 1966","Callinectes similis","","US","Lavaca-Colorado Estuary","Texas","PRESENT",NA,"c3ad790a-d426-4ac1-8e32-da61f81f0117",28.475,-96.376389,100,NA,NA,NA,3,0,"2006-04-19T11:16",19,4,2006,2225642,2225642,"HUMAN_OBSERVATION","TPWD","Matagorda Bay Trawl",NA,NA,"",NA,"CC0_1_0","","TPWD",NA,NA,2025-01-31 18:00:27.34,"","GEODETIC_DATUM_INVALID;GEODETIC_DATUM_ASSUMED_WGS84;CONTINENT_DERIVED_FROM_COORDINATES;OCCURRENCE_STATUS_UNPARSABLE"
1271847558,"17411afb-5543-4d0a-8f36-47cb8322062e","1113401353","Animalia","Arthropoda","Malacostraca","Decapoda","Portunidae","Callinectes","Callinectes similis",NA,"SPECIES","Callinectes similis Williams, 1966","Callinectes similis","","US","Lavaca-Colorado Estuary","Texas","PRESENT",NA,"c3ad790a-d426-4ac1-8e32-da61f81f0117",28.474444,-96.358611,100,NA,NA,NA,4.1,0,"2008-07-09T10:14",9,7,2008,2225642,2225642,"HUMAN_OBSERVATION","TPWD","Matagorda Bay Trawl",NA,NA,"",NA,"CC0_1_0","","TPWD",NA,NA,2025-01-31 18:00:27.351,"","GEODETIC_DATUM_INVALID;GEODETIC_DATUM_ASSUMED_WGS84;CONTINENT_DERIVED_FROM_COORDINATES;OCCURRENCE_STATUS_UNPARSABLE"
1271847555,"17411afb-5543-4d0a-8f36-47cb8322062e","1113401260","Animalia","Arthropoda","Malacostraca","Decapoda","Portunidae","Callinectes","Callinectes similis",NA,"SPECIES","Callinectes similis Williams, 1966","Callinectes similis","","US","Lavaca-Colorado Estuary","Texas","PRESENT",NA,"c3ad790a-d426-4ac1-8e32-da61f81f0117",28.492778,-96.275278,100,NA,NA,NA,3.3,0,"2006-04-19T12:50",19,4,2006,2225642,2225642,"HUMAN_OBSERVATION","TPWD","Matagorda Bay Trawl",NA,NA,"",NA,"CC0_1_0","","TPWD",NA,NA,2025-01-31 18:00:27.239,"","GEODETIC_DATUM_INVALID;GEODETIC_DATUM_ASSUMED_WGS84;CONTINENT_DERIVED_FROM_COORDINATES;OCCURRENCE_STATUS_UNPARSABLE"
1271847545,"17411afb-5543-4d0a-8f36-47cb8322062e","1113401380","Animalia","Arthropoda","Malacostraca","Decapoda","Portunidae","Callinectes","Callinectes similis",NA,"SPECIES","Callinectes similis Williams, 1966","Callinectes similis","","US","Lavaca-Colorado Estuary","Texas","PRESENT",NA,"c3ad790a-d426-4ac1-8e32-da61f81f0117",28.475,-96.340833,100,NA,NA,NA,3.6,0,"2006-02-01T09:18",1,2,2006,2225642,2225642,"HUMAN_OBSERVATION","TPWD","Matagorda Bay Trawl",NA,NA,"",NA,"CC0_1_0","","TPWD",NA,NA,2025-01-31 18:00:27.334,"","GEODETIC_DATUM_INVALID;GEODETIC_DATUM_ASSUMED_WGS84;CONTINENT_DERIVED_FROM_COORDINATES;OCCURRENCE_STATUS_UNPARSABLE"
1271847543,"17411afb-5543-4d0a-8f36-47cb8322062e","1113401202","Animalia","Arthropoda","Malacostraca","Decapoda","Portunidae","Callinectes","Callinectes similis",NA,"SPECIES","Callinectes similis Williams, 1966","Callinectes similis","","US","Lavaca-Colorado Estuary","Texas","PRESENT",NA,"c3ad790a-d426-4ac1-8e32-da61f81f0117",28.492222,-96.325,100,NA,NA,NA,3.6,0,"2006-07-06T15:59",6,7,2006,2225642,2225642,"HUMAN_OBSERVATION","TPWD","Matagorda Bay Trawl",NA,NA,"",NA,"CC0_1_0","","TPWD",NA,NA,2025-01-31 18:00:27.247,"","GEODETIC_DATUM_INVALID;GEODETIC_DATUM_ASSUMED_WGS84;CONTINENT_DERIVED_FROM_COORDINATES;OCCURRENCE_STATUS_UNPARSABLE"
1271847531,"17411afb-5543-4d0a-8f36-47cb8322062e","1113401201","Animalia","Arthropoda","Malacostraca","Decapoda","Portunidae","Callinectes","Callinectes similis",NA,"SPECIES","Callinectes similis Williams, 1966","Callinectes similis","","US","Lavaca-Colorado Estuary","Texas","PRESENT",NA,"c3ad790a-d426-4ac1-8e32-da61f81f0117",28.491944,-96.325,100,NA,NA,NA,4.1,0,"2008-04-16T09:52",16,4,2008,2225642,2225642,"HUMAN_OBSERVATION","TPWD","Matagorda Bay Trawl",NA,NA,"",NA,"CC0_1_0","","TPWD",NA,NA,2025-01-31 18:00:27.247,"","GEODETIC_DATUM_INVALID;GEODETIC_DATUM_ASSUMED_WGS84;CONTINENT_DERIVED_FROM_COORDINATES;OCCURRENCE_STATUS_UNPARSABLE"
1271847530,"17411afb-5543-4d0a-8f36-47cb8322062e","1113401253","Animalia","Arthropoda","Malacostraca","Decapoda","Portunidae","Callinectes","Callinectes similis",NA,"SPECIES","Callinectes similis Williams, 1966","Callinectes similis","","US","Lavaca-Colorado Estuary","Texas","PRESENT",NA,"c3ad790a-d426-4ac1-8e32-da61f81f0117",28.491667,-96.275,100,NA,NA,NA,3.7,0,"2008-08-11T11:52",11,8,2008,2225642,2225642,"HUMAN_OBSERVATION","TPWD","Matagorda Bay Trawl",NA,NA,"",NA,"CC0_1_0","","TPWD",NA,NA,2025-01-31 18:00:27.237,"","GEODETIC_DATUM_INVALID;GEODETIC_DATUM_ASSUMED_WGS84;CONTINENT_DERIVED_FROM_COORDINATES;OCCURRENCE_STATUS_UNPARSABLE"
1271847527,"17411afb-5543-4d0a-8f36-47cb8322062e","1113401208","Animalia","Arthropoda","Malacostraca","Decapoda","Portunidae","Callinectes","Callinectes similis",NA,"SPECIES","Callinectes similis Williams, 1966","Callinectes similis","","US","Lavaca-Colorado Estuary","Texas","PRESENT",NA,"c3ad790a-d426-4ac1-8e32-da61f81f0117",28.491389,-96.308889,100,NA,NA,NA,3.2,0,"2005-03-02T13:16",2,3,2005,2225642,2225642,"HUMAN_OBSERVATION","TPWD","Matagorda Bay Trawl",NA,NA,"",NA,"CC0_1_0","","TPWD",NA,NA,2025-01-31 18:00:27.246,"","GEODETIC_DATUM_INVALID;GEODETIC_DATUM_ASSUMED_WGS84;CONTINENT_DERIVED_FROM_COORDINATES;OCCURRENCE_STATUS_UNPARSABLE"
1271847499,"17411afb-5543-4d0a-8f36-47cb8322062e","1113400926","Animalia","Arthropoda","Malacostraca","Decapoda","Portunidae","Callinectes","Callinectes similis",NA,"SPECIES","Callinectes similis Williams, 1966","Callinectes similis","","US","Lavaca-Colorado Estuary","Texas","PRESENT",NA,"c3ad790a-d426-4ac1-8e32-da61f81f0117",28.5075,-96.3425,100,NA,NA,NA,3.2,0,"2006-03-02T14:32",2,3,2006,2225642,2225642,"HUMAN_OBSERVATION","TPWD","Matagorda Bay Trawl",NA,NA,"",NA,"CC0_1_0","","TPWD",NA,NA,2025-01-31 18:00:28.428,"","GEODETIC_DATUM_INVALID;GEODETIC_DATUM_ASSUMED_WGS84;OCCURRENCE_STATUS_UNPARSABLE"
1271847490,"17411afb-5543-4d0a-8f36-47cb8322062e","1113401084","Animalia","Arthropoda","Malacostraca","Decapoda","Portunidae","Callinectes","Callinectes similis",NA,"SPECIES","Callinectes similis Williams, 1966","Callinectes similis","","US","Lavaca-Colorado Estuary","Texas","PRESENT",NA,"c3ad790a-d426-4ac1-8e32-da61f81f0117",28.492778,-96.424722,100,NA,NA,NA,3.3,0,"2005-09-28T09:08",28,9,2005,2225642,2225642,"HUMAN_OBSERVATION","TPWD","Matagorda Bay Trawl",NA,NA,"",NA,"CC0_1_0","","TPWD",NA,NA,2025-01-31 18:00:27.55,"","GEODETIC_DATUM_INVALID;GEODETIC_DATUM_ASSUMED_WGS84;CONTINENT_DERIVED_FROM_COORDINATES;OCCURRENCE_STATUS_UNPARSABLE"
1271847478,"17411afb-5543-4d0a-8f36-47cb8322062e","1113401113","Animalia","Arthropoda","Malacostraca","Decapoda","Portunidae","Callinectes","Callinectes similis",NA,"SPECIES","Callinectes similis Williams, 1966","Callinectes similis","","US","Lavaca-Colorado Estuary","Texas","PRESENT",NA,"c3ad790a-d426-4ac1-8e32-da61f81f0117",28.490833,-96.376667,100,NA,NA,NA,3,0,"2005-12-06T12:28",6,12,2005,2225642,2225642,"HUMAN_OBSERVATION","TPWD","Matagorda Bay Trawl",NA,NA,"",NA,"CC0_1_0","","TPWD",NA,NA,2025-01-31 18:00:27.536,"","GEODETIC_DATUM_INVALID;GEODETIC_DATUM_ASSUMED_WGS84;CONTINENT_DERIVED_FROM_COORDINATES;OCCURRENCE_STATUS_UNPARSABLE"
1271847473,"17411afb-5543-4d0a-8f36-47cb8322062e","1113401162","Animalia","Arthropoda","Malacostraca","Decapoda","Portunidae","Callinectes","Callinectes similis",NA,"SPECIES","Callinectes similis Williams, 1966","Callinectes similis","","US","Lavaca-Colorado Estuary","Texas","PRESENT",NA,"c3ad790a-d426-4ac1-8e32-da61f81f0117",28.491667,-96.341389,100,NA,NA,NA,3.3,0,"2005-10-26T11:29",26,10,2005,2225642,2225642,"HUMAN_OBSERVATION","TPWD","Matagorda Bay Trawl",NA,NA,"",NA,"CC0_1_0","","TPWD",NA,NA,2025-01-31 18:00:27.259,"","GEODETIC_DATUM_INVALID;GEODETIC_DATUM_ASSUMED_WGS84;CONTINENT_DERIVED_FROM_COORDINATES;OCCURRENCE_STATUS_UNPARSABLE"
1271847467,"17411afb-5543-4d0a-8f36-47cb8322062e","1113401023","Animalia","Arthropoda","Malacostraca","Decapoda","Portunidae","Callinectes","Callinectes similis",NA,"SPECIES","Callinectes similis Williams, 1966","Callinectes similis","","US","Lavaca-Colorado Estuary","Texas","PRESENT",NA,"c3ad790a-d426-4ac1-8e32-da61f81f0117",28.509444,-96.241111,100,NA,NA,NA,3.6,0,"2008-05-12T14:31",12,5,2008,2225642,2225642,"HUMAN_OBSERVATION","TPWD","Matagorda Bay Trawl",NA,NA,"",NA,"CC0_1_0","","TPWD",NA,NA,2025-01-31 18:00:27.442,"","GEODETIC_DATUM_INVALID;GEODETIC_DATUM_ASSUMED_WGS84;CONTINENT_DERIVED_FROM_COORDINATES;OCCURRENCE_STATUS_UNPARSABLE"
1271847456,"17411afb-5543-4d0a-8f36-47cb8322062e","1113400989","Animalia","Arthropoda","Malacostraca","Decapoda","Portunidae","Callinectes","Callinectes similis",NA,"SPECIES","Callinectes similis Williams, 1966","Callinectes similis","","US","Lavaca-Colorado Estuary","Texas","PRESENT",NA,"c3ad790a-d426-4ac1-8e32-da61f81f0117",28.508611,-96.2925,100,NA,NA,NA,3,0,"2006-09-12T12:56",12,9,2006,2225642,2225642,"HUMAN_OBSERVATION","TPWD","Matagorda Bay Trawl",NA,NA,"",NA,"CC0_1_0","","TPWD",NA,NA,2025-01-31 18:00:28.386,"","GEODETIC_DATUM_INVALID;GEODETIC_DATUM_ASSUMED_WGS84;CONTINENT_DERIVED_FROM_COORDINATES;OCCURRENCE_STATUS_UNPARSABLE"
1271847455,"17411afb-5543-4d0a-8f36-47cb8322062e","1113401085","Animalia","Arthropoda","Malacostraca","Decapoda","Portunidae","Callinectes","Callinectes similis",NA,"SPECIES","Callinectes similis Williams, 1966","Callinectes similis","","US","Lavaca-Colorado Estuary","Texas","PRESENT",NA,"c3ad790a-d426-4ac1-8e32-da61f81f0117",28.493056,-96.425,100,NA,NA,NA,3.3,0,"2006-05-03T14:52",3,5,2006,2225642,2225642,"HUMAN_OBSERVATION","TPWD","Matagorda Bay Trawl",NA,NA,"",NA,"CC0_1_0","","TPWD",NA,NA,2025-01-31 18:00:27.55,"","GEODETIC_DATUM_INVALID;GEODETIC_DATUM_ASSUMED_WGS84;CONTINENT_DERIVED_FROM_COORDINATES;OCCURRENCE_STATUS_UNPARSABLE"
1271847442,"17411afb-5543-4d0a-8f36-47cb8322062e","1113400924","Animalia","Arthropoda","Malacostraca","Decapoda","Portunidae","Callinectes","Callinectes similis",NA,"SPECIES","Callinectes similis Williams, 1966","Callinectes similis","","US","Lavaca-Colorado Estuary","Texas","PRESENT",NA,"c3ad790a-d426-4ac1-8e32-da61f81f0117",28.509444,-96.360278,100,NA,NA,NA,3,0,"2005-12-06T12:48",6,12,2005,2225642,2225642,"HUMAN_OBSERVATION","TPWD","Matagorda Bay Trawl",NA,NA,"",NA,"CC0_1_0","","TPWD",NA,NA,2025-01-31 18:00:28.428,"","GEODETIC_DATUM_INVALID;GEODETIC_DATUM_ASSUMED_WGS84;OCCURRENCE_STATUS_UNPARSABLE"
1271847438,"17411afb-5543-4d0a-8f36-47cb8322062e","1113400991","Animalia","Arthropoda","Malacostraca","Decapoda","Portunidae","Callinectes","Callinectes similis",NA,"SPECIES","Callinectes similis Williams, 1966","Callinectes similis","","US","Lavaca-Colorado Estuary","Texas","PRESENT",NA,"c3ad790a-d426-4ac1-8e32-da61f81f0117",28.508889,-96.290833,100,NA,NA,NA,3,0,"2005-10-26T13:38",26,10,2005,2225642,2225642,"HUMAN_OBSERVATION","TPWD","Matagorda Bay Trawl",NA,NA,"",NA,"CC0_1_0","","TPWD",NA,NA,2025-01-31 18:00:28.384,"","GEODETIC_DATUM_INVALID;GEODETIC_DATUM_ASSUMED_WGS84;CONTINENT_DERIVED_FROM_COORDINATES;OCCURRENCE_STATUS_UNPARSABLE"
1271847436,"17411afb-5543-4d0a-8f36-47cb8322062e","1113400955","Animalia","Arthropoda","Malacostraca","Decapoda","Portunidae","Callinectes","Callinectes similis",NA,"SPECIES","Callinectes similis Williams, 1966","Callinectes similis","","US","Lavaca-Colorado Estuary","Texas","PRESENT",NA,"c3ad790a-d426-4ac1-8e32-da61f81f0117",28.507778,-96.324167,100,NA,NA,NA,3.3,0,"2005-09-28T13:09",28,9,2005,2225642,2225642,"HUMAN_OBSERVATION","TPWD","Matagorda Bay Trawl",NA,NA,"",NA,"CC0_1_0","","TPWD",NA,NA,2025-01-31 18:00:28.418,"","GEODETIC_DATUM_INVALID;GEODETIC_DATUM_ASSUMED_WGS84;OCCURRENCE_STATUS_UNPARSABLE"
1271847414,"17411afb-5543-4d0a-8f36-47cb8322062e","1113400863","Animalia","Arthropoda","Malacostraca","Decapoda","Portunidae","Callinectes","Callinectes similis",NA,"SPECIES","Callinectes similis Williams, 1966","Callinectes similis","","US","Lavaca-Colorado Estuary","Texas","PRESENT",NA,"c3ad790a-d426-4ac1-8e32-da61f81f0117",28.508333,-96.3925,100,NA,NA,NA,4.2,0,"2005-06-21T09:32",21,6,2005,2225642,2225642,"HUMAN_OBSERVATION","TPWD","Matagorda Bay Trawl",NA,NA,"",NA,"CC0_1_0","","TPWD",NA,NA,2025-01-31 18:00:29.455,"","GEODETIC_DATUM_INVALID;GEODETIC_DATUM_ASSUMED_WGS84;CONTINENT_DERIVED_FROM_COORDINATES;OCCURRENCE_STATUS_UNPARSABLE"
1271847413,"17411afb-5543-4d0a-8f36-47cb8322062e","1113400891","Animalia","Arthropoda","Malacostraca","Decapoda","Portunidae","Callinectes","Callinectes similis",NA,"SPECIES","Callinectes similis Williams, 1966","Callinectes similis","","US","Lavaca-Colorado Estuary","Texas","PRESENT",NA,"c3ad790a-d426-4ac1-8e32-da61f81f0117",28.508333,-96.375,100,NA,NA,NA,4.5,0,"2008-04-08T14:13",8,4,2008,2225642,2225642,"HUMAN_OBSERVATION","TPWD","Matagorda Bay Trawl",NA,NA,"",NA,"CC0_1_0","","TPWD",NA,NA,2025-01-31 18:00:29.459,"","GEODETIC_DATUM_INVALID;GEODETIC_DATUM_ASSUMED_WGS84;OCCURRENCE_STATUS_UNPARSABLE"
1271847393,"17411afb-5543-4d0a-8f36-47cb8322062e","1113400636","Animalia","Arthropoda","Malacostraca","Decapoda","Portunidae","Callinectes","Callinectes similis",NA,"SPECIES","Callinectes similis Williams, 1966","Callinectes similis","","US","Lavaca-Colorado Estuary","Texas","PRESENT",NA,"c3ad790a-d426-4ac1-8e32-da61f81f0117",28.525,-96.241944,100,NA,NA,NA,4.5,0,"2008-05-05T17:51",5,5,2008,2225642,2225642,"HUMAN_OBSERVATION","TPWD","Matagorda Bay Trawl",NA,NA,"",NA,"CC0_1_0","","TPWD",NA,NA,2025-01-31 18:00:29.734,"","GEODETIC_DATUM_INVALID;GEODETIC_DATUM_ASSUMED_WGS84;CONTINENT_DERIVED_FROM_COORDINATES;OCCURRENCE_STATUS_UNPARSABLE"
1271847389,"17411afb-5543-4d0a-8f36-47cb8322062e","1113400835","Animalia","Arthropoda","Malacostraca","Decapoda","Portunidae","Callinectes","Callinectes similis",NA,"SPECIES","Callinectes similis Williams, 1966","Callinectes similis","","US","Lavaca-Colorado Estuary","Texas","PRESENT",NA,"c3ad790a-d426-4ac1-8e32-da61f81f0117",28.509444,-96.408333,100,NA,NA,NA,4.5,0,"2008-04-08T13:42",8,4,2008,2225642,2225642,"HUMAN_OBSERVATION","TPWD","Matagorda Bay Trawl",NA,NA,"",NA,"CC0_1_0","","TPWD",NA,NA,2025-01-31 18:00:29.538,"","GEODETIC_DATUM_INVALID;GEODETIC_DATUM_ASSUMED_WGS84;CONTINENT_DERIVED_FROM_COORDINATES;OCCURRENCE_STATUS_UNPARSABLE"
1271847388,"17411afb-5543-4d0a-8f36-47cb8322062e","1113400832","Animalia","Arthropoda","Malacostraca","Decapoda","Portunidae","Callinectes","Callinectes similis",NA,"SPECIES","Callinectes similis Williams, 1966","Callinectes similis","","US","Lavaca-Colorado Estuary","Texas","PRESENT",NA,"c3ad790a-d426-4ac1-8e32-da61f81f0117",28.509167,-96.407778,100,NA,NA,NA,3.4,0,"2005-08-17T12:09",17,8,2005,2225642,2225642,"HUMAN_OBSERVATION","TPWD","Matagorda Bay Trawl",NA,NA,"",NA,"CC0_1_0","","TPWD",NA,NA,2025-01-31 18:00:29.538,"","GEODETIC_DATUM_INVALID;GEODETIC_DATUM_ASSUMED_WGS84;CONTINENT_DERIVED_FROM_COORDINATES;OCCURRENCE_STATUS_UNPARSABLE"
1271847368,"17411afb-5543-4d0a-8f36-47cb8322062e","1113400800","Animalia","Arthropoda","Malacostraca","Decapoda","Portunidae","Callinectes","Callinectes similis",NA,"SPECIES","Callinectes similis Williams, 1966","Callinectes similis","","US","Lavaca-Colorado Estuary","Texas","PRESENT",NA,"c3ad790a-d426-4ac1-8e32-da61f81f0117",28.509167,-96.426111,100,NA,NA,NA,3.3,0,"2005-04-18T09:20",18,4,2005,2225642,2225642,"HUMAN_OBSERVATION","TPWD","Matagorda Bay Trawl",NA,NA,"",NA,"CC0_1_0","","TPWD",NA,NA,2025-01-31 18:00:29.55,"","GEODETIC_DATUM_INVALID;GEODETIC_DATUM_ASSUMED_WGS84;CONTINENT_DERIVED_FROM_COORDINATES;OCCURRENCE_STATUS_UNPARSABLE"
1271847350,"17411afb-5543-4d0a-8f36-47cb8322062e","1113400768","Animalia","Arthropoda","Malacostraca","Decapoda","Portunidae","Callinectes","Callinectes similis",NA,"SPECIES","Callinectes similis Williams, 1966","Callinectes similis","","US","Lavaca-Colorado Estuary","Texas","PRESENT",NA,"c3ad790a-d426-4ac1-8e32-da61f81f0117",28.507778,-96.425278,100,NA,NA,NA,3.4,0,"2005-06-21T10:10",21,6,2005,2225642,2225642,"HUMAN_OBSERVATION","TPWD","Matagorda Bay Trawl",NA,NA,"",NA,"CC0_1_0","","TPWD",NA,NA,2025-01-31 18:00:29.348,"","GEODETIC_DATUM_INVALID;GEODETIC_DATUM_ASSUMED_WGS84;CONTINENT_DERIVED_FROM_COORDINATES;OCCURRENCE_STATUS_UNPARSABLE"
1271847345,"17411afb-5543-4d0a-8f36-47cb8322062e","1113400742","Animalia","Arthropoda","Malacostraca","Decapoda","Portunidae","Callinectes","Callinectes similis",NA,"SPECIES","Callinectes similis Williams, 1966","Callinectes similis","","US","Lavaca-Colorado Estuary","Texas","PRESENT",NA,"c3ad790a-d426-4ac1-8e32-da61f81f0117",28.508056,-96.458611,100,NA,NA,NA,2.7,0,"2006-05-03T14:14",3,5,2006,2225642,2225642,"HUMAN_OBSERVATION","TPWD","Matagorda Bay Trawl",NA,NA,"",NA,"CC0_1_0","","TPWD",NA,NA,2025-01-31 18:00:29.346,"","GEODETIC_DATUM_INVALID;GEODETIC_DATUM_ASSUMED_WGS84;CONTINENT_DERIVED_FROM_COORDINATES;OCCURRENCE_STATUS_UNPARSABLE"
1271847339,"17411afb-5543-4d0a-8f36-47cb8322062e","1113400542","Animalia","Arthropoda","Malacostraca","Decapoda","Portunidae","Callinectes","Callinectes similis",NA,"SPECIES","Callinectes similis Williams, 1966","Callinectes similis","","US","Lavaca-Colorado Estuary","Texas","PRESENT",NA,"c3ad790a-d426-4ac1-8e32-da61f81f0117",28.524722,-96.291667,100,NA,NA,NA,4.3,0,"2008-09-26T11:39",26,9,2008,2225642,2225642,"HUMAN_OBSERVATION","TPWD","Matagorda Bay Trawl",NA,NA,"",NA,"CC0_1_0","","TPWD",NA,NA,2025-01-31 18:00:29.553,"","GEODETIC_DATUM_INVALID;GEODETIC_DATUM_ASSUMED_WGS84;OCCURRENCE_STATUS_UNPARSABLE"
1271847335,"17411afb-5543-4d0a-8f36-47cb8322062e","1113400569","Animalia","Arthropoda","Malacostraca","Decapoda","Portunidae","Callinectes","Callinectes similis",NA,"SPECIES","Callinectes similis Williams, 1966","Callinectes similis","","US","Lavaca-Colorado Estuary","Texas","PRESENT",NA,"c3ad790a-d426-4ac1-8e32-da61f81f0117",28.524722,-96.275833,100,NA,NA,NA,3.7,0,"2005-06-07T13:23",7,6,2005,2225642,2225642,"HUMAN_OBSERVATION","TPWD","Matagorda Bay Trawl",NA,NA,"",NA,"CC0_1_0","","TPWD",NA,NA,2025-01-31 18:00:29.557,"","GEODETIC_DATUM_INVALID;GEODETIC_DATUM_ASSUMED_WGS84;CONTINENT_DERIVED_FROM_COORDINATES;OCCURRENCE_STATUS_UNPARSABLE"
1271847321,"17411afb-5543-4d0a-8f36-47cb8322062e","1113400534","Animalia","Arthropoda","Malacostraca","Decapoda","Portunidae","Callinectes","Callinectes similis",NA,"SPECIES","Callinectes similis Williams, 1966","Callinectes similis","","US","Lavaca-Colorado Estuary","Texas","PRESENT",NA,"c3ad790a-d426-4ac1-8e32-da61f81f0117",28.525833,-96.308889,100,NA,NA,NA,3,0,"2005-10-26T13:03",26,10,2005,2225642,2225642,"HUMAN_OBSERVATION","TPWD","Matagorda Bay Trawl",NA,NA,"",NA,"CC0_1_0","","TPWD",NA,NA,2025-01-31 18:00:29.568,"","GEODETIC_DATUM_INVALID;GEODETIC_DATUM_ASSUMED_WGS84;OCCURRENCE_STATUS_UNPARSABLE"
1271847319,"17411afb-5543-4d0a-8f36-47cb8322062e","1113400533","Animalia","Arthropoda","Malacostraca","Decapoda","Portunidae","Callinectes","Callinectes similis",NA,"SPECIES","Callinectes similis Williams, 1966","Callinectes similis","","US","Lavaca-Colorado Estuary","Texas","PRESENT",NA,"c3ad790a-d426-4ac1-8e32-da61f81f0117",28.525556,-96.325833,100,NA,NA,NA,3,0,"2006-09-12T13:30",12,9,2006,2225642,2225642,"HUMAN_OBSERVATION","TPWD","Matagorda Bay Trawl",NA,NA,"",NA,"CC0_1_0","","TPWD",NA,NA,2025-01-31 18:00:29.568,"","GEODETIC_DATUM_INVALID;GEODETIC_DATUM_ASSUMED_WGS84;OCCURRENCE_STATUS_UNPARSABLE"
1271847299,"17411afb-5543-4d0a-8f36-47cb8322062e","1113400420","Animalia","Arthropoda","Malacostraca","Decapoda","Portunidae","Callinectes","Callinectes similis",NA,"SPECIES","Callinectes similis Williams, 1966","Callinectes similis","","US","Lavaca-Colorado Estuary","Texas","PRESENT",NA,"c3ad790a-d426-4ac1-8e32-da61f81f0117",28.525,-96.391667,100,NA,NA,NA,3.2,0,"2008-08-11T14:39",11,8,2008,2225642,2225642,"HUMAN_OBSERVATION","TPWD","Matagorda Bay Trawl",NA,NA,"",NA,"CC0_1_0","","TPWD",NA,NA,2025-01-31 18:00:28.947,"","GEODETIC_DATUM_INVALID;GEODETIC_DATUM_ASSUMED_WGS84;OCCURRENCE_STATUS_UNPARSABLE"
1271847296,"17411afb-5543-4d0a-8f36-47cb8322062e","1113400567","Animalia","Arthropoda","Malacostraca","Decapoda","Portunidae","Callinectes","Callinectes similis",NA,"SPECIES","Callinectes similis Williams, 1966","Callinectes similis","","US","Lavaca-Colorado Estuary","Texas","PRESENT",NA,"c3ad790a-d426-4ac1-8e32-da61f81f0117",28.523611,-96.275833,100,NA,NA,NA,3,0,"2006-07-06T15:13",6,7,2006,2225642,2225642,"HUMAN_OBSERVATION","TPWD","Matagorda Bay Trawl",NA,NA,"",NA,"CC0_1_0","","TPWD",NA,NA,2025-01-31 18:00:29.556,"","GEODETIC_DATUM_INVALID;GEODETIC_DATUM_ASSUMED_WGS84;CONTINENT_DERIVED_FROM_COORDINATES;OCCURRENCE_STATUS_UNPARSABLE"
1271847282,"17411afb-5543-4d0a-8f36-47cb8322062e","1113400509","Animalia","Arthropoda","Malacostraca","Decapoda","Portunidae","Callinectes","Callinectes similis",NA,"SPECIES","Callinectes similis Williams, 1966","Callinectes similis","","US","Lavaca-Colorado Estuary","Texas","PRESENT",NA,"c3ad790a-d426-4ac1-8e32-da61f81f0117",28.525833,-96.342222,100,NA,NA,NA,3.2,0,"2006-01-24T09:15",24,1,2006,2225642,2225642,"HUMAN_OBSERVATION","TPWD","Matagorda Bay Trawl",NA,NA,"",NA,"CC0_1_0","","TPWD",NA,NA,2025-01-31 18:00:29.562,"","GEODETIC_DATUM_INVALID;GEODETIC_DATUM_ASSUMED_WGS84;OCCURRENCE_STATUS_UNPARSABLE"
1271847272,"17411afb-5543-4d0a-8f36-47cb8322062e","1113400344","Animalia","Arthropoda","Malacostraca","Decapoda","Portunidae","Callinectes","Callinectes similis",NA,"SPECIES","Callinectes similis Williams, 1966","Callinectes similis","","US","Lavaca-Colorado Estuary","Texas","PRESENT",NA,"c3ad790a-d426-4ac1-8e32-da61f81f0117",28.525,-96.424722,100,NA,NA,NA,4.6,0,"2008-10-13T15:38",13,10,2008,2225642,2225642,"HUMAN_OBSERVATION","TPWD","Matagorda Bay Trawl",NA,NA,"",NA,"CC0_1_0","","TPWD",NA,NA,2025-01-31 18:00:28.854,"","GEODETIC_DATUM_INVALID;GEODETIC_DATUM_ASSUMED_WGS84;CONTINENT_DERIVED_FROM_COORDINATES;OCCURRENCE_STATUS_UNPARSABLE"
1271847267,"17411afb-5543-4d0a-8f36-47cb8322062e","1113400421","Animalia","Arthropoda","Malacostraca","Decapoda","Portunidae","Callinectes","Callinectes similis",NA,"SPECIES","Callinectes similis Williams, 1966","Callinectes similis","","US","Lavaca-Colorado Estuary","Texas","PRESENT",NA,"c3ad790a-d426-4ac1-8e32-da61f81f0117",28.525,-96.392778,100,NA,NA,NA,3.6,0,"2006-09-12T09:58",12,9,2006,2225642,2225642,"HUMAN_OBSERVATION","TPWD","Matagorda Bay Trawl",NA,NA,"",NA,"CC0_1_0","","TPWD",NA,NA,2025-01-31 18:00:28.948,"","GEODETIC_DATUM_INVALID;GEODETIC_DATUM_ASSUMED_WGS84;OCCURRENCE_STATUS_UNPARSABLE"
1271847265,"17411afb-5543-4d0a-8f36-47cb8322062e","1113400217","Animalia","Arthropoda","Malacostraca","Decapoda","Portunidae","Callinectes","Callinectes similis",NA,"SPECIES","Callinectes similis Williams, 1966","Callinectes similis","","US","Lavaca-Colorado Estuary","Texas","PRESENT",NA,"c3ad790a-d426-4ac1-8e32-da61f81f0117",28.541667,-96.208333,100,NA,NA,NA,4.3,0,"2008-07-29T10:23",29,7,2008,2225642,2225642,"HUMAN_OBSERVATION","TPWD","Matagorda Bay Trawl",NA,NA,"",NA,"CC0_1_0","","TPWD",NA,NA,2025-01-31 18:00:29.208,"","GEODETIC_DATUM_INVALID;GEODETIC_DATUM_ASSUMED_WGS84;CONTINENT_DERIVED_FROM_COORDINATES;OCCURRENCE_STATUS_UNPARSABLE"
1271847253,"17411afb-5543-4d0a-8f36-47cb8322062e","1113400398","Animalia","Arthropoda","Malacostraca","Decapoda","Portunidae","Callinectes","Callinectes similis",NA,"SPECIES","Callinectes similis Williams, 1966","Callinectes similis","","US","Lavaca-Colorado Estuary","Texas","PRESENT",NA,"c3ad790a-d426-4ac1-8e32-da61f81f0117",28.524444,-96.391944,100,NA,NA,NA,3.9,0,"2005-05-23T09:50",23,5,2005,2225642,2225642,"HUMAN_OBSERVATION","TPWD","Matagorda Bay Trawl",NA,NA,"",NA,"CC0_1_0","","TPWD",NA,NA,2025-01-31 18:00:28.85,"","GEODETIC_DATUM_INVALID;GEODETIC_DATUM_ASSUMED_WGS84;OCCURRENCE_STATUS_UNPARSABLE"
1271847228,"17411afb-5543-4d0a-8f36-47cb8322062e","1113400378","Animalia","Arthropoda","Malacostraca","Decapoda","Portunidae","Callinectes","Callinectes similis",NA,"SPECIES","Callinectes similis Williams, 1966","Callinectes similis","","US","Lavaca-Colorado Estuary","Texas","PRESENT",NA,"c3ad790a-d426-4ac1-8e32-da61f81f0117",28.524722,-96.408611,100,NA,NA,NA,4.1,0,"2005-06-21T10:42",21,6,2005,2225642,2225642,"HUMAN_OBSERVATION","TPWD","Matagorda Bay Trawl",NA,NA,"",NA,"CC0_1_0","","TPWD",NA,NA,2025-01-31 18:00:28.858,"","GEODETIC_DATUM_INVALID;GEODETIC_DATUM_ASSUMED_WGS84;OCCURRENCE_STATUS_UNPARSABLE"
1271847217,"17411afb-5543-4d0a-8f36-47cb8322062e","1113400079","Animalia","Arthropoda","Malacostraca","Decapoda","Portunidae","Callinectes","Callinectes similis",NA,"SPECIES","Callinectes similis Williams, 1966","Callinectes similis","","US","Lavaca-Colorado Estuary","Texas","PRESENT",NA,"c3ad790a-d426-4ac1-8e32-da61f81f0117",28.541111,-96.325833,100,NA,NA,NA,3.3,0,"2006-03-02T13:56",2,3,2006,2225642,2225642,"HUMAN_OBSERVATION","TPWD","Matagorda Bay Trawl",NA,NA,"",NA,"CC0_1_0","","TPWD",NA,NA,2025-01-31 18:00:29.147,"","GEODETIC_DATUM_INVALID;GEODETIC_DATUM_ASSUMED_WGS84;OCCURRENCE_STATUS_UNPARSABLE"
1271847216,"17411afb-5543-4d0a-8f36-47cb8322062e","1113400219","Animalia","Arthropoda","Malacostraca","Decapoda","Portunidae","Callinectes","Callinectes similis",NA,"SPECIES","Callinectes similis Williams, 1966","Callinectes similis","","US","Lavaca-Colorado Estuary","Texas","PRESENT",NA,"c3ad790a-d426-4ac1-8e32-da61f81f0117",28.541944,-96.208333,100,NA,NA,NA,4.1,0,"2007-03-29T10:38",29,3,2007,2225642,2225642,"HUMAN_OBSERVATION","TPWD","Matagorda Bay Trawl",NA,NA,"",NA,"CC0_1_0","","TPWD",NA,NA,2025-01-31 18:00:29.209,"","GEODETIC_DATUM_INVALID;GEODETIC_DATUM_ASSUMED_WGS84;CONTINENT_DERIVED_FROM_COORDINATES;OCCURRENCE_STATUS_UNPARSABLE"
1271847215,"17411afb-5543-4d0a-8f36-47cb8322062e","1113400425","Animalia","Arthropoda","Malacostraca","Decapoda","Portunidae","Callinectes","Callinectes similis",NA,"SPECIES","Callinectes similis Williams, 1966","Callinectes similis","","US","Lavaca-Colorado Estuary","Texas","PRESENT",NA,"c3ad790a-d426-4ac1-8e32-da61f81f0117",28.525278,-96.391944,100,NA,NA,NA,3.1,0,"2005-12-19T09:09",19,12,2005,2225642,2225642,"HUMAN_OBSERVATION","TPWD","Matagorda Bay Trawl",NA,NA,"",NA,"CC0_1_0","","TPWD",NA,NA,2025-01-31 18:00:28.946,"","GEODETIC_DATUM_INVALID;GEODETIC_DATUM_ASSUMED_WGS84;OCCURRENCE_STATUS_UNPARSABLE"
1271847210,"17411afb-5543-4d0a-8f36-47cb8322062e","1113400031","Animalia","Arthropoda","Malacostraca","Decapoda","Portunidae","Callinectes","Callinectes similis",NA,"SPECIES","Callinectes similis Williams, 1966","Callinectes similis","","US","Lavaca-Colorado Estuary","Texas","PRESENT",NA,"c3ad790a-d426-4ac1-8e32-da61f81f0117",28.541389,-96.358889,100,NA,NA,NA,3.1,0,"2005-07-06T07:41",6,7,2005,2225642,2225642,"HUMAN_OBSERVATION","TPWD","Matagorda Bay Trawl",NA,NA,"",NA,"CC0_1_0","","TPWD",NA,NA,2025-01-31 18:00:30.395,"","GEODETIC_DATUM_INVALID;GEODETIC_DATUM_ASSUMED_WGS84;OCCURRENCE_STATUS_UNPARSABLE"
1271847194,"17411afb-5543-4d0a-8f36-47cb8322062e","1113400007","Animalia","Arthropoda","Malacostraca","Decapoda","Portunidae","Callinectes","Callinectes similis",NA,"SPECIES","Callinectes similis Williams, 1966","Callinectes similis","","US","Lavaca-Colorado Estuary","Texas","PRESENT",NA,"c3ad790a-d426-4ac1-8e32-da61f81f0117",28.542222,-96.391111,100,NA,NA,NA,4,0,"2005-04-18T10:31",18,4,2005,2225642,2225642,"HUMAN_OBSERVATION","TPWD","Matagorda Bay Trawl",NA,NA,"",NA,"CC0_1_0","","TPWD",NA,NA,2025-01-31 18:00:30.434,"","GEODETIC_DATUM_INVALID;GEODETIC_DATUM_ASSUMED_WGS84;OCCURRENCE_STATUS_UNPARSABLE"
1271847191,"17411afb-5543-4d0a-8f36-47cb8322062e","1113400078","Animalia","Arthropoda","Malacostraca","Decapoda","Portunidae","Callinectes","Callinectes similis",NA,"SPECIES","Callinectes similis Williams, 1966","Callinectes similis","","US","Lavaca-Colorado Estuary","Texas","PRESENT",NA,"c3ad790a-d426-4ac1-8e32-da61f81f0117",28.541111,-96.325278,100,NA,NA,NA,4.2,0,"2008-05-19T11:10",19,5,2008,2225642,2225642,"HUMAN_OBSERVATION","TPWD","Matagorda Bay Trawl",NA,NA,"",NA,"CC0_1_0","","TPWD",NA,NA,2025-01-31 18:00:29.144,"","GEODETIC_DATUM_INVALID;GEODETIC_DATUM_ASSUMED_WGS84;OCCURRENCE_STATUS_UNPARSABLE"
1271847186,"17411afb-5543-4d0a-8f36-47cb8322062e","1113399962","Animalia","Arthropoda","Malacostraca","Decapoda","Portunidae","Callinectes","Callinectes similis",NA,"SPECIES","Callinectes similis Williams, 1966","Callinectes similis","","US","Lavaca-Colorado Estuary","Texas","PRESENT",NA,"c3ad790a-d426-4ac1-8e32-da61f81f0117",28.543333,-96.427222,100,NA,NA,NA,3.6,0,"2006-05-30T10:33",30,5,2006,2225642,2225642,"HUMAN_OBSERVATION","TPWD","Matagorda Bay Trawl",NA,NA,"",NA,"CC0_1_0","","TPWD",NA,NA,2025-01-31 18:00:28.739,"","GEODETIC_DATUM_INVALID;GEODETIC_DATUM_ASSUMED_WGS84;CONTINENT_DERIVED_FROM_COORDINATES;OCCURRENCE_STATUS_UNPARSABLE"
1271847181,"17411afb-5543-4d0a-8f36-47cb8322062e","1113400056","Animalia","Arthropoda","Malacostraca","Decapoda","Portunidae","Callinectes","Callinectes similis",NA,"SPECIES","Callinectes similis Williams, 1966","Callinectes similis","","US","Lavaca-Colorado Estuary","Texas","PRESENT",NA,"c3ad790a-d426-4ac1-8e32-da61f81f0117",28.541667,-96.340833,100,NA,NA,NA,3.9,0,"2005-05-23T12:10",23,5,2005,2225642,2225642,"HUMAN_OBSERVATION","TPWD","Matagorda Bay Trawl",NA,NA,"",NA,"CC0_1_0","","TPWD",NA,NA,2025-01-31 18:00:30.405,"","GEODETIC_DATUM_INVALID;GEODETIC_DATUM_ASSUMED_WGS84;OCCURRENCE_STATUS_UNPARSABLE"
1271847142,"17411afb-5543-4d0a-8f36-47cb8322062e","1113399989","Animalia","Arthropoda","Malacostraca","Decapoda","Portunidae","Callinectes","Callinectes similis",NA,"SPECIES","Callinectes similis Williams, 1966","Callinectes similis","","US","Lavaca-Colorado Estuary","Texas","PRESENT",NA,"c3ad790a-d426-4ac1-8e32-da61f81f0117",28.541389,-96.391111,100,NA,NA,NA,3.9,0,"2005-05-23T10:18",23,5,2005,2225642,2225642,"HUMAN_OBSERVATION","TPWD","Matagorda Bay Trawl",NA,NA,"",NA,"CC0_1_0","","TPWD",NA,NA,2025-01-31 18:00:28.735,"","GEODETIC_DATUM_INVALID;GEODETIC_DATUM_ASSUMED_WGS84;OCCURRENCE_STATUS_UNPARSABLE"
1271847131,"17411afb-5543-4d0a-8f36-47cb8322062e","1113400010","Animalia","Arthropoda","Malacostraca","Decapoda","Portunidae","Callinectes","Callinectes similis",NA,"SPECIES","Callinectes similis Williams, 1966","Callinectes similis","","US","Lavaca-Colorado Estuary","Texas","PRESENT",NA,"c3ad790a-d426-4ac1-8e32-da61f81f0117",28.540833,-96.375,100,NA,NA,NA,3.6,0,"2006-08-09T10:59",9,8,2006,2225642,2225642,"HUMAN_OBSERVATION","TPWD","Matagorda Bay Trawl",NA,NA,"",NA,"CC0_1_0","","TPWD",NA,NA,2025-01-31 18:00:30.433,"","GEODETIC_DATUM_INVALID;GEODETIC_DATUM_ASSUMED_WGS84;OCCURRENCE_STATUS_UNPARSABLE"
1271847129,"17411afb-5543-4d0a-8f36-47cb8322062e","1113400051","Animalia","Arthropoda","Malacostraca","Decapoda","Portunidae","Callinectes","Callinectes similis",NA,"SPECIES","Callinectes similis Williams, 1966","Callinectes similis","","US","Lavaca-Colorado Estuary","Texas","PRESENT",NA,"c3ad790a-d426-4ac1-8e32-da61f81f0117",28.540833,-96.3425,100,NA,NA,NA,3.4,0,"2005-11-10T13:05",10,11,2005,2225642,2225642,"HUMAN_OBSERVATION","TPWD","Matagorda Bay Trawl",NA,NA,"",NA,"CC0_1_0","","TPWD",NA,NA,2025-01-31 18:00:30.406,"","GEODETIC_DATUM_INVALID;GEODETIC_DATUM_ASSUMED_WGS84;OCCURRENCE_STATUS_UNPARSABLE"
1271847111,"17411afb-5543-4d0a-8f36-47cb8322062e","1113399938","Animalia","Arthropoda","Malacostraca","Decapoda","Portunidae","Callinectes","Callinectes similis",NA,"SPECIES","Callinectes similis Williams, 1966","Callinectes similis","","US","Lavaca-Colorado Estuary","Texas","PRESENT",NA,"c3ad790a-d426-4ac1-8e32-da61f81f0117",28.541667,-96.424444,100,NA,NA,NA,3.3,0,"2006-08-09T10:20",9,8,2006,2225642,2225642,"HUMAN_OBSERVATION","TPWD","Matagorda Bay Trawl",NA,NA,"",NA,"CC0_1_0","","TPWD",NA,NA,2025-01-31 18:00:28.664,"","GEODETIC_DATUM_INVALID;GEODETIC_DATUM_ASSUMED_WGS84;OCCURRENCE_STATUS_UNPARSABLE"
1271847110,"17411afb-5543-4d0a-8f36-47cb8322062e","1113400074","Animalia","Arthropoda","Malacostraca","Decapoda","Portunidae","Callinectes","Callinectes similis",NA,"SPECIES","Callinectes similis Williams, 1966","Callinectes similis","","US","Lavaca-Colorado Estuary","Texas","PRESENT",NA,"c3ad790a-d426-4ac1-8e32-da61f81f0117",28.542778,-96.340833,100,NA,NA,NA,3.3,0,"2005-08-03T09:49",3,8,2005,2225642,2225642,"HUMAN_OBSERVATION","TPWD","Matagorda Bay Trawl",NA,NA,"",NA,"CC0_1_0","","TPWD",NA,NA,2025-01-31 18:00:29.144,"","GEODETIC_DATUM_INVALID;GEODETIC_DATUM_ASSUMED_WGS84;OCCURRENCE_STATUS_UNPARSABLE"
1271847093,"17411afb-5543-4d0a-8f36-47cb8322062e","1113399711","Animalia","Arthropoda","Malacostraca","Decapoda","Portunidae","Callinectes","Callinectes similis",NA,"SPECIES","Callinectes similis Williams, 1966","Callinectes similis","","US","Lavaca-Colorado Estuary","Texas","PRESENT",NA,"c3ad790a-d426-4ac1-8e32-da61f81f0117",28.560278,-96.192222,100,NA,NA,NA,3.3,0,"2006-05-30T12:46",30,5,2006,2225642,2225642,"HUMAN_OBSERVATION","TPWD","Matagorda Bay Trawl",NA,NA,"",NA,"CC0_1_0","","TPWD",NA,NA,2025-01-31 18:00:28.243,"","GEODETIC_DATUM_INVALID;GEODETIC_DATUM_ASSUMED_WGS84;CONTINENT_DERIVED_FROM_COORDINATES;OCCURRENCE_STATUS_UNPARSABLE"
1271847084,"17411afb-5543-4d0a-8f36-47cb8322062e","1113400073","Animalia","Arthropoda","Malacostraca","Decapoda","Portunidae","Callinectes","Callinectes similis",NA,"SPECIES","Callinectes similis Williams, 1966","Callinectes similis","","US","Lavaca-Colorado Estuary","Texas","PRESENT",NA,"c3ad790a-d426-4ac1-8e32-da61f81f0117",28.541944,-96.341667,100,NA,NA,NA,3.6,0,"2006-06-12T15:15",12,6,2006,2225642,2225642,"HUMAN_OBSERVATION","TPWD","Matagorda Bay Trawl",NA,NA,"",NA,"CC0_1_0","","TPWD",NA,NA,2025-01-31 18:00:29.144,"","GEODETIC_DATUM_INVALID;GEODETIC_DATUM_ASSUMED_WGS84;OCCURRENCE_STATUS_UNPARSABLE"
1271847065,"17411afb-5543-4d0a-8f36-47cb8322062e","1113399693","Animalia","Arthropoda","Malacostraca","Decapoda","Portunidae","Callinectes","Callinectes similis",NA,"SPECIES","Callinectes similis Williams, 1966","Callinectes similis","","US","Lavaca-Colorado Estuary","Texas","PRESENT",NA,"c3ad790a-d426-4ac1-8e32-da61f81f0117",28.558333,-96.191389,100,NA,NA,NA,2.4,0,"2005-08-03T12:12",3,8,2005,2225642,2225642,"HUMAN_OBSERVATION","TPWD","Matagorda Bay Trawl",NA,NA,"",NA,"CC0_1_0","","TPWD",NA,NA,2025-01-31 18:00:28.172,"","GEODETIC_DATUM_INVALID;GEODETIC_DATUM_ASSUMED_WGS84;CONTINENT_DERIVED_FROM_COORDINATES;OCCURRENCE_STATUS_UNPARSABLE"
1271847056,"17411afb-5543-4d0a-8f36-47cb8322062e","1113400071","Animalia","Arthropoda","Malacostraca","Decapoda","Portunidae","Callinectes","Callinectes similis",NA,"SPECIES","Callinectes similis Williams, 1966","Callinectes similis","","US","Lavaca-Colorado Estuary","Texas","PRESENT",NA,"c3ad790a-d426-4ac1-8e32-da61f81f0117",28.541667,-96.341944,100,NA,NA,NA,4.6,0,"2008-04-08T14:54",8,4,2008,2225642,2225642,"HUMAN_OBSERVATION","TPWD","Matagorda Bay Trawl",NA,NA,"",NA,"CC0_1_0","","TPWD",NA,NA,2025-01-31 18:00:29.146,"","GEODETIC_DATUM_INVALID;GEODETIC_DATUM_ASSUMED_WGS84;OCCURRENCE_STATUS_UNPARSABLE"
1271847045,"17411afb-5543-4d0a-8f36-47cb8322062e","1113399672","Animalia","Arthropoda","Malacostraca","Decapoda","Portunidae","Callinectes","Callinectes similis",NA,"SPECIES","Callinectes similis Williams, 1966","Callinectes similis","","US","Lavaca-Colorado Estuary","Texas","PRESENT",NA,"c3ad790a-d426-4ac1-8e32-da61f81f0117",28.5575,-96.223611,100,NA,NA,NA,2.4,0,"2006-03-02T12:57",2,3,2006,2225642,2225642,"HUMAN_OBSERVATION","TPWD","Matagorda Bay Trawl",NA,NA,"",NA,"CC0_1_0","","TPWD",NA,NA,2025-01-31 18:00:28.234,"","GEODETIC_DATUM_INVALID;GEODETIC_DATUM_ASSUMED_WGS84;CONTINENT_DERIVED_FROM_COORDINATES;OCCURRENCE_STATUS_UNPARSABLE"
1271847038,"17411afb-5543-4d0a-8f36-47cb8322062e","1113399783","Animalia","Arthropoda","Malacostraca","Decapoda","Portunidae","Callinectes","Callinectes similis",NA,"SPECIES","Callinectes similis Williams, 1966","Callinectes similis","","US","Lavaca-Colorado Estuary","Texas","PRESENT",NA,"c3ad790a-d426-4ac1-8e32-da61f81f0117",28.558333,-96.141667,100,NA,NA,NA,2.5,0,"2008-10-29T11:40",29,10,2008,2225642,2225642,"HUMAN_OBSERVATION","TPWD","Matagorda Bay Trawl",NA,NA,"",NA,"CC0_1_0","","TPWD",NA,NA,2025-01-31 18:00:28.336,"","GEODETIC_DATUM_INVALID;GEODETIC_DATUM_ASSUMED_WGS84;CONTINENT_DERIVED_FROM_COORDINATES;OCCURRENCE_STATUS_UNPARSABLE"
1271847029,"17411afb-5543-4d0a-8f36-47cb8322062e","1113399630","Animalia","Arthropoda","Malacostraca","Decapoda","Portunidae","Callinectes","Callinectes similis",NA,"SPECIES","Callinectes similis Williams, 1966","Callinectes similis","","US","Lavaca-Colorado Estuary","Texas","PRESENT",NA,"c3ad790a-d426-4ac1-8e32-da61f81f0117",28.557222,-96.256667,100,NA,NA,NA,2,0,"2006-01-24T12:42",24,1,2006,2225642,2225642,"HUMAN_OBSERVATION","TPWD","Matagorda Bay Trawl",NA,NA,"",NA,"CC0_1_0","","TPWD",NA,NA,2025-01-31 18:00:28.203,"","GEODETIC_DATUM_INVALID;GEODETIC_DATUM_ASSUMED_WGS84;CONTINENT_DERIVED_FROM_COORDINATES;OCCURRENCE_STATUS_UNPARSABLE"
1271847020,"17411afb-5543-4d0a-8f36-47cb8322062e","1113399450","Animalia","Arthropoda","Malacostraca","Decapoda","Portunidae","Callinectes","Callinectes similis",NA,"SPECIES","Callinectes similis Williams, 1966","Callinectes similis","","US","Lavaca-Colorado Estuary","Texas","PRESENT",NA,"c3ad790a-d426-4ac1-8e32-da61f81f0117",28.558333,-96.375,100,NA,NA,NA,3.6,0,"2008-08-11T13:53",11,8,2008,2225642,2225642,"HUMAN_OBSERVATION","TPWD","Matagorda Bay Trawl",NA,NA,"",NA,"CC0_1_0","","TPWD",NA,NA,2025-01-31 18:00:28.383,"","GEODETIC_DATUM_INVALID;GEODETIC_DATUM_ASSUMED_WGS84;OCCURRENCE_STATUS_UNPARSABLE"
1271846997,"17411afb-5543-4d0a-8f36-47cb8322062e","1113399538","Animalia","Arthropoda","Malacostraca","Decapoda","Portunidae","Callinectes","Callinectes similis",NA,"SPECIES","Callinectes similis Williams, 1966","Callinectes similis","","US","Lavaca-Colorado Estuary","Texas","PRESENT",NA,"c3ad790a-d426-4ac1-8e32-da61f81f0117",28.558611,-96.325556,100,NA,NA,NA,3.3,0,"2006-06-12T14:43",12,6,2006,2225642,2225642,"HUMAN_OBSERVATION","TPWD","Matagorda Bay Trawl",NA,NA,"",NA,"CC0_1_0","","TPWD",NA,NA,2025-01-31 18:00:28.451,"","GEODETIC_DATUM_INVALID;GEODETIC_DATUM_ASSUMED_WGS84;OCCURRENCE_STATUS_UNPARSABLE"
1271846981,"17411afb-5543-4d0a-8f36-47cb8322062e","1113399600","Animalia","Arthropoda","Malacostraca","Decapoda","Portunidae","Callinectes","Callinectes similis",NA,"SPECIES","Callinectes similis Williams, 1966","Callinectes similis","","US","Lavaca-Colorado Estuary","Texas","PRESENT",NA,"c3ad790a-d426-4ac1-8e32-da61f81f0117",28.559722,-96.291111,100,NA,NA,NA,3,0,"2006-05-03T11:18",3,5,2006,2225642,2225642,"HUMAN_OBSERVATION","TPWD","Matagorda Bay Trawl",NA,NA,"",NA,"CC0_1_0","","TPWD",NA,NA,2025-01-31 18:00:28.206,"","GEODETIC_DATUM_INVALID;GEODETIC_DATUM_ASSUMED_WGS84;OCCURRENCE_STATUS_UNPARSABLE"
1271846973,"17411afb-5543-4d0a-8f36-47cb8322062e","1113399571","Animalia","Arthropoda","Malacostraca","Decapoda","Portunidae","Callinectes","Callinectes similis",NA,"SPECIES","Callinectes similis Williams, 1966","Callinectes similis","","US","Lavaca-Colorado Estuary","Texas","PRESENT",NA,"c3ad790a-d426-4ac1-8e32-da61f81f0117",28.557222,-96.291111,100,NA,NA,NA,3,0,"2006-07-06T14:12",6,7,2006,2225642,2225642,"HUMAN_OBSERVATION","TPWD","Matagorda Bay Trawl",NA,NA,"",NA,"CC0_1_0","","TPWD",NA,NA,2025-01-31 18:00:28.439,"","GEODETIC_DATUM_INVALID;GEODETIC_DATUM_ASSUMED_WGS84;OCCURRENCE_STATUS_UNPARSABLE"
1271846969,"17411afb-5543-4d0a-8f36-47cb8322062e","1113399430","Animalia","Arthropoda","Malacostraca","Decapoda","Portunidae","Callinectes","Callinectes similis",NA,"SPECIES","Callinectes similis Williams, 1966","Callinectes similis","","US","Lavaca-Colorado Estuary","Texas","PRESENT",NA,"c3ad790a-d426-4ac1-8e32-da61f81f0117",28.558056,-96.375278,100,NA,NA,NA,4.1,0,"2005-06-21T11:46",21,6,2005,2225642,2225642,"HUMAN_OBSERVATION","TPWD","Matagorda Bay Trawl",NA,NA,"",NA,"CC0_1_0","","TPWD",NA,NA,2025-01-31 18:00:28.394,"","GEODETIC_DATUM_INVALID;GEODETIC_DATUM_ASSUMED_WGS84;OCCURRENCE_STATUS_UNPARSABLE"
1271846967,"17411afb-5543-4d0a-8f36-47cb8322062e","1113399454","Animalia","Arthropoda","Malacostraca","Decapoda","Portunidae","Callinectes","Callinectes similis",NA,"SPECIES","Callinectes similis Williams, 1966","Callinectes similis","","US","Lavaca-Colorado Estuary","Texas","PRESENT",NA,"c3ad790a-d426-4ac1-8e32-da61f81f0117",28.558333,-96.375833,100,NA,NA,NA,3,0,"2006-09-12T10:44",12,9,2006,2225642,2225642,"HUMAN_OBSERVATION","TPWD","Matagorda Bay Trawl",NA,NA,"",NA,"CC0_1_0","","TPWD",NA,NA,2025-01-31 18:00:28.38,"","GEODETIC_DATUM_INVALID;GEODETIC_DATUM_ASSUMED_WGS84;OCCURRENCE_STATUS_UNPARSABLE"
1271846960,"17411afb-5543-4d0a-8f36-47cb8322062e","1113399482","Animalia","Arthropoda","Malacostraca","Decapoda","Portunidae","Callinectes","Callinectes similis",NA,"SPECIES","Callinectes similis Williams, 1966","Callinectes similis","","US","Lavaca-Colorado Estuary","Texas","PRESENT",NA,"c3ad790a-d426-4ac1-8e32-da61f81f0117",28.559722,-96.358333,100,NA,NA,NA,3.9,0,"2005-04-18T11:02",18,4,2005,2225642,2225642,"HUMAN_OBSERVATION","TPWD","Matagorda Bay Trawl",NA,NA,"",NA,"CC0_1_0","","TPWD",NA,NA,2025-01-31 18:00:28.378,"","GEODETIC_DATUM_INVALID;GEODETIC_DATUM_ASSUMED_WGS84;OCCURRENCE_STATUS_UNPARSABLE"
1271846957,"17411afb-5543-4d0a-8f36-47cb8322062e","1113399599","Animalia","Arthropoda","Malacostraca","Decapoda","Portunidae","Callinectes","Callinectes similis",NA,"SPECIES","Callinectes similis Williams, 1966","Callinectes similis","","US","Lavaca-Colorado Estuary","Texas","PRESENT",NA,"c3ad790a-d426-4ac1-8e32-da61f81f0117",28.558889,-96.292222,100,NA,NA,NA,3.1,0,"2006-06-21T10:35",21,6,2006,2225642,2225642,"HUMAN_OBSERVATION","TPWD","Matagorda Bay Trawl",NA,NA,"",NA,"CC0_1_0","","TPWD",NA,NA,2025-01-31 18:00:28.434,"","GEODETIC_DATUM_INVALID;GEODETIC_DATUM_ASSUMED_WGS84;OCCURRENCE_STATUS_UNPARSABLE"
1271846932,"17411afb-5543-4d0a-8f36-47cb8322062e","1113399567","Animalia","Arthropoda","Malacostraca","Decapoda","Portunidae","Callinectes","Callinectes similis",NA,"SPECIES","Callinectes similis Williams, 1966","Callinectes similis","","US","Lavaca-Colorado Estuary","Texas","PRESENT",NA,"c3ad790a-d426-4ac1-8e32-da61f81f0117",28.558333,-96.308333,100,NA,NA,NA,3.2,0,"2008-08-11T13:01",11,8,2008,2225642,2225642,"HUMAN_OBSERVATION","TPWD","Matagorda Bay Trawl",NA,NA,"",NA,"CC0_1_0","","TPWD",NA,NA,2025-01-31 18:00:28.438,"","GEODETIC_DATUM_INVALID;GEODETIC_DATUM_ASSUMED_WGS84;OCCURRENCE_STATUS_UNPARSABLE"
1271846919,"17411afb-5543-4d0a-8f36-47cb8322062e","1113399297","Animalia","Arthropoda","Malacostraca","Decapoda","Portunidae","Callinectes","Callinectes similis",NA,"SPECIES","Callinectes similis Williams, 1966","Callinectes similis","","US","Lavaca-Colorado Estuary","Texas","PRESENT",NA,"c3ad790a-d426-4ac1-8e32-da61f81f0117",28.559167,-96.476667,100,NA,NA,NA,3.1,0,"2005-06-07T07:11",7,6,2005,2225642,2225642,"HUMAN_OBSERVATION","TPWD","Matagorda Bay Trawl",NA,NA,"",NA,"CC0_1_0","","TPWD",NA,NA,2025-01-31 18:00:29.436,"","GEODETIC_DATUM_INVALID;GEODETIC_DATUM_ASSUMED_WGS84;CONTINENT_DERIVED_FROM_COORDINATES;OCCURRENCE_STATUS_UNPARSABLE"
1271846918,"17411afb-5543-4d0a-8f36-47cb8322062e","1113399404","Animalia","Arthropoda","Malacostraca","Decapoda","Portunidae","Callinectes","Callinectes similis",NA,"SPECIES","Callinectes similis Williams, 1966","Callinectes similis","","US","Lavaca-Colorado Estuary","Texas","PRESENT",NA,"c3ad790a-d426-4ac1-8e32-da61f81f0117",28.558333,-96.410278,100,NA,NA,NA,3.9,0,"2005-05-23T10:53",23,5,2005,2225642,2225642,"HUMAN_OBSERVATION","TPWD","Matagorda Bay Trawl",NA,NA,"",NA,"CC0_1_0","","TPWD",NA,NA,2025-01-31 18:00:28.401,"","GEODETIC_DATUM_INVALID;GEODETIC_DATUM_ASSUMED_WGS84;CONTINENT_DERIVED_FROM_COORDINATES;OCCURRENCE_STATUS_UNPARSABLE"
1271846917,"17411afb-5543-4d0a-8f36-47cb8322062e","1113399407","Animalia","Arthropoda","Malacostraca","Decapoda","Portunidae","Callinectes","Callinectes similis",NA,"SPECIES","Callinectes similis Williams, 1966","Callinectes similis","","US","Lavaca-Colorado Estuary","Texas","PRESENT",NA,"c3ad790a-d426-4ac1-8e32-da61f81f0117",28.5575,-96.391389,100,NA,NA,NA,3.6,0,"2005-09-28T11:50",28,9,2005,2225642,2225642,"HUMAN_OBSERVATION","TPWD","Matagorda Bay Trawl",NA,NA,"",NA,"CC0_1_0","","TPWD",NA,NA,2025-01-31 18:00:28.401,"","GEODETIC_DATUM_INVALID;GEODETIC_DATUM_ASSUMED_WGS84;OCCURRENCE_STATUS_UNPARSABLE"
1271846915,"17411afb-5543-4d0a-8f36-47cb8322062e","1113399316","Animalia","Arthropoda","Malacostraca","Decapoda","Portunidae","Callinectes","Callinectes similis",NA,"SPECIES","Callinectes similis Williams, 1966","Callinectes similis","","US","Lavaca-Colorado Estuary","Texas","PRESENT",NA,"c3ad790a-d426-4ac1-8e32-da61f81f0117",28.558333,-96.458333,100,NA,NA,NA,4,0,"2008-04-08T12:09",8,4,2008,2225642,2225642,"HUMAN_OBSERVATION","TPWD","Matagorda Bay Trawl",NA,NA,"",NA,"CC0_1_0","","TPWD",NA,NA,2025-01-31 18:00:29.468,"","GEODETIC_DATUM_INVALID;GEODETIC_DATUM_ASSUMED_WGS84;CONTINENT_DERIVED_FROM_COORDINATES;OCCURRENCE_STATUS_UNPARSABLE"
1271846904,"17411afb-5543-4d0a-8f36-47cb8322062e","1113399093","Animalia","Arthropoda","Malacostraca","Decapoda","Portunidae","Callinectes","Callinectes similis",NA,"SPECIES","Callinectes similis Williams, 1966","Callinectes similis","","US","Lavaca-Colorado Estuary","Texas","PRESENT",NA,"c3ad790a-d426-4ac1-8e32-da61f81f0117",28.575,-96.175,100,NA,NA,NA,2.4,0,"2008-08-26T12:30",26,8,2008,2225642,2225642,"HUMAN_OBSERVATION","TPWD","Matagorda Bay Trawl",NA,NA,"",NA,"CC0_1_0","","TPWD",NA,NA,2025-01-31 18:00:29.669,"","GEODETIC_DATUM_INVALID;GEODETIC_DATUM_ASSUMED_WGS84;CONTINENT_DERIVED_FROM_COORDINATES;OCCURRENCE_STATUS_UNPARSABLE"
1271846875,"17411afb-5543-4d0a-8f36-47cb8322062e","1113398846","Animalia","Arthropoda","Malacostraca","Decapoda","Portunidae","Callinectes","Callinectes similis",NA,"SPECIES","Callinectes similis Williams, 1966","Callinectes similis","","US","Lavaca-Colorado Estuary","Texas","PRESENT",NA,"c3ad790a-d426-4ac1-8e32-da61f81f0117",28.575,-96.356389,100,NA,NA,NA,3.2,0,"2006-04-10T10:17",10,4,2006,2225642,2225642,"HUMAN_OBSERVATION","TPWD","Matagorda Bay Trawl",NA,NA,"",NA,"CC0_1_0","","TPWD",NA,NA,2025-01-31 18:00:31.641,"","GEODETIC_DATUM_INVALID;GEODETIC_DATUM_ASSUMED_WGS84;OCCURRENCE_STATUS_UNPARSABLE"
1271846870,"17411afb-5543-4d0a-8f36-47cb8322062e","1113399214","Animalia","Arthropoda","Malacostraca","Decapoda","Portunidae","Callinectes","Callinectes similis",NA,"SPECIES","Callinectes similis Williams, 1966","Callinectes similis","","US","Lavaca-Colorado Estuary","Texas","PRESENT",NA,"c3ad790a-d426-4ac1-8e32-da61f81f0117",28.575,-96.091667,100,NA,NA,NA,2.2,0,"2006-09-18T17:11",18,9,2006,2225642,2225642,"HUMAN_OBSERVATION","TPWD","Matagorda Bay Trawl",NA,NA,"",NA,"CC0_1_0","","TPWD",NA,NA,2025-01-31 18:00:29.343,"","GEODETIC_DATUM_INVALID;GEODETIC_DATUM_ASSUMED_WGS84;CONTINENT_DERIVED_FROM_COORDINATES;OCCURRENCE_STATUS_UNPARSABLE"
1271846865,"17411afb-5543-4d0a-8f36-47cb8322062e","1113398985","Animalia","Arthropoda","Malacostraca","Decapoda","Portunidae","Callinectes","Callinectes similis",NA,"SPECIES","Callinectes similis Williams, 1966","Callinectes similis","","US","Lavaca-Colorado Estuary","Texas","PRESENT",NA,"c3ad790a-d426-4ac1-8e32-da61f81f0117",28.575556,-96.274444,100,NA,NA,NA,3,0,"2006-04-10T11:54",10,4,2006,2225642,2225642,"HUMAN_OBSERVATION","TPWD","Matagorda Bay Trawl",NA,NA,"",NA,"CC0_1_0","","TPWD",NA,NA,2025-01-31 18:00:31.705,"","GEODETIC_DATUM_INVALID;GEODETIC_DATUM_ASSUMED_WGS84;CONTINENT_DERIVED_FROM_COORDINATES;OCCURRENCE_STATUS_UNPARSABLE"
1271846846,"17411afb-5543-4d0a-8f36-47cb8322062e","1113398841","Animalia","Arthropoda","Malacostraca","Decapoda","Portunidae","Callinectes","Callinectes similis",NA,"SPECIES","Callinectes similis Williams, 1966","Callinectes similis","","US","Lavaca-Colorado Estuary","Texas","PRESENT",NA,"c3ad790a-d426-4ac1-8e32-da61f81f0117",28.576667,-96.375278,100,NA,NA,NA,3.3,0,"2006-04-10T09:43",10,4,2006,2225642,2225642,"HUMAN_OBSERVATION","TPWD","Matagorda Bay Trawl",NA,NA,"",NA,"CC0_1_0","","TPWD",NA,NA,2025-01-31 18:00:31.638,"","GEODETIC_DATUM_INVALID;GEODETIC_DATUM_ASSUMED_WGS84;CONTINENT_DERIVED_FROM_COORDINATES;OCCURRENCE_STATUS_UNPARSABLE"
1271846842,"17411afb-5543-4d0a-8f36-47cb8322062e","1113399029","Animalia","Arthropoda","Malacostraca","Decapoda","Portunidae","Callinectes","Callinectes similis",NA,"SPECIES","Callinectes similis Williams, 1966","Callinectes similis","","US","Lavaca-Colorado Estuary","Texas","PRESENT",NA,"c3ad790a-d426-4ac1-8e32-da61f81f0117",28.575556,-96.242222,100,NA,NA,NA,2.6,0,"2005-06-07T10:41",7,6,2005,2225642,2225642,"HUMAN_OBSERVATION","TPWD","Matagorda Bay Trawl",NA,NA,"",NA,"CC0_1_0","","TPWD",NA,NA,2025-01-31 18:00:29.564,"","GEODETIC_DATUM_INVALID;GEODETIC_DATUM_ASSUMED_WGS84;CONTINENT_DERIVED_FROM_COORDINATES;OCCURRENCE_STATUS_UNPARSABLE"
1271846813,"17411afb-5543-4d0a-8f36-47cb8322062e","1113398905","Animalia","Arthropoda","Malacostraca","Decapoda","Portunidae","Callinectes","Callinectes similis",NA,"SPECIES","Callinectes similis Williams, 1966","Callinectes similis","","US","Lavaca-Colorado Estuary","Texas","PRESENT",NA,"c3ad790a-d426-4ac1-8e32-da61f81f0117",28.575,-96.324167,100,NA,NA,NA,3.3,0,"2005-11-10T11:55",10,11,2005,2225642,2225642,"HUMAN_OBSERVATION","TPWD","Matagorda Bay Trawl",NA,NA,"",NA,"CC0_1_0","","TPWD",NA,NA,2025-01-31 18:00:31.736,"","GEODETIC_DATUM_INVALID;GEODETIC_DATUM_ASSUMED_WGS84;OCCURRENCE_STATUS_UNPARSABLE"
1271846809,"17411afb-5543-4d0a-8f36-47cb8322062e","1113398762","Animalia","Arthropoda","Malacostraca","Decapoda","Portunidae","Callinectes","Callinectes similis",NA,"SPECIES","Callinectes similis Williams, 1966","Callinectes similis","","US","Lavaca-Colorado Estuary","Texas","PRESENT",NA,"c3ad790a-d426-4ac1-8e32-da61f81f0117",28.575556,-96.425,100,NA,NA,NA,3.3,0,"2006-05-30T11:09",30,5,2006,2225642,2225642,"HUMAN_OBSERVATION","TPWD","Matagorda Bay Trawl",NA,NA,"",NA,"CC0_1_0","","TPWD",NA,NA,2025-01-31 18:00:31.57,"","GEODETIC_DATUM_INVALID;GEODETIC_DATUM_ASSUMED_WGS84;CONTINENT_DERIVED_FROM_COORDINATES;OCCURRENCE_STATUS_UNPARSABLE"
1271846805,"17411afb-5543-4d0a-8f36-47cb8322062e","1113398787","Animalia","Arthropoda","Malacostraca","Decapoda","Portunidae","Callinectes","Callinectes similis",NA,"SPECIES","Callinectes similis Williams, 1966","Callinectes similis","","US","Lavaca-Colorado Estuary","Texas","PRESENT",NA,"c3ad790a-d426-4ac1-8e32-da61f81f0117",28.575278,-96.408333,100,NA,NA,NA,3.7,0,"2005-06-07T08:38",7,6,2005,2225642,2225642,"HUMAN_OBSERVATION","TPWD","Matagorda Bay Trawl",NA,NA,"",NA,"CC0_1_0","","TPWD",NA,NA,2025-01-31 18:00:31.565,"","GEODETIC_DATUM_INVALID;GEODETIC_DATUM_ASSUMED_WGS84;CONTINENT_DERIVED_FROM_COORDINATES;OCCURRENCE_STATUS_UNPARSABLE"
1271846798,"17411afb-5543-4d0a-8f36-47cb8322062e","1113398739","Animalia","Arthropoda","Malacostraca","Decapoda","Portunidae","Callinectes","Callinectes similis",NA,"SPECIES","Callinectes similis Williams, 1966","Callinectes similis","","US","Lavaca-Colorado Estuary","Texas","PRESENT",NA,"c3ad790a-d426-4ac1-8e32-da61f81f0117",28.574722,-96.424444,100,NA,NA,NA,3,0,"2005-09-28T11:15",28,9,2005,2225642,2225642,"HUMAN_OBSERVATION","TPWD","Matagorda Bay Trawl",NA,NA,"",NA,"CC0_1_0","","TPWD",NA,NA,2025-01-31 18:00:31.851,"","GEODETIC_DATUM_INVALID;GEODETIC_DATUM_ASSUMED_WGS84;CONTINENT_DERIVED_FROM_COORDINATES;OCCURRENCE_STATUS_UNPARSABLE"
1271846791,"17411afb-5543-4d0a-8f36-47cb8322062e","1113398818","Animalia","Arthropoda","Malacostraca","Decapoda","Portunidae","Callinectes","Callinectes similis",NA,"SPECIES","Callinectes similis Williams, 1966","Callinectes similis","","US","Lavaca-Colorado Estuary","Texas","PRESENT",NA,"c3ad790a-d426-4ac1-8e32-da61f81f0117",28.574722,-96.375833,100,NA,NA,NA,3.3,0,"2006-05-03T13:15",3,5,2006,2225642,2225642,"HUMAN_OBSERVATION","TPWD","Matagorda Bay Trawl",NA,NA,"",NA,"CC0_1_0","","TPWD",NA,NA,2025-01-31 18:00:31.605,"","GEODETIC_DATUM_INVALID;GEODETIC_DATUM_ASSUMED_WGS84;CONTINENT_DERIVED_FROM_COORDINATES;OCCURRENCE_STATUS_UNPARSABLE"
1271846790,"17411afb-5543-4d0a-8f36-47cb8322062e","1113398759","Animalia","Arthropoda","Malacostraca","Decapoda","Portunidae","Callinectes","Callinectes similis",NA,"SPECIES","Callinectes similis Williams, 1966","Callinectes similis","","US","Lavaca-Colorado Estuary","Texas","PRESENT",NA,"c3ad790a-d426-4ac1-8e32-da61f81f0117",28.575,-96.425,100,NA,NA,NA,3.4,0,"2008-10-20T14:53",20,10,2008,2225642,2225642,"HUMAN_OBSERVATION","TPWD","Matagorda Bay Trawl",NA,NA,"",NA,"CC0_1_0","","TPWD",NA,NA,2025-01-31 18:00:31.571,"","GEODETIC_DATUM_INVALID;GEODETIC_DATUM_ASSUMED_WGS84;CONTINENT_DERIVED_FROM_COORDINATES;OCCURRENCE_STATUS_UNPARSABLE"
1271846789,"17411afb-5543-4d0a-8f36-47cb8322062e","1113398766","Animalia","Arthropoda","Malacostraca","Decapoda","Portunidae","Callinectes","Callinectes similis",NA,"SPECIES","Callinectes similis Williams, 1966","Callinectes similis","","US","Lavaca-Colorado Estuary","Texas","PRESENT",NA,"c3ad790a-d426-4ac1-8e32-da61f81f0117",28.574444,-96.408611,100,NA,NA,NA,3.7,0,"2005-04-18T12:03",18,4,2005,2225642,2225642,"HUMAN_OBSERVATION","TPWD","Matagorda Bay Trawl",NA,NA,"",NA,"CC0_1_0","","TPWD",NA,NA,2025-01-31 18:00:31.57,"","GEODETIC_DATUM_INVALID;GEODETIC_DATUM_ASSUMED_WGS84;CONTINENT_DERIVED_FROM_COORDINATES;OCCURRENCE_STATUS_UNPARSABLE"
1271846782,"17411afb-5543-4d0a-8f36-47cb8322062e","1113398833","Animalia","Arthropoda","Malacostraca","Decapoda","Portunidae","Callinectes","Callinectes similis",NA,"SPECIES","Callinectes similis Williams, 1966","Callinectes similis","","US","Lavaca-Colorado Estuary","Texas","PRESENT",NA,"c3ad790a-d426-4ac1-8e32-da61f81f0117",28.575,-96.375556,100,NA,NA,NA,3.6,0,"2005-05-23T11:30",23,5,2005,2225642,2225642,"HUMAN_OBSERVATION","TPWD","Matagorda Bay Trawl",NA,NA,"",NA,"CC0_1_0","","TPWD",NA,NA,2025-01-31 18:00:31.639,"","GEODETIC_DATUM_INVALID;GEODETIC_DATUM_ASSUMED_WGS84;CONTINENT_DERIVED_FROM_COORDINATES;OCCURRENCE_STATUS_UNPARSABLE"
1271846769,"17411afb-5543-4d0a-8f36-47cb8322062e","1113398623","Animalia","Arthropoda","Malacostraca","Decapoda","Portunidae","Callinectes","Callinectes similis",NA,"SPECIES","Callinectes similis Williams, 1966","Callinectes similis","","US","Lavaca-Colorado Estuary","Texas","PRESENT",NA,"c3ad790a-d426-4ac1-8e32-da61f81f0117",28.591667,-96.058611,100,NA,NA,NA,1.9,0,"2007-01-25T15:01",25,1,2007,2225642,2225642,"HUMAN_OBSERVATION","TPWD","Matagorda Bay Trawl",NA,NA,"",NA,"CC0_1_0","","TPWD",NA,NA,2025-01-31 18:00:31.77,"","GEODETIC_DATUM_INVALID;GEODETIC_DATUM_ASSUMED_WGS84;CONTINENT_DERIVED_FROM_COORDINATES;OCCURRENCE_STATUS_UNPARSABLE"
1271846768,"17411afb-5543-4d0a-8f36-47cb8322062e","1113398765","Animalia","Arthropoda","Malacostraca","Decapoda","Portunidae","Callinectes","Callinectes similis",NA,"SPECIES","Callinectes similis Williams, 1966","Callinectes similis","","US","Lavaca-Colorado Estuary","Texas","PRESENT",NA,"c3ad790a-d426-4ac1-8e32-da61f81f0117",28.577778,-96.426944,100,NA,NA,NA,3.7,0,"2005-06-07T08:03",7,6,2005,2225642,2225642,"HUMAN_OBSERVATION","TPWD","Matagorda Bay Trawl",NA,NA,"",NA,"CC0_1_0","","TPWD",NA,NA,2025-01-31 18:00:31.57,"","GEODETIC_DATUM_INVALID;GEODETIC_DATUM_ASSUMED_WGS84;CONTINENT_DERIVED_FROM_COORDINATES;OCCURRENCE_STATUS_UNPARSABLE"
1271846756,"17411afb-5543-4d0a-8f36-47cb8322062e","1113398534","Animalia","Arthropoda","Malacostraca","Decapoda","Portunidae","Callinectes","Callinectes similis",NA,"SPECIES","Callinectes similis Williams, 1966","Callinectes similis","","US","Lavaca-Colorado Estuary","Texas","PRESENT",NA,"c3ad790a-d426-4ac1-8e32-da61f81f0117",28.591667,-96.125,100,NA,NA,NA,2.6,0,"2006-04-10T16:34",10,4,2006,2225642,2225642,"HUMAN_OBSERVATION","TPWD","Matagorda Bay Trawl",NA,NA,"",NA,"CC0_1_0","","TPWD",NA,NA,2025-01-31 18:00:31.752,"","GEODETIC_DATUM_INVALID;GEODETIC_DATUM_ASSUMED_WGS84;CONTINENT_DERIVED_FROM_COORDINATES;OCCURRENCE_STATUS_UNPARSABLE"
1271846742,"17411afb-5543-4d0a-8f36-47cb8322062e","1113398461","Animalia","Arthropoda","Malacostraca","Decapoda","Portunidae","Callinectes","Callinectes similis",NA,"SPECIES","Callinectes similis Williams, 1966","Callinectes similis","","US","Lavaca-Colorado Estuary","Texas","PRESENT",NA,"c3ad790a-d426-4ac1-8e32-da61f81f0117",28.591667,-96.175,100,NA,NA,NA,1.6,0,"2007-06-11T13:15",11,6,2007,2225642,2225642,"HUMAN_OBSERVATION","TPWD","Matagorda Bay Trawl",NA,NA,"",NA,"CC0_1_0","","TPWD",NA,NA,2025-01-31 18:00:31.205,"","GEODETIC_DATUM_INVALID;GEODETIC_DATUM_ASSUMED_WGS84;CONTINENT_DERIVED_FROM_COORDINATES;OCCURRENCE_STATUS_UNPARSABLE"
1271846725,"17411afb-5543-4d0a-8f36-47cb8322062e","1113398702","Animalia","Arthropoda","Malacostraca","Decapoda","Portunidae","Callinectes","Callinectes similis",NA,"SPECIES","Callinectes similis Williams, 1966","Callinectes similis","","US","Lavaca-Colorado Estuary","Texas","PRESENT",NA,"c3ad790a-d426-4ac1-8e32-da61f81f0117",28.575,-96.458333,100,NA,NA,NA,3,0,"2008-04-08T11:12",8,4,2008,2225642,2225642,"HUMAN_OBSERVATION","TPWD","Matagorda Bay Trawl",NA,NA,"",NA,"CC0_1_0","","TPWD",NA,NA,2025-01-31 18:00:31.846,"","GEODETIC_DATUM_INVALID;GEODETIC_DATUM_ASSUMED_WGS84;CONTINENT_DERIVED_FROM_COORDINATES;OCCURRENCE_STATUS_UNPARSABLE"
1271846717,"17411afb-5543-4d0a-8f36-47cb8322062e","1113398297","Animalia","Arthropoda","Malacostraca","Decapoda","Portunidae","Callinectes","Callinectes similis",NA,"SPECIES","Callinectes similis Williams, 1966","Callinectes similis","","US","Lavaca-Colorado Estuary","Texas","PRESENT",NA,"c3ad790a-d426-4ac1-8e32-da61f81f0117",28.591944,-96.325278,100,NA,NA,NA,3,0,"2006-09-12T11:28",12,9,2006,2225642,2225642,"HUMAN_OBSERVATION","TPWD","Matagorda Bay Trawl",NA,NA,"",NA,"CC0_1_0","","TPWD",NA,NA,2025-01-31 18:00:31.458,"","GEODETIC_DATUM_INVALID;GEODETIC_DATUM_ASSUMED_WGS84;CONTINENT_DERIVED_FROM_COORDINATES;OCCURRENCE_STATUS_UNPARSABLE"
1271846716,"17411afb-5543-4d0a-8f36-47cb8322062e","1113398329","Animalia","Arthropoda","Malacostraca","Decapoda","Portunidae","Callinectes","Callinectes similis",NA,"SPECIES","Callinectes similis Williams, 1966","Callinectes similis","","US","Lavaca-Colorado Estuary","Texas","PRESENT",NA,"c3ad790a-d426-4ac1-8e32-da61f81f0117",28.591389,-96.291667,100,NA,NA,NA,3.9,0,"2008-11-06T08:51",6,11,2008,2225642,2225642,"HUMAN_OBSERVATION","TPWD","Matagorda Bay Trawl",NA,NA,"",NA,"CC0_1_0","","TPWD",NA,NA,2025-01-31 18:00:31.142,"","GEODETIC_DATUM_INVALID;GEODETIC_DATUM_ASSUMED_WGS84;OCCURRENCE_STATUS_UNPARSABLE"
1271846701,"17411afb-5543-4d0a-8f36-47cb8322062e","1113398371","Animalia","Arthropoda","Malacostraca","Decapoda","Portunidae","Callinectes","Callinectes similis",NA,"SPECIES","Callinectes similis Williams, 1966","Callinectes similis","","US","Lavaca-Colorado Estuary","Texas","PRESENT",NA,"c3ad790a-d426-4ac1-8e32-da61f81f0117",28.591667,-96.275,100,NA,NA,NA,3.8,0,"2008-08-26T11:12",26,8,2008,2225642,2225642,"HUMAN_OBSERVATION","TPWD","Matagorda Bay Trawl",NA,NA,"",NA,"CC0_1_0","","TPWD",NA,NA,2025-01-31 18:00:31.104,"","GEODETIC_DATUM_INVALID;GEODETIC_DATUM_ASSUMED_WGS84;CONTINENT_DERIVED_FROM_COORDINATES;OCCURRENCE_STATUS_UNPARSABLE"
1271846686,"17411afb-5543-4d0a-8f36-47cb8322062e","1113398408","Animalia","Arthropoda","Malacostraca","Decapoda","Portunidae","Callinectes","Callinectes similis",NA,"SPECIES","Callinectes similis Williams, 1966","Callinectes similis","","US","Lavaca-Colorado Estuary","Texas","PRESENT",NA,"c3ad790a-d426-4ac1-8e32-da61f81f0117",28.591944,-96.259167,100,NA,NA,NA,3.9,0,"2006-09-18T15:24",18,9,2006,2225642,2225642,"HUMAN_OBSERVATION","TPWD","Matagorda Bay Trawl",NA,NA,"",NA,"CC0_1_0","","TPWD",NA,NA,2025-01-31 18:00:31.204,"","GEODETIC_DATUM_INVALID;GEODETIC_DATUM_ASSUMED_WGS84;CONTINENT_DERIVED_FROM_COORDINATES;OCCURRENCE_STATUS_UNPARSABLE"
1271846680,"17411afb-5543-4d0a-8f36-47cb8322062e","1113398272","Animalia","Arthropoda","Malacostraca","Decapoda","Portunidae","Callinectes","Callinectes similis",NA,"SPECIES","Callinectes similis Williams, 1966","Callinectes similis","","US","Lavaca-Colorado Estuary","Texas","PRESENT",NA,"c3ad790a-d426-4ac1-8e32-da61f81f0117",28.5925,-96.341944,100,NA,NA,NA,3,0,"2006-04-10T10:53",10,4,2006,2225642,2225642,"HUMAN_OBSERVATION","TPWD","Matagorda Bay Trawl",NA,NA,"",NA,"CC0_1_0","","TPWD",NA,NA,2025-01-31 18:00:31.448,"","GEODETIC_DATUM_INVALID;GEODETIC_DATUM_ASSUMED_WGS84;CONTINENT_DERIVED_FROM_COORDINATES;OCCURRENCE_STATUS_UNPARSABLE"
1271846668,"17411afb-5543-4d0a-8f36-47cb8322062e","1113398161","Animalia","Arthropoda","Malacostraca","Decapoda","Portunidae","Callinectes","Callinectes similis",NA,"SPECIES","Callinectes similis Williams, 1966","Callinectes similis","","US","Lavaca-Colorado Estuary","Texas","PRESENT",NA,"c3ad790a-d426-4ac1-8e32-da61f81f0117",28.591667,-96.391389,100,NA,NA,NA,2.7,0,"2006-06-12T11:58",12,6,2006,2225642,2225642,"HUMAN_OBSERVATION","TPWD","Matagorda Bay Trawl",NA,NA,"",NA,"CC0_1_0","","TPWD",NA,NA,2025-01-31 18:00:31.346,"","GEODETIC_DATUM_INVALID;GEODETIC_DATUM_ASSUMED_WGS84;CONTINENT_DERIVED_FROM_COORDINATES;OCCURRENCE_STATUS_UNPARSABLE"
1271846662,"17411afb-5543-4d0a-8f36-47cb8322062e","1113398325","Animalia","Arthropoda","Malacostraca","Decapoda","Portunidae","Callinectes","Callinectes similis",NA,"SPECIES","Callinectes similis Williams, 1966","Callinectes similis","","US","Lavaca-Colorado Estuary","Texas","PRESENT",NA,"c3ad790a-d426-4ac1-8e32-da61f81f0117",28.591944,-96.308889,100,NA,NA,NA,3,0,"2006-05-03T12:34",3,5,2006,2225642,2225642,"HUMAN_OBSERVATION","TPWD","Matagorda Bay Trawl",NA,NA,"",NA,"CC0_1_0","","TPWD",NA,NA,2025-01-31 18:00:31.142,"","GEODETIC_DATUM_INVALID;GEODETIC_DATUM_ASSUMED_WGS84;OCCURRENCE_STATUS_UNPARSABLE"
1271846656,"17411afb-5543-4d0a-8f36-47cb8322062e","1113397799","Animalia","Arthropoda","Malacostraca","Decapoda","Portunidae","Callinectes","Callinectes similis",NA,"SPECIES","Callinectes similis Williams, 1966","Callinectes similis","","US","Lavaca-Colorado Estuary","Texas","PRESENT",NA,"c3ad790a-d426-4ac1-8e32-da61f81f0117",28.609167,-96.261111,100,NA,NA,NA,2.7,0,"2005-10-26T15:20",26,10,2005,2225642,2225642,"HUMAN_OBSERVATION","TPWD","Matagorda Bay Trawl",NA,NA,"",NA,"CC0_1_0","","TPWD",NA,NA,2025-01-31 18:00:33.515,"","GEODETIC_DATUM_INVALID;GEODETIC_DATUM_ASSUMED_WGS84;CONTINENT_DERIVED_FROM_COORDINATES;OCCURRENCE_STATUS_UNPARSABLE"
1271846645,"17411afb-5543-4d0a-8f36-47cb8322062e","1113397750","Animalia","Arthropoda","Malacostraca","Decapoda","Portunidae","Callinectes","Callinectes similis",NA,"SPECIES","Callinectes similis Williams, 1966","Callinectes similis","","US","Lavaca-Colorado Estuary","Texas","PRESENT",NA,"c3ad790a-d426-4ac1-8e32-da61f81f0117",28.607778,-96.289722,100,NA,NA,NA,3,0,"2005-10-06T13:25",6,10,2005,2225642,2225642,"HUMAN_OBSERVATION","TPWD","Matagorda Bay Trawl",NA,NA,"",NA,"CC0_1_0","","TPWD",NA,NA,2025-01-31 18:00:33.479,"","GEODETIC_DATUM_INVALID;GEODETIC_DATUM_ASSUMED_WGS84;CONTINENT_DERIVED_FROM_COORDINATES;OCCURRENCE_STATUS_UNPARSABLE"
1271846640,"17411afb-5543-4d0a-8f36-47cb8322062e","1113398324","Animalia","Arthropoda","Malacostraca","Decapoda","Portunidae","Callinectes","Callinectes similis",NA,"SPECIES","Callinectes similis Williams, 1966","Callinectes similis","","US","Lavaca-Colorado Estuary","Texas","PRESENT",NA,"c3ad790a-d426-4ac1-8e32-da61f81f0117",28.591944,-96.308611,100,NA,NA,NA,3.4,0,"2005-05-02T10:09",2,5,2005,2225642,2225642,"HUMAN_OBSERVATION","TPWD","Matagorda Bay Trawl",NA,NA,"",NA,"CC0_1_0","","TPWD",NA,NA,2025-01-31 18:00:31.143,"","GEODETIC_DATUM_INVALID;GEODETIC_DATUM_ASSUMED_WGS84;OCCURRENCE_STATUS_UNPARSABLE"
1271846619,"17411afb-5543-4d0a-8f36-47cb8322062e","1113397770","Animalia","Arthropoda","Malacostraca","Decapoda","Portunidae","Callinectes","Callinectes similis",NA,"SPECIES","Callinectes similis Williams, 1966","Callinectes similis","","US","Lavaca-Colorado Estuary","Texas","PRESENT",NA,"c3ad790a-d426-4ac1-8e32-da61f81f0117",28.608889,-96.290833,100,NA,NA,NA,2.7,0,"2006-06-12T13:11",12,6,2006,2225642,2225642,"HUMAN_OBSERVATION","TPWD","Matagorda Bay Trawl",NA,NA,"",NA,"CC0_1_0","","TPWD",NA,NA,2025-01-31 18:00:33.477,"","GEODETIC_DATUM_INVALID;GEODETIC_DATUM_ASSUMED_WGS84;CONTINENT_DERIVED_FROM_COORDINATES;OCCURRENCE_STATUS_UNPARSABLE"
1271846618,"17411afb-5543-4d0a-8f36-47cb8322062e","1113397742","Animalia","Arthropoda","Malacostraca","Decapoda","Portunidae","Callinectes","Callinectes similis",NA,"SPECIES","Callinectes similis Williams, 1966","Callinectes similis","","US","Lavaca-Colorado Estuary","Texas","PRESENT",NA,"c3ad790a-d426-4ac1-8e32-da61f81f0117",28.608333,-96.308333,100,NA,NA,NA,3.9,0,"2008-04-08T10:20",8,4,2008,2225642,2225642,"HUMAN_OBSERVATION","TPWD","Matagorda Bay Trawl",NA,NA,"",NA,"CC0_1_0","","TPWD",NA,NA,2025-01-31 18:00:33.481,"","GEODETIC_DATUM_INVALID;GEODETIC_DATUM_ASSUMED_WGS84;CONTINENT_DERIVED_FROM_COORDINATES;OCCURRENCE_STATUS_UNPARSABLE"
1271846616,"17411afb-5543-4d0a-8f36-47cb8322062e","1113398321","Animalia","Arthropoda","Malacostraca","Decapoda","Portunidae","Callinectes","Callinectes similis",NA,"SPECIES","Callinectes similis Williams, 1966","Callinectes similis","","US","Lavaca-Colorado Estuary","Texas","PRESENT",NA,"c3ad790a-d426-4ac1-8e32-da61f81f0117",28.591667,-96.308333,100,NA,NA,NA,3.2,0,"2006-06-21T11:35",21,6,2006,2225642,2225642,"HUMAN_OBSERVATION","TPWD","Matagorda Bay Trawl",NA,NA,"",NA,"CC0_1_0","","TPWD",NA,NA,2025-01-31 18:00:31.142,"","GEODETIC_DATUM_INVALID;GEODETIC_DATUM_ASSUMED_WGS84;OCCURRENCE_STATUS_UNPARSABLE"
1271846590,"17411afb-5543-4d0a-8f36-47cb8322062e","1113397934","Animalia","Arthropoda","Malacostraca","Decapoda","Portunidae","Callinectes","Callinectes similis",NA,"SPECIES","Callinectes similis Williams, 1966","Callinectes similis","","US","Lavaca-Colorado Estuary","Texas","PRESENT",NA,"c3ad790a-d426-4ac1-8e32-da61f81f0117",28.607222,-96.091111,100,NA,NA,NA,1.8,0,"2006-10-23T15:19",23,10,2006,2225642,2225642,"HUMAN_OBSERVATION","TPWD","Matagorda Bay Trawl",NA,NA,"",NA,"CC0_1_0","","TPWD",NA,NA,2025-01-31 18:00:33.372,"","GEODETIC_DATUM_INVALID;GEODETIC_DATUM_ASSUMED_WGS84;CONTINENT_DERIVED_FROM_COORDINATES;OCCURRENCE_STATUS_UNPARSABLE"
1271846565,"17411afb-5543-4d0a-8f36-47cb8322062e","1113397933","Animalia","Arthropoda","Malacostraca","Decapoda","Portunidae","Callinectes","Callinectes similis",NA,"SPECIES","Callinectes similis Williams, 1966","Callinectes similis","","US","Lavaca-Colorado Estuary","Texas","PRESENT",NA,"c3ad790a-d426-4ac1-8e32-da61f81f0117",28.608611,-96.108333,100,NA,NA,NA,1.9,0,"2006-09-18T17:48",18,9,2006,2225642,2225642,"HUMAN_OBSERVATION","TPWD","Matagorda Bay Trawl",NA,NA,"",NA,"CC0_1_0","","TPWD",NA,NA,2025-01-31 18:00:33.374,"","GEODETIC_DATUM_INVALID;GEODETIC_DATUM_ASSUMED_WGS84;CONTINENT_DERIVED_FROM_COORDINATES;OCCURRENCE_STATUS_UNPARSABLE"
1271846550,"17411afb-5543-4d0a-8f36-47cb8322062e","1113397751","Animalia","Arthropoda","Malacostraca","Decapoda","Portunidae","Callinectes","Callinectes similis",NA,"SPECIES","Callinectes similis Williams, 1966","Callinectes similis","","US","Lavaca-Colorado Estuary","Texas","PRESENT",NA,"c3ad790a-d426-4ac1-8e32-da61f81f0117",28.608056,-96.291389,100,NA,NA,NA,3.1,0,"2008-08-26T11:37",26,8,2008,2225642,2225642,"HUMAN_OBSERVATION","TPWD","Matagorda Bay Trawl",NA,NA,"",NA,"CC0_1_0","","TPWD",NA,NA,2025-01-31 18:00:33.479,"","GEODETIC_DATUM_INVALID;GEODETIC_DATUM_ASSUMED_WGS84;CONTINENT_DERIVED_FROM_COORDINATES;OCCURRENCE_STATUS_UNPARSABLE"
1271846536,"17411afb-5543-4d0a-8f36-47cb8322062e","1113396915","Animalia","Arthropoda","Malacostraca","Decapoda","Portunidae","Callinectes","Callinectes similis",NA,"SPECIES","Callinectes similis Williams, 1966","Callinectes similis","","US","Lavaca-Colorado Estuary","Texas","PRESENT",NA,"c3ad790a-d426-4ac1-8e32-da61f81f0117",28.608333,-96.575,100,NA,NA,NA,2.6,0,"2008-10-07T11:53",7,10,2008,2225642,2225642,"HUMAN_OBSERVATION","TPWD","Matagorda Bay Trawl",NA,NA,"",NA,"CC0_1_0","","TPWD",NA,NA,2025-01-31 18:00:35.954,"","GEODETIC_DATUM_INVALID;GEODETIC_DATUM_ASSUMED_WGS84;CONTINENT_DERIVED_FROM_COORDINATES;OCCURRENCE_STATUS_UNPARSABLE"
1271846522,"17411afb-5543-4d0a-8f36-47cb8322062e","1113397393","Animalia","Arthropoda","Malacostraca","Decapoda","Portunidae","Callinectes","Callinectes similis",NA,"SPECIES","Callinectes similis Williams, 1966","Callinectes similis","","US","Lavaca-Colorado Estuary","Texas","PRESENT",NA,"c3ad790a-d426-4ac1-8e32-da61f81f0117",28.625,-96.341667,100,NA,NA,NA,2.8,0,"2006-11-20T12:48",20,11,2006,2225642,2225642,"HUMAN_OBSERVATION","TPWD","Matagorda Bay Trawl",NA,NA,"",NA,"CC0_1_0","","TPWD",NA,NA,2025-01-31 18:00:34.369,"","GEODETIC_DATUM_INVALID;GEODETIC_DATUM_ASSUMED_WGS84;CONTINENT_DERIVED_FROM_COORDINATES;OCCURRENCE_STATUS_UNPARSABLE"
1271846514,"17411afb-5543-4d0a-8f36-47cb8322062e","1113397442","Animalia","Arthropoda","Malacostraca","Decapoda","Portunidae","Callinectes","Callinectes similis",NA,"SPECIES","Callinectes similis Williams, 1966","Callinectes similis","","US","Lavaca-Colorado Estuary","Texas","PRESENT",NA,"c3ad790a-d426-4ac1-8e32-da61f81f0117",28.625556,-96.3075,100,NA,NA,NA,2.6,0,"2006-02-27T10:15",27,2,2006,2225642,2225642,"HUMAN_OBSERVATION","TPWD","Matagorda Bay Trawl",NA,NA,"",NA,"CC0_1_0","","TPWD",NA,NA,2025-01-31 18:00:34.206,"","GEODETIC_DATUM_INVALID;GEODETIC_DATUM_ASSUMED_WGS84;CONTINENT_DERIVED_FROM_COORDINATES;OCCURRENCE_STATUS_UNPARSABLE"
1271846510,"17411afb-5543-4d0a-8f36-47cb8322062e","1113396943","Animalia","Arthropoda","Malacostraca","Decapoda","Portunidae","Callinectes","Callinectes similis",NA,"SPECIES","Callinectes similis Williams, 1966","Callinectes similis","","US","Lavaca-Colorado Estuary","Texas","PRESENT",NA,"c3ad790a-d426-4ac1-8e32-da61f81f0117",28.608333,-96.558333,100,NA,NA,NA,1.7,0,"2008-03-26T10:11",26,3,2008,2225642,2225642,"HUMAN_OBSERVATION","TPWD","Matagorda Bay Trawl",NA,NA,"",NA,"CC0_1_0","","TPWD",NA,NA,2025-01-31 18:00:35.962,"","GEODETIC_DATUM_INVALID;GEODETIC_DATUM_ASSUMED_WGS84;CONTINENT_DERIVED_FROM_COORDINATES;OCCURRENCE_STATUS_UNPARSABLE"
1271846505,"17411afb-5543-4d0a-8f36-47cb8322062e","1113397243","Animalia","Arthropoda","Malacostraca","Decapoda","Portunidae","Callinectes","Callinectes similis",NA,"SPECIES","Callinectes similis Williams, 1966","Callinectes similis","","US","Lavaca-Colorado Estuary","Texas","PRESENT",NA,"c3ad790a-d426-4ac1-8e32-da61f81f0117",28.575,-96.491667,100,NA,NA,NA,2.2,0,"2005-05-16T17:07",16,5,2005,2225642,2225642,"HUMAN_OBSERVATION","TPWD","Matagorda Bay Trawl",NA,NA,"",NA,"CC0_1_0","","TPWD",NA,NA,2025-01-31 18:00:34.345,"","GEODETIC_DATUM_INVALID;GEODETIC_DATUM_ASSUMED_WGS84;CONTINENT_DERIVED_FROM_COORDINATES;OCCURRENCE_STATUS_UNPARSABLE"
1271846485,"17411afb-5543-4d0a-8f36-47cb8322062e","1113396428","Animalia","Arthropoda","Malacostraca","Decapoda","Portunidae","Callinectes","Callinectes similis",NA,"SPECIES","Callinectes similis Williams, 1966","Callinectes similis","","US","Lavaca-Colorado Estuary","Texas","PRESENT",NA,"c3ad790a-d426-4ac1-8e32-da61f81f0117",28.625,-96.508056,100,NA,NA,NA,1.4,0,"2008-11-17T15:44",17,11,2008,2225642,2225642,"HUMAN_OBSERVATION","TPWD","Matagorda Bay Trawl",NA,NA,"",NA,"CC0_1_0","","TPWD",NA,NA,2025-01-31 18:00:35.686,"","GEODETIC_DATUM_INVALID;GEODETIC_DATUM_ASSUMED_WGS84;CONTINENT_DERIVED_FROM_COORDINATES;OCCURRENCE_STATUS_UNPARSABLE"
1271846466,"17411afb-5543-4d0a-8f36-47cb8322062e","1113397145","Animalia","Arthropoda","Malacostraca","Decapoda","Portunidae","Callinectes","Callinectes similis",NA,"SPECIES","Callinectes similis Williams, 1966","Callinectes similis","","US","Lavaca-Colorado Estuary","Texas","PRESENT",NA,"c3ad790a-d426-4ac1-8e32-da61f81f0117",28.591667,-96.525278,100,NA,NA,NA,2.7,0,"2006-05-02T17:48",2,5,2006,2225642,2225642,"HUMAN_OBSERVATION","TPWD","Matagorda Bay Trawl",NA,NA,"",NA,"CC0_1_0","","TPWD",NA,NA,2025-01-31 18:00:33.934,"","GEODETIC_DATUM_INVALID;GEODETIC_DATUM_ASSUMED_WGS84;CONTINENT_DERIVED_FROM_COORDINATES;OCCURRENCE_STATUS_UNPARSABLE"
1271846465,"17411afb-5543-4d0a-8f36-47cb8322062e","1113396204","Animalia","Arthropoda","Malacostraca","Decapoda","Portunidae","Callinectes","Callinectes similis",NA,"SPECIES","Callinectes similis Williams, 1966","Callinectes similis","","US","Lavaca-Colorado Estuary","Texas","PRESENT",NA,"c3ad790a-d426-4ac1-8e32-da61f81f0117",28.674722,-95.841667,100,NA,NA,NA,1.3,0,"2008-10-28T11:31",28,10,2008,2225642,2225642,"HUMAN_OBSERVATION","TPWD","Matagorda Bay Trawl",NA,NA,"",NA,"CC0_1_0","","TPWD",NA,NA,2025-01-31 18:00:25.548,"","GEODETIC_DATUM_INVALID;GEODETIC_DATUM_ASSUMED_WGS84;CONTINENT_DERIVED_FROM_COORDINATES;OCCURRENCE_STATUS_UNPARSABLE"
1271846458,"17411afb-5543-4d0a-8f36-47cb8322062e","1113396056","Animalia","Arthropoda","Malacostraca","Decapoda","Portunidae","Callinectes","Callinectes similis",NA,"SPECIES","Callinectes similis Williams, 1966","Callinectes similis","","US","Lavaca-Colorado Estuary","Texas","PRESENT",NA,"c3ad790a-d426-4ac1-8e32-da61f81f0117",28.674722,-95.874722,100,NA,NA,NA,1.6,0,"2008-04-14T15:05",14,4,2008,2225642,2225642,"HUMAN_OBSERVATION","TPWD","Matagorda Bay Trawl",NA,NA,"",NA,"CC0_1_0","","TPWD",NA,NA,2025-01-31 18:00:25.765,"","GEODETIC_DATUM_INVALID;GEODETIC_DATUM_ASSUMED_WGS84;CONTINENT_DERIVED_FROM_COORDINATES;OCCURRENCE_STATUS_UNPARSABLE"
1271846440,"17411afb-5543-4d0a-8f36-47cb8322062e","1113395948","Animalia","Arthropoda","Malacostraca","Decapoda","Portunidae","Callinectes","Callinectes similis",NA,"SPECIES","Callinectes similis Williams, 1966","Callinectes similis","","US","Lavaca-Colorado Estuary","Texas","PRESENT",NA,"c3ad790a-d426-4ac1-8e32-da61f81f0117",28.673056,-95.906667,100,NA,NA,NA,1.6,0,"2008-10-28T10:16",28,10,2008,2225642,2225642,"HUMAN_OBSERVATION","TPWD","Matagorda Bay Trawl",NA,NA,"",NA,"CC0_1_0","","TPWD",NA,NA,2025-01-31 18:00:27.073,"","GEODETIC_DATUM_INVALID;GEODETIC_DATUM_ASSUMED_WGS84;CONTINENT_DERIVED_FROM_COORDINATES;OCCURRENCE_STATUS_UNPARSABLE"
1271846429,"17411afb-5543-4d0a-8f36-47cb8322062e","1113395652","Animalia","Arthropoda","Malacostraca","Decapoda","Portunidae","Callinectes","Callinectes similis",NA,"SPECIES","Callinectes similis Williams, 1966","Callinectes similis","","US","Lavaca-Colorado Estuary","Texas","PRESENT",NA,"c3ad790a-d426-4ac1-8e32-da61f81f0117",28.691667,-95.875,100,NA,NA,NA,1.7,0,"2008-05-20T12:51",20,5,2008,2225642,2225642,"HUMAN_OBSERVATION","TPWD","Matagorda Bay Trawl",NA,NA,"",NA,"CC0_1_0","","TPWD",NA,NA,2025-01-31 18:00:28.134,"","GEODETIC_DATUM_INVALID;GEODETIC_DATUM_ASSUMED_WGS84;CONTINENT_DERIVED_FROM_COORDINATES;OCCURRENCE_STATUS_UNPARSABLE"
1271846422,"17411afb-5543-4d0a-8f36-47cb8322062e","1113395241","Animalia","Arthropoda","Malacostraca","Decapoda","Portunidae","Callinectes","Callinectes similis",NA,"SPECIES","Callinectes similis Williams, 1966","Callinectes similis","","US","Lavaca-Colorado Estuary","Texas","PRESENT",NA,"c3ad790a-d426-4ac1-8e32-da61f81f0117",28.708611,-95.808333,100,NA,NA,NA,1.5,0,"2006-01-24T11:23",24,1,2006,2225642,2225642,"HUMAN_OBSERVATION","TPWD","Matagorda Bay Trawl",NA,NA,"",NA,"CC0_1_0","","TPWD",NA,NA,2025-01-31 18:00:27.655,"","GEODETIC_DATUM_INVALID;GEODETIC_DATUM_ASSUMED_WGS84;CONTINENT_DERIVED_FROM_COORDINATES;OCCURRENCE_STATUS_UNPARSABLE"
1271846418,"17411afb-5543-4d0a-8f36-47cb8322062e","1113395088","Animalia","Arthropoda","Malacostraca","Decapoda","Portunidae","Callinectes","Callinectes similis",NA,"SPECIES","Callinectes similis Williams, 1966","Callinectes similis","","US","Lavaca-Colorado Estuary","Texas","PRESENT",NA,"c3ad790a-d426-4ac1-8e32-da61f81f0117",28.708333,-95.841667,100,NA,NA,NA,1.6,0,"2008-05-19T17:11",19,5,2008,2225642,2225642,"HUMAN_OBSERVATION","TPWD","Matagorda Bay Trawl",NA,NA,"",NA,"CC0_1_0","","TPWD",NA,NA,2025-01-31 18:00:27.699,"","GEODETIC_DATUM_INVALID;GEODETIC_DATUM_ASSUMED_WGS84;CONTINENT_DERIVED_FROM_COORDINATES;OCCURRENCE_STATUS_UNPARSABLE"
1271846401,"17411afb-5543-4d0a-8f36-47cb8322062e","1113394256","Animalia","Arthropoda","Malacostraca","Decapoda","Portunidae","Callinectes","Callinectes similis",NA,"SPECIES","Callinectes similis Williams, 1966","Callinectes similis","","US","Lavaca-Colorado Estuary","Texas","PRESENT",NA,"c3ad790a-d426-4ac1-8e32-da61f81f0117",28.641944,-96.375,100,NA,NA,NA,1.9,0,"2006-09-19T17:25",19,9,2006,2225642,2225642,"HUMAN_OBSERVATION","TPWD","Matagorda Bay Trawl",NA,NA,"",NA,"CC0_1_0","","TPWD",NA,NA,2025-01-31 18:00:30.945,"","GEODETIC_DATUM_INVALID;GEODETIC_DATUM_ASSUMED_WGS84;CONTINENT_DERIVED_FROM_COORDINATES;OCCURRENCE_STATUS_UNPARSABLE"
1271846392,"17411afb-5543-4d0a-8f36-47cb8322062e","1113394795","Animalia","Arthropoda","Malacostraca","Decapoda","Portunidae","Callinectes","Callinectes similis",NA,"SPECIES","Callinectes similis Williams, 1966","Callinectes similis","","US","Lavaca-Colorado Estuary","Texas","PRESENT",NA,"c3ad790a-d426-4ac1-8e32-da61f81f0117",28.725,-95.741667,100,NA,NA,NA,1.7,0,"2007-06-26T14:29",26,6,2007,2225642,2225642,"HUMAN_OBSERVATION","TPWD","Matagorda Bay Trawl",NA,NA,"",NA,"CC0_1_0","","TPWD",NA,NA,2025-01-31 18:00:30.178,"","GEODETIC_DATUM_INVALID;GEODETIC_DATUM_ASSUMED_WGS84;CONTINENT_DERIVED_FROM_COORDINATES;OCCURRENCE_STATUS_UNPARSABLE"
1271846391,"17411afb-5543-4d0a-8f36-47cb8322062e","1113394424","Animalia","Arthropoda","Malacostraca","Decapoda","Portunidae","Callinectes","Callinectes similis",NA,"SPECIES","Callinectes similis Williams, 1966","Callinectes similis","","US","Lavaca-Colorado Estuary","Texas","PRESENT",NA,"c3ad790a-d426-4ac1-8e32-da61f81f0117",28.725278,-95.824444,100,NA,NA,NA,1.8,0,"2008-10-13T16:40",13,10,2008,2225642,2225642,"HUMAN_OBSERVATION","TPWD","Matagorda Bay Trawl",NA,NA,"",NA,"CC0_1_0","","TPWD",NA,NA,2025-01-31 18:00:30.846,"","GEODETIC_DATUM_INVALID;GEODETIC_DATUM_ASSUMED_WGS84;CONTINENT_DERIVED_FROM_COORDINATES;OCCURRENCE_STATUS_UNPARSABLE"
1271846386,"17411afb-5543-4d0a-8f36-47cb8322062e","1113395454","Animalia","Arthropoda","Malacostraca","Decapoda","Portunidae","Callinectes","Callinectes similis",NA,"SPECIES","Callinectes similis Williams, 1966","Callinectes similis","","US","Lavaca-Colorado Estuary","Texas","PRESENT",NA,"c3ad790a-d426-4ac1-8e32-da61f81f0117",28.708611,-95.757778,100,NA,NA,NA,1,0,"2005-09-05T12:21",5,9,2005,2225642,2225642,"HUMAN_OBSERVATION","TPWD","Matagorda Bay Trawl",NA,NA,"",NA,"CC0_1_0","","TPWD",NA,NA,2025-01-31 18:00:27.691,"","GEODETIC_DATUM_INVALID;GEODETIC_DATUM_ASSUMED_WGS84;CONTINENT_DERIVED_FROM_COORDINATES;OCCURRENCE_STATUS_UNPARSABLE"
1271846370,"17411afb-5543-4d0a-8f36-47cb8322062e","1113394812","Animalia","Arthropoda","Malacostraca","Decapoda","Portunidae","Callinectes","Callinectes similis",NA,"SPECIES","Callinectes similis Williams, 1966","Callinectes similis","","US","Lavaca-Colorado Estuary","Texas","PRESENT",NA,"c3ad790a-d426-4ac1-8e32-da61f81f0117",28.724722,-95.725,100,NA,NA,NA,1.4,0,"2008-05-12T18:40",12,5,2008,2225642,2225642,"HUMAN_OBSERVATION","TPWD","Matagorda Bay Trawl",NA,NA,"",NA,"CC0_1_0","","TPWD",NA,NA,2025-01-31 18:00:29.842,"","GEODETIC_DATUM_INVALID;GEODETIC_DATUM_ASSUMED_WGS84;CONTINENT_DERIVED_FROM_COORDINATES;OCCURRENCE_STATUS_UNPARSABLE"
1271846361,"17411afb-5543-4d0a-8f36-47cb8322062e","1113395384","Animalia","Arthropoda","Malacostraca","Decapoda","Portunidae","Callinectes","Callinectes similis",NA,"SPECIES","Callinectes similis Williams, 1966","Callinectes similis","","US","Lavaca-Colorado Estuary","Texas","PRESENT",NA,"c3ad790a-d426-4ac1-8e32-da61f81f0117",28.708333,-95.775,100,NA,NA,NA,1.7,0,"2008-10-28T12:22",28,10,2008,2225642,2225642,"HUMAN_OBSERVATION","TPWD","Matagorda Bay Trawl",NA,NA,"",NA,"CC0_1_0","","TPWD",NA,NA,2025-01-31 18:00:27.683,"","GEODETIC_DATUM_INVALID;GEODETIC_DATUM_ASSUMED_WGS84;CONTINENT_DERIVED_FROM_COORDINATES;OCCURRENCE_STATUS_UNPARSABLE"
1271846342,"17411afb-5543-4d0a-8f36-47cb8322062e","1113395179","Animalia","Arthropoda","Malacostraca","Decapoda","Portunidae","Callinectes","Callinectes similis",NA,"SPECIES","Callinectes similis Williams, 1966","Callinectes similis","","US","Lavaca-Colorado Estuary","Texas","PRESENT",NA,"c3ad790a-d426-4ac1-8e32-da61f81f0117",28.708056,-95.808056,100,NA,NA,NA,1.7,0,"2008-05-12T15:54",12,5,2008,2225642,2225642,"HUMAN_OBSERVATION","TPWD","Matagorda Bay Trawl",NA,NA,"",NA,"CC0_1_0","","TPWD",NA,NA,2025-01-31 18:00:27.762,"","GEODETIC_DATUM_INVALID;GEODETIC_DATUM_ASSUMED_WGS84;CONTINENT_DERIVED_FROM_COORDINATES;OCCURRENCE_STATUS_UNPARSABLE"
1271846336,"17411afb-5543-4d0a-8f36-47cb8322062e","1113394953","Animalia","Arthropoda","Malacostraca","Decapoda","Portunidae","Callinectes","Callinectes similis",NA,"SPECIES","Callinectes similis Williams, 1966","Callinectes similis","","US","Lavaca-Colorado Estuary","Texas","PRESENT",NA,"c3ad790a-d426-4ac1-8e32-da61f81f0117",28.707778,-95.858333,100,NA,NA,NA,1.8,0,"2008-10-13T14:34",13,10,2008,2225642,2225642,"HUMAN_OBSERVATION","TPWD","Matagorda Bay Trawl",NA,NA,"",NA,"CC0_1_0","","TPWD",NA,NA,2025-01-31 18:00:30.003,"","GEODETIC_DATUM_INVALID;GEODETIC_DATUM_ASSUMED_WGS84;CONTINENT_DERIVED_FROM_COORDINATES;OCCURRENCE_STATUS_UNPARSABLE"
1271846313,"17411afb-5543-4d0a-8f36-47cb8322062e","1113394291","Animalia","Arthropoda","Malacostraca","Decapoda","Portunidae","Callinectes","Callinectes similis",NA,"SPECIES","Callinectes similis Williams, 1966","Callinectes similis","","US","Lavaca-Colorado Estuary","Texas","PRESENT",NA,"c3ad790a-d426-4ac1-8e32-da61f81f0117",28.724722,-95.841667,100,NA,NA,NA,1.3,0,"2005-06-21T08:24",21,6,2005,2225642,2225642,"HUMAN_OBSERVATION","TPWD","Matagorda Bay Trawl",NA,NA,"",NA,"CC0_1_0","","TPWD",NA,NA,2025-01-31 18:00:31.015,"","GEODETIC_DATUM_INVALID;GEODETIC_DATUM_ASSUMED_WGS84;CONTINENT_DERIVED_FROM_COORDINATES;OCCURRENCE_STATUS_UNPARSABLE"
1271692059,"014ffcc4-58fc-495f-890c-11eb2dcb62e2","1109878871","Animalia","Arthropoda","Malacostraca","Decapoda","Portunidae","Callinectes","Callinectes similis",NA,"SPECIES","Callinectes similis Williams, 1966","Callinectes similis","A. B. Williams, 1966","US","S_Black_Pt cell=24 sweep=1","Florida","PRESENT",1,"c3ad790a-d426-4ac1-8e32-da61f81f0117",25.50587,-80.3127,15,NA,NA,NA,1.3,0,"2009-05-01T10:39",1,5,2009,2225642,2225642,"HUMAN_OBSERVATION","USGS","Spring09",NA,NA,NA,NA,"CC0_1_0","","USGS",NA,NA,2025-01-31 17:04:29.681,"","GEODETIC_DATUM_INVALID;GEODETIC_DATUM_ASSUMED_WGS84;FOOTPRINT_WKT_INVALID;CONTINENT_DERIVED_FROM_COORDINATES;IDENTIFIED_DATE_INVALID;TYPE_STATUS_INVALID"
1271691980,"014ffcc4-58fc-495f-890c-11eb2dcb62e2","1109860074","Animalia","Arthropoda","Malacostraca","Decapoda","Portunidae","Callinectes","Callinectes similis",NA,"SPECIES","Callinectes similis Williams, 1966","Callinectes similis","A. B. Williams, 1966","US","N_Black_Pt cell=20 sweep=3","Florida","PRESENT",1,"c3ad790a-d426-4ac1-8e32-da61f81f0117",25.59284,-80.28861,15,NA,NA,NA,2.12,0,"2009-04-27T11:25",27,4,2009,2225642,2225642,"HUMAN_OBSERVATION","USGS","Spring09",NA,NA,NA,NA,"CC0_1_0","","USGS",NA,NA,2025-01-31 17:04:28.451,"","GEODETIC_DATUM_INVALID;GEODETIC_DATUM_ASSUMED_WGS84;FOOTPRINT_WKT_INVALID;CONTINENT_DERIVED_FROM_COORDINATES;IDENTIFIED_DATE_INVALID;TYPE_STATUS_INVALID"
1271691761,"014ffcc4-58fc-495f-890c-11eb2dcb62e2","1109857720","Animalia","Arthropoda","Malacostraca","Decapoda","Portunidae","Callinectes","Callinectes similis",NA,"SPECIES","Callinectes similis Williams, 1966","Callinectes similis","A. B. Williams, 1966","US","N_Black_Pt cell=17 sweep=2","Florida","PRESENT",1,"c3ad790a-d426-4ac1-8e32-da61f81f0117",25.58272,-80.29282,15,NA,NA,NA,1.78,0,"2009-04-27T10:57",27,4,2009,2225642,2225642,"HUMAN_OBSERVATION","USGS","Spring09",NA,NA,NA,NA,"CC0_1_0","","USGS",NA,NA,2025-01-31 17:04:30.863,"","GEODETIC_DATUM_INVALID;GEODETIC_DATUM_ASSUMED_WGS84;FOOTPRINT_WKT_INVALID;CONTINENT_DERIVED_FROM_COORDINATES;IDENTIFIED_DATE_INVALID;TYPE_STATUS_INVALID"
1271673175,"014ffcc4-58fc-495f-890c-11eb2dcb62e2","1108405924","Animalia","Arthropoda","Malacostraca","Decapoda","Portunidae","Callinectes","Callinectes similis",NA,"SPECIES","Callinectes similis Williams, 1966","Callinectes similis","A. B. Williams, 1966","US","Calusa cell=5 sweep=1","Florida","PRESENT",1,"c3ad790a-d426-4ac1-8e32-da61f81f0117",25.04196,-80.69144,15,NA,NA,NA,0.68,0,"2007-04-18T16:25",18,4,2007,2225642,2225642,"HUMAN_OBSERVATION","USGS","Spring07",NA,NA,NA,NA,"CC0_1_0","","USGS",NA,NA,2025-01-31 17:04:26.391,"","GEODETIC_DATUM_INVALID;GEODETIC_DATUM_ASSUMED_WGS84;FOOTPRINT_WKT_INVALID;CONTINENT_DERIVED_FROM_COORDINATES;IDENTIFIED_DATE_INVALID;TYPE_STATUS_INVALID"
1271669477,"014ffcc4-58fc-495f-890c-11eb2dcb62e2","1108194219","Animalia","Arthropoda","Malacostraca","Decapoda","Portunidae","Callinectes","Callinectes similis",NA,"SPECIES","Callinectes similis Williams, 1966","Callinectes similis","A. B. Williams, 1966","US","Ponce cell=16 sweep=4","Florida","PRESENT",1,"c3ad790a-d426-4ac1-8e32-da61f81f0117",25.366166,-81.146166,15,NA,NA,NA,2.7,0,"2006-10-18T11:48",18,10,2006,2225642,2225642,"HUMAN_OBSERVATION","USGS","Fall06",NA,NA,NA,NA,"CC0_1_0","","USGS",NA,NA,2025-01-31 17:04:29.303,"","GEODETIC_DATUM_INVALID;GEODETIC_DATUM_ASSUMED_WGS84;FOOTPRINT_WKT_INVALID;CONTINENT_DERIVED_FROM_COORDINATES;IDENTIFIED_DATE_INVALID;TYPE_STATUS_INVALID"
1271660231,"014ffcc4-58fc-495f-890c-11eb2dcb62e2","1107625894","Animalia","Arthropoda","Malacostraca","Decapoda","Portunidae","Callinectes","Callinectes similis",NA,"SPECIES","Callinectes similis Williams, 1966","Callinectes similis","A. B. Williams, 1966","US","Calusa cell=3 sweep=5","Florida","PRESENT",1,"c3ad790a-d426-4ac1-8e32-da61f81f0117",25.03187,-80.66997,15,NA,NA,NA,1.39,0,"2011-09-27T12:21",27,9,2011,2225642,2225642,"HUMAN_OBSERVATION","USGS","Fall11",NA,NA,NA,NA,"CC0_1_0","","USGS",NA,NA,2025-01-31 17:04:26.008,"","GEODETIC_DATUM_INVALID;GEODETIC_DATUM_ASSUMED_WGS84;FOOTPRINT_WKT_INVALID;CONTINENT_DERIVED_FROM_COORDINATES;IDENTIFIED_DATE_INVALID;TYPE_STATUS_INVALID"
1271637033,"014ffcc4-58fc-495f-890c-11eb2dcb62e2","1105814889","Animalia","Arthropoda","Malacostraca","Decapoda","Portunidae","Callinectes","Callinectes similis",NA,"SPECIES","Callinectes similis Williams, 1966","Callinectes similis","A. B. Williams, 1966","US","Duck cell=22 sweep=1","Florida","PRESENT",1,"c3ad790a-d426-4ac1-8e32-da61f81f0117",25.203633,-80.480766,15,NA,NA,NA,1.37,0,"2005-04-07T15:06",7,4,2005,2225642,2225642,"HUMAN_OBSERVATION","USGS","Spring05",NA,NA,NA,NA,"CC0_1_0","","USGS",NA,NA,2025-01-31 17:04:24.532,"","GEODETIC_DATUM_INVALID;GEODETIC_DATUM_ASSUMED_WGS84;FOOTPRINT_WKT_INVALID;CONTINENT_DERIVED_FROM_COORDINATES;IDENTIFIED_DATE_INVALID;TYPE_STATUS_INVALID"
1271636650,"014ffcc4-58fc-495f-890c-11eb2dcb62e2","1105810422","Animalia","Arthropoda","Malacostraca","Decapoda","Portunidae","Callinectes","Callinectes similis",NA,"SPECIES","Callinectes similis Williams, 1966","Callinectes similis","A. B. Williams, 1966","US","Manatee cell=13 sweep=1","Florida","PRESENT",1,"c3ad790a-d426-4ac1-8e32-da61f81f0117",25.246633,-80.419433,15,NA,NA,NA,1.81,0,"2005-05-10T14:50",10,5,2005,2225642,2225642,"HUMAN_OBSERVATION","USGS","Spring05",NA,NA,NA,NA,"CC0_1_0","","USGS",NA,NA,2025-01-31 17:04:32.848,"","GEODETIC_DATUM_INVALID;GEODETIC_DATUM_ASSUMED_WGS84;FOOTPRINT_WKT_INVALID;CONTINENT_DERIVED_FROM_COORDINATES;IDENTIFIED_DATE_INVALID;TYPE_STATUS_INVALID"
1271635951,"014ffcc4-58fc-495f-890c-11eb2dcb62e2","1105789313","Animalia","Arthropoda","Malacostraca","Decapoda","Portunidae","Callinectes","Callinectes similis",NA,"SPECIES","Callinectes similis Williams, 1966","Callinectes similis","A. B. Williams, 1966","US","Oyster cell=6 sweep=1","Florida","PRESENT",1,"c3ad790a-d426-4ac1-8e32-da61f81f0117",25.319318,-81.0717,15,NA,NA,NA,1.49,0,"2005-04-29T12:17",29,4,2005,2225642,2225642,"HUMAN_OBSERVATION","USGS","Spring05",NA,NA,NA,NA,"CC0_1_0","","USGS",NA,NA,2025-01-31 17:04:24.664,"","GEODETIC_DATUM_INVALID;GEODETIC_DATUM_ASSUMED_WGS84;FOOTPRINT_WKT_INVALID;CONTINENT_DERIVED_FROM_COORDINATES;IDENTIFIED_DATE_INVALID;TYPE_STATUS_INVALID"
1271635939,"014ffcc4-58fc-495f-890c-11eb2dcb62e2","1105787816","Animalia","Arthropoda","Malacostraca","Decapoda","Portunidae","Callinectes","Callinectes similis",NA,"SPECIES","Callinectes similis Williams, 1966","Callinectes similis","A. B. Williams, 1966","US","Oyster cell=21 sweep=1","Florida","PRESENT",1,"c3ad790a-d426-4ac1-8e32-da61f81f0117",25.331083,-81.078183,15,NA,NA,NA,1.98,0,"2005-04-29T14:34",29,4,2005,2225642,2225642,"HUMAN_OBSERVATION","USGS","Spring05",NA,NA,NA,NA,"CC0_1_0","","USGS",NA,NA,2025-01-31 17:04:29.49,"","GEODETIC_DATUM_INVALID;GEODETIC_DATUM_ASSUMED_WGS84;FOOTPRINT_WKT_INVALID;CONTINENT_DERIVED_FROM_COORDINATES;IDENTIFIED_DATE_INVALID;TYPE_STATUS_INVALID"
1271635852,"014ffcc4-58fc-495f-890c-11eb2dcb62e2","1105787021","Animalia","Arthropoda","Malacostraca","Decapoda","Portunidae","Callinectes","Callinectes similis",NA,"SPECIES","Callinectes similis Williams, 1966","Callinectes similis","A. B. Williams, 1966","US","Oyster cell=15 sweep=1","Florida","PRESENT",1,"c3ad790a-d426-4ac1-8e32-da61f81f0117",25.324866,-81.069683,15,NA,NA,NA,1.97,0,"2005-04-29T15:18",29,4,2005,2225642,2225642,"HUMAN_OBSERVATION","USGS","Spring05",NA,NA,NA,NA,"CC0_1_0","","USGS",NA,NA,2025-01-31 17:04:30.01,"","GEODETIC_DATUM_INVALID;GEODETIC_DATUM_ASSUMED_WGS84;FOOTPRINT_WKT_INVALID;CONTINENT_DERIVED_FROM_COORDINATES;IDENTIFIED_DATE_INVALID;TYPE_STATUS_INVALID"
1271635830,"014ffcc4-58fc-495f-890c-11eb2dcb62e2","1105786795","Animalia","Arthropoda","Malacostraca","Decapoda","Portunidae","Callinectes","Callinectes similis",NA,"SPECIES","Callinectes similis Williams, 1966","Callinectes similis","A. B. Williams, 1966","US","Oyster cell=13 sweep=1","Florida","PRESENT",1,"c3ad790a-d426-4ac1-8e32-da61f81f0117",25.327,-81.076883,15,NA,NA,NA,1.59,0,"2005-04-29T14:35",29,4,2005,2225642,2225642,"HUMAN_OBSERVATION","USGS","Spring05",NA,NA,NA,NA,"CC0_1_0","","USGS",NA,NA,2025-01-31 17:04:30.955,"","GEODETIC_DATUM_INVALID;GEODETIC_DATUM_ASSUMED_WGS84;FOOTPRINT_WKT_INVALID;CONTINENT_DERIVED_FROM_COORDINATES;IDENTIFIED_DATE_INVALID;TYPE_STATUS_INVALID"
1271634517,"014ffcc4-58fc-495f-890c-11eb2dcb62e2","1105757840","Animalia","Arthropoda","Malacostraca","Decapoda","Portunidae","Callinectes","Callinectes similis",NA,"SPECIES","Callinectes similis Williams, 1966","Callinectes similis","A. B. Williams, 1966","US","N_Biscayne cell=28 sweep=1","Florida","PRESENT",1,"c3ad790a-d426-4ac1-8e32-da61f81f0117",25.8384,-80.15005,15,NA,NA,NA,2.44,0,"2005-05-17T14:08",17,5,2005,2225642,2225642,"HUMAN_OBSERVATION","USGS","Spring05",NA,NA,NA,NA,"CC0_1_0","","USGS",NA,NA,2025-01-31 17:04:30.293,"","GEODETIC_DATUM_INVALID;GEODETIC_DATUM_ASSUMED_WGS84;FOOTPRINT_WKT_INVALID;CONTINENT_DERIVED_FROM_COORDINATES;IDENTIFIED_DATE_INVALID;TYPE_STATUS_INVALID"
1271509352,"f42d2be3-1264-4b68-a3bd-39363bcc437f","1111568323","Animalia","Arthropoda","Malacostraca","Decapoda","Portunidae","Callinectes","Callinectes similis",NA,"SPECIES","Callinectes similis Williams, 1966","Callinectes similis","","US","Nueces Estuary","Texas","PRESENT",NA,"c3ad790a-d426-4ac1-8e32-da61f81f0117",27.826389,-97.458611,100,NA,NA,NA,1.5,0,"2007-08-30T10:25",30,8,2007,2225642,2225642,"HUMAN_OBSERVATION","TPWD","Corpus Christi Bay Trawl",NA,NA,"",NA,"CC0_1_0","","TPWD",NA,NA,2025-02-01 02:12:02.097,"","GEODETIC_DATUM_INVALID;GEODETIC_DATUM_ASSUMED_WGS84;CONTINENT_DERIVED_FROM_COORDINATES;OCCURRENCE_STATUS_UNPARSABLE"
1271509157,"f42d2be3-1264-4b68-a3bd-39363bcc437f","1111568172","Animalia","Arthropoda","Malacostraca","Decapoda","Portunidae","Callinectes","Callinectes similis",NA,"SPECIES","Callinectes similis Williams, 1966","Callinectes similis","","US","Nueces Estuary","Texas","PRESENT",NA,"c3ad790a-d426-4ac1-8e32-da61f81f0117",27.841944,-97.426944,100,NA,NA,NA,1.9,0,"2005-07-19T10:16",19,7,2005,2225642,2225642,"HUMAN_OBSERVATION","TPWD","Corpus Christi Bay Trawl",NA,NA,"",NA,"CC0_1_0","","TPWD",NA,NA,2025-02-01 02:12:02.048,"","GEODETIC_DATUM_INVALID;GEODETIC_DATUM_ASSUMED_WGS84;CONTINENT_DERIVED_FROM_COORDINATES;OCCURRENCE_STATUS_UNPARSABLE"
1271509148,"f42d2be3-1264-4b68-a3bd-39363bcc437f","1111567489","Animalia","Arthropoda","Malacostraca","Decapoda","Portunidae","Callinectes","Callinectes similis",NA,"SPECIES","Callinectes similis Williams, 1966","Callinectes similis","","US","Nueces Estuary","Texas","PRESENT",NA,"c3ad790a-d426-4ac1-8e32-da61f81f0117",27.708611,-97.191944,100,NA,NA,NA,3.85,0.15,"2006-11-06T11:01",6,11,2006,2225642,2225642,"HUMAN_OBSERVATION","TPWD","Corpus Christi Bay Trawl",NA,NA,"",NA,"CC0_1_0","","TPWD",NA,NA,2025-02-01 02:12:03.22,"","GEODETIC_DATUM_INVALID;GEODETIC_DATUM_ASSUMED_WGS84;CONTINENT_DERIVED_FROM_COORDINATES;DEPTH_MIN_MAX_SWAPPED;OCCURRENCE_STATUS_UNPARSABLE"
1271509137,"f42d2be3-1264-4b68-a3bd-39363bcc437f","1111567616","Animalia","Arthropoda","Malacostraca","Decapoda","Portunidae","Callinectes","Callinectes similis",NA,"SPECIES","Callinectes similis Williams, 1966","Callinectes similis","","US","Nueces Estuary","Texas","PRESENT",NA,"c3ad790a-d426-4ac1-8e32-da61f81f0117",27.696667,-97.195556,100,NA,NA,NA,2.8,0.0999999999999999,"2008-08-18T12:12",18,8,2008,2225642,2225642,"HUMAN_OBSERVATION","TPWD","Corpus Christi Bay Trawl",NA,NA,"",NA,"CC0_1_0","","TPWD",NA,NA,2025-02-01 02:12:03.247,"","GEODETIC_DATUM_INVALID;GEODETIC_DATUM_ASSUMED_WGS84;CONTINENT_DERIVED_FROM_COORDINATES;DEPTH_MIN_MAX_SWAPPED;OCCURRENCE_STATUS_UNPARSABLE"
1271509120,"f42d2be3-1264-4b68-a3bd-39363bcc437f","1111567486","Animalia","Arthropoda","Malacostraca","Decapoda","Portunidae","Callinectes","Callinectes similis",NA,"SPECIES","Callinectes similis Williams, 1966","Callinectes similis","","US","Nueces Estuary","Texas","PRESENT",NA,"c3ad790a-d426-4ac1-8e32-da61f81f0117",27.708333,-97.192778,100,NA,NA,NA,3.85,0.15,"2008-04-21T12:20",21,4,2008,2225642,2225642,"HUMAN_OBSERVATION","TPWD","Corpus Christi Bay Trawl",NA,NA,"",NA,"CC0_1_0","","TPWD",NA,NA,2025-02-01 02:12:03.22,"","GEODETIC_DATUM_INVALID;GEODETIC_DATUM_ASSUMED_WGS84;CONTINENT_DERIVED_FROM_COORDINATES;DEPTH_MIN_MAX_SWAPPED;OCCURRENCE_STATUS_UNPARSABLE"
1271509111,"f42d2be3-1264-4b68-a3bd-39363bcc437f","1111567360","Animalia","Arthropoda","Malacostraca","Decapoda","Portunidae","Callinectes","Callinectes similis",NA,"SPECIES","Callinectes similis Williams, 1966","Callinectes similis","","US","Nueces Estuary","Texas","PRESENT",NA,"c3ad790a-d426-4ac1-8e32-da61f81f0117",27.707778,-97.227222,100,NA,NA,NA,3.4,0,"2005-10-18T10:56",18,10,2005,2225642,2225642,"HUMAN_OBSERVATION","TPWD","Corpus Christi Bay Trawl",NA,NA,"",NA,"CC0_1_0","","TPWD",NA,NA,2025-02-01 02:12:03.188,"","GEODETIC_DATUM_INVALID;GEODETIC_DATUM_ASSUMED_WGS84;CONTINENT_DERIVED_FROM_COORDINATES;OCCURRENCE_STATUS_UNPARSABLE"
1271509098,"f42d2be3-1264-4b68-a3bd-39363bcc437f","1111567357","Animalia","Arthropoda","Malacostraca","Decapoda","Portunidae","Callinectes","Callinectes similis",NA,"SPECIES","Callinectes similis Williams, 1966","Callinectes similis","","US","Nueces Estuary","Texas","PRESENT",NA,"c3ad790a-d426-4ac1-8e32-da61f81f0117",27.707222,-97.224167,100,NA,NA,NA,3.85,0.15,"2008-05-08T12:47",8,5,2008,2225642,2225642,"HUMAN_OBSERVATION","TPWD","Corpus Christi Bay Trawl",NA,NA,"",NA,"CC0_1_0","","TPWD",NA,NA,2025-02-01 02:12:03.187,"","GEODETIC_DATUM_INVALID;GEODETIC_DATUM_ASSUMED_WGS84;CONTINENT_DERIVED_FROM_COORDINATES;DEPTH_MIN_MAX_SWAPPED;OCCURRENCE_STATUS_UNPARSABLE"
1271509086,"f42d2be3-1264-4b68-a3bd-39363bcc437f","1111567349","Animalia","Arthropoda","Malacostraca","Decapoda","Portunidae","Callinectes","Callinectes similis",NA,"SPECIES","Callinectes similis Williams, 1966","Callinectes similis","","US","Nueces Estuary","Texas","PRESENT",NA,"c3ad790a-d426-4ac1-8e32-da61f81f0117",27.709722,-97.240556,100,NA,NA,NA,3.85,0.15,"2007-07-24T10:55",24,7,2007,2225642,2225642,"HUMAN_OBSERVATION","TPWD","Corpus Christi Bay Trawl",NA,NA,"",NA,"CC0_1_0","","TPWD",NA,NA,2025-02-01 02:12:03.188,"","GEODETIC_DATUM_INVALID;GEODETIC_DATUM_ASSUMED_WGS84;CONTINENT_DERIVED_FROM_COORDINATES;DEPTH_MIN_MAX_SWAPPED;OCCURRENCE_STATUS_UNPARSABLE"
1271509075,"f42d2be3-1264-4b68-a3bd-39363bcc437f","1111567348","Animalia","Arthropoda","Malacostraca","Decapoda","Portunidae","Callinectes","Callinectes similis",NA,"SPECIES","Callinectes similis Williams, 1966","Callinectes similis","","US","Nueces Estuary","Texas","PRESENT",NA,"c3ad790a-d426-4ac1-8e32-da61f81f0117",27.708889,-97.241111,100,NA,NA,NA,3.4,0,"2005-08-02T12:05",2,8,2005,2225642,2225642,"HUMAN_OBSERVATION","TPWD","Corpus Christi Bay Trawl",NA,NA,"",NA,"CC0_1_0","","TPWD",NA,NA,2025-02-01 02:12:03.188,"","GEODETIC_DATUM_INVALID;GEODETIC_DATUM_ASSUMED_WGS84;CONTINENT_DERIVED_FROM_COORDINATES;OCCURRENCE_STATUS_UNPARSABLE"
1271509065,"f42d2be3-1264-4b68-a3bd-39363bcc437f","1111568010","Animalia","Arthropoda","Malacostraca","Decapoda","Portunidae","Callinectes","Callinectes similis",NA,"SPECIES","Callinectes similis Williams, 1966","Callinectes similis","","US","Nueces Estuary","Texas","PRESENT",NA,"c3ad790a-d426-4ac1-8e32-da61f81f0117",27.840556,-97.473333,100,NA,NA,NA,1.65,0.0499999999999999,"2008-04-21T18:04",21,4,2008,2225642,2225642,"HUMAN_OBSERVATION","TPWD","Corpus Christi Bay Trawl",NA,NA,"",NA,"CC0_1_0","","TPWD",NA,NA,2025-02-01 02:12:02.022,"","GEODETIC_DATUM_INVALID;GEODETIC_DATUM_ASSUMED_WGS84;CONTINENT_DERIVED_FROM_COORDINATES;DEPTH_MIN_MAX_SWAPPED;OCCURRENCE_STATUS_UNPARSABLE"
1271509041,"f42d2be3-1264-4b68-a3bd-39363bcc437f","1111567246","Animalia","Arthropoda","Malacostraca","Decapoda","Portunidae","Callinectes","Callinectes similis",NA,"SPECIES","Callinectes similis Williams, 1966","Callinectes similis","","US","Nueces Estuary","Texas","PRESENT",NA,"c3ad790a-d426-4ac1-8e32-da61f81f0117",27.709444,-97.276389,100,NA,NA,NA,3.7,0,"2006-05-22T10:05",22,5,2006,2225642,2225642,"HUMAN_OBSERVATION","TPWD","Corpus Christi Bay Trawl",NA,NA,"",NA,"CC0_1_0","","TPWD",NA,NA,2025-02-01 02:12:03.158,"","GEODETIC_DATUM_INVALID;GEODETIC_DATUM_ASSUMED_WGS84;CONTINENT_DERIVED_FROM_COORDINATES;OCCURRENCE_STATUS_UNPARSABLE"
1271509038,"f42d2be3-1264-4b68-a3bd-39363bcc437f","1111568000","Animalia","Arthropoda","Malacostraca","Decapoda","Portunidae","Callinectes","Callinectes similis",NA,"SPECIES","Callinectes similis Williams, 1966","Callinectes similis","","US","Nueces Estuary","Texas","PRESENT",NA,"c3ad790a-d426-4ac1-8e32-da61f81f0117",27.86,-97.393611,100,NA,NA,NA,1.8,0,"2008-06-17T18:14",17,6,2008,2225642,2225642,"HUMAN_OBSERVATION","TPWD","Corpus Christi Bay Trawl",NA,NA,"",NA,"CC0_1_0","","TPWD",NA,NA,2025-02-01 02:12:02.021,"","GEODETIC_DATUM_INVALID;GEODETIC_DATUM_ASSUMED_WGS84;CONTINENT_DERIVED_FROM_COORDINATES;OCCURRENCE_STATUS_UNPARSABLE"
1271509022,"f42d2be3-1264-4b68-a3bd-39363bcc437f","1111567563","Animalia","Arthropoda","Malacostraca","Decapoda","Portunidae","Callinectes","Callinectes similis",NA,"SPECIES","Callinectes similis Williams, 1966","Callinectes similis","","US","Nueces Estuary","Texas","PRESENT",NA,"c3ad790a-d426-4ac1-8e32-da61f81f0117",27.692222,-97.206667,100,NA,NA,NA,2.25,0.15,"2006-08-17T11:36",17,8,2006,2225642,2225642,"HUMAN_OBSERVATION","TPWD","Corpus Christi Bay Trawl",NA,NA,"",NA,"CC0_1_0","","TPWD",NA,NA,2025-02-01 02:12:03.257,"","GEODETIC_DATUM_INVALID;GEODETIC_DATUM_ASSUMED_WGS84;CONTINENT_DERIVED_FROM_COORDINATES;DEPTH_MIN_MAX_SWAPPED;OCCURRENCE_STATUS_UNPARSABLE"
1271509003,"f42d2be3-1264-4b68-a3bd-39363bcc437f","1111567949","Animalia","Arthropoda","Malacostraca","Decapoda","Portunidae","Callinectes","Callinectes similis",NA,"SPECIES","Callinectes similis Williams, 1966","Callinectes similis","","US","Nueces Estuary","Texas","PRESENT",NA,"c3ad790a-d426-4ac1-8e32-da61f81f0117",27.858333,-97.410278,100,NA,NA,NA,2,0,"2008-05-27T19:02",27,5,2008,2225642,2225642,"HUMAN_OBSERVATION","TPWD","Corpus Christi Bay Trawl",NA,NA,"",NA,"CC0_1_0","","TPWD",NA,NA,2025-02-01 02:12:03.352,"","GEODETIC_DATUM_INVALID;GEODETIC_DATUM_ASSUMED_WGS84;CONTINENT_DERIVED_FROM_COORDINATES;OCCURRENCE_STATUS_UNPARSABLE"
1271508925,"f42d2be3-1264-4b68-a3bd-39363bcc437f","1111567118","Animalia","Arthropoda","Malacostraca","Decapoda","Portunidae","Callinectes","Callinectes similis",NA,"SPECIES","Callinectes similis Williams, 1966","Callinectes similis","","US","Nueces Estuary","Texas","PRESENT",NA,"c3ad790a-d426-4ac1-8e32-da61f81f0117",27.723611,-97.178056,100,NA,NA,NA,3.7,0,"2008-06-18T11:40",18,6,2008,2225642,2225642,"HUMAN_OBSERVATION","TPWD","Corpus Christi Bay Trawl",NA,NA,"",NA,"CC0_1_0","","TPWD",NA,NA,2025-02-01 02:12:03.126,"","GEODETIC_DATUM_INVALID;GEODETIC_DATUM_ASSUMED_WGS84;CONTINENT_DERIVED_FROM_COORDINATES;OCCURRENCE_STATUS_UNPARSABLE"
1271508841,"f42d2be3-1264-4b68-a3bd-39363bcc437f","1111567199","Animalia","Arthropoda","Malacostraca","Decapoda","Portunidae","Callinectes","Callinectes similis",NA,"SPECIES","Callinectes similis Williams, 1966","Callinectes similis","","US","Nueces Estuary","Texas","PRESENT",NA,"c3ad790a-d426-4ac1-8e32-da61f81f0117",27.714444,-97.291111,100,NA,NA,NA,3.2,0.2,"2005-04-18T10:14",18,4,2005,2225642,2225642,"HUMAN_OBSERVATION","TPWD","Corpus Christi Bay Trawl",NA,NA,"",NA,"CC0_1_0","","TPWD",NA,NA,2025-02-01 02:12:03.132,"","GEODETIC_DATUM_INVALID;GEODETIC_DATUM_ASSUMED_WGS84;CONTINENT_DERIVED_FROM_COORDINATES;DEPTH_MIN_MAX_SWAPPED;OCCURRENCE_STATUS_UNPARSABLE"
1271508837,"f42d2be3-1264-4b68-a3bd-39363bcc437f","1111567522","Animalia","Arthropoda","Malacostraca","Decapoda","Portunidae","Callinectes","Callinectes similis",NA,"SPECIES","Callinectes similis Williams, 1966","Callinectes similis","","US","Nueces Estuary","Texas","PRESENT",NA,"c3ad790a-d426-4ac1-8e32-da61f81f0117",27.6925,-97.225278,100,NA,NA,NA,2.7,0,"2006-06-21T12:30",21,6,2006,2225642,2225642,"HUMAN_OBSERVATION","TPWD","Corpus Christi Bay Trawl",NA,NA,"",NA,"CC0_1_0","","TPWD",NA,NA,2025-02-01 02:12:03.216,"","GEODETIC_DATUM_INVALID;GEODETIC_DATUM_ASSUMED_WGS84;CONTINENT_DERIVED_FROM_COORDINATES;OCCURRENCE_STATUS_UNPARSABLE"
1271508833,"f42d2be3-1264-4b68-a3bd-39363bcc437f","1111567429","Animalia","Arthropoda","Malacostraca","Decapoda","Portunidae","Callinectes","Callinectes similis",NA,"SPECIES","Callinectes similis Williams, 1966","Callinectes similis","","US","Nueces Estuary","Texas","PRESENT",NA,"c3ad790a-d426-4ac1-8e32-da61f81f0117",27.708333,-97.209444,100,NA,NA,NA,3.7,0,"2006-05-22T10:59",22,5,2006,2225642,2225642,"HUMAN_OBSERVATION","TPWD","Corpus Christi Bay Trawl",NA,NA,"",NA,"CC0_1_0","","TPWD",NA,NA,2025-02-01 02:12:03.224,"","GEODETIC_DATUM_INVALID;GEODETIC_DATUM_ASSUMED_WGS84;CONTINENT_DERIVED_FROM_COORDINATES;OCCURRENCE_STATUS_UNPARSABLE"
1271508824,"f42d2be3-1264-4b68-a3bd-39363bcc437f","1111566980","Animalia","Arthropoda","Malacostraca","Decapoda","Portunidae","Callinectes","Callinectes similis",NA,"SPECIES","Callinectes similis Williams, 1966","Callinectes similis","","US","Nueces Estuary","Texas","PRESENT",NA,"c3ad790a-d426-4ac1-8e32-da61f81f0117",27.723333,-97.225833,100,NA,NA,NA,4.15,0.15,"2007-10-10T10:48",10,10,2007,2225642,2225642,"HUMAN_OBSERVATION","TPWD","Corpus Christi Bay Trawl",NA,NA,"",NA,"CC0_1_0","","TPWD",NA,NA,2025-02-01 02:12:02.377,"","GEODETIC_DATUM_INVALID;GEODETIC_DATUM_ASSUMED_WGS84;CONTINENT_DERIVED_FROM_COORDINATES;DEPTH_MIN_MAX_SWAPPED;OCCURRENCE_STATUS_UNPARSABLE"
1271508817,"f42d2be3-1264-4b68-a3bd-39363bcc437f","1111567194","Animalia","Arthropoda","Malacostraca","Decapoda","Portunidae","Callinectes","Callinectes similis",NA,"SPECIES","Callinectes similis Williams, 1966","Callinectes similis","","US","Nueces Estuary","Texas","PRESENT",NA,"c3ad790a-d426-4ac1-8e32-da61f81f0117",27.712778,-97.291389,100,NA,NA,NA,3,0,"2005-12-02T11:14",2,12,2005,2225642,2225642,"HUMAN_OBSERVATION","TPWD","Corpus Christi Bay Trawl",NA,NA,"",NA,"CC0_1_0","","TPWD",NA,NA,2025-02-01 02:12:03.131,"","GEODETIC_DATUM_INVALID;GEODETIC_DATUM_ASSUMED_WGS84;CONTINENT_DERIVED_FROM_COORDINATES;OCCURRENCE_STATUS_UNPARSABLE"
1271508813,"f42d2be3-1264-4b68-a3bd-39363bcc437f","1111566976","Animalia","Arthropoda","Malacostraca","Decapoda","Portunidae","Callinectes","Callinectes similis",NA,"SPECIES","Callinectes similis Williams, 1966","Callinectes similis","","US","Nueces Estuary","Texas","PRESENT",NA,"c3ad790a-d426-4ac1-8e32-da61f81f0117",27.726944,-97.240833,100,NA,NA,NA,4,0,"2005-07-18T11:49",18,7,2005,2225642,2225642,"HUMAN_OBSERVATION","TPWD","Corpus Christi Bay Trawl",NA,NA,"",NA,"CC0_1_0","","TPWD",NA,NA,2025-02-01 02:12:02.378,"","GEODETIC_DATUM_INVALID;GEODETIC_DATUM_ASSUMED_WGS84;CONTINENT_DERIVED_FROM_COORDINATES;OCCURRENCE_STATUS_UNPARSABLE"
1271508812,"f42d2be3-1264-4b68-a3bd-39363bcc437f","1111567691","Animalia","Arthropoda","Malacostraca","Decapoda","Portunidae","Callinectes","Callinectes similis",NA,"SPECIES","Callinectes similis Williams, 1966","Callinectes similis","","US","Nueces Estuary","Texas","PRESENT",NA,"c3ad790a-d426-4ac1-8e32-da61f81f0117",27.687222,-97.243056,100,NA,NA,NA,1.6,0,"2008-06-17T17:54",17,6,2008,2225642,2225642,"HUMAN_OBSERVATION","TPWD","Corpus Christi Bay Trawl",NA,NA,"",NA,"CC0_1_0","","TPWD",NA,NA,2025-02-01 02:12:03.283,"","GEODETIC_DATUM_INVALID;GEODETIC_DATUM_ASSUMED_WGS84;CONTINENT_DERIVED_FROM_COORDINATES;OCCURRENCE_STATUS_UNPARSABLE"
1271508798,"f42d2be3-1264-4b68-a3bd-39363bcc437f","1111567190","Animalia","Arthropoda","Malacostraca","Decapoda","Portunidae","Callinectes","Callinectes similis",NA,"SPECIES","Callinectes similis Williams, 1966","Callinectes similis","","US","Nueces Estuary","Texas","PRESENT",NA,"c3ad790a-d426-4ac1-8e32-da61f81f0117",27.71,-97.292222,100,NA,NA,NA,2.55,0.15,"2005-08-02T11:39",2,8,2005,2225642,2225642,"HUMAN_OBSERVATION","TPWD","Corpus Christi Bay Trawl",NA,NA,"",NA,"CC0_1_0","","TPWD",NA,NA,2025-02-01 02:12:03.133,"","GEODETIC_DATUM_INVALID;GEODETIC_DATUM_ASSUMED_WGS84;CONTINENT_DERIVED_FROM_COORDINATES;DEPTH_MIN_MAX_SWAPPED;OCCURRENCE_STATUS_UNPARSABLE"
1271508766,"f42d2be3-1264-4b68-a3bd-39363bcc437f","1111567296","Animalia","Arthropoda","Malacostraca","Decapoda","Portunidae","Callinectes","Callinectes similis",NA,"SPECIES","Callinectes similis Williams, 1966","Callinectes similis","","US","Nueces Estuary","Texas","PRESENT",NA,"c3ad790a-d426-4ac1-8e32-da61f81f0117",27.708889,-97.2575,100,NA,NA,NA,3.7,0,"2008-07-21T14:35",21,7,2008,2225642,2225642,"HUMAN_OBSERVATION","TPWD","Corpus Christi Bay Trawl",NA,NA,"",NA,"CC0_1_0","","TPWD",NA,NA,2025-02-01 02:12:03.168,"","GEODETIC_DATUM_INVALID;GEODETIC_DATUM_ASSUMED_WGS84;CONTINENT_DERIVED_FROM_COORDINATES;OCCURRENCE_STATUS_UNPARSABLE"
1271508745,"f42d2be3-1264-4b68-a3bd-39363bcc437f","1111566879","Animalia","Arthropoda","Malacostraca","Decapoda","Portunidae","Callinectes","Callinectes similis",NA,"SPECIES","Callinectes similis Williams, 1966","Callinectes similis","","US","Nueces Estuary","Texas","PRESENT",NA,"c3ad790a-d426-4ac1-8e32-da61f81f0117",27.726111,-97.273333,100,NA,NA,NA,4,0,"2007-01-10T11:58",10,1,2007,2225642,2225642,"HUMAN_OBSERVATION","TPWD","Corpus Christi Bay Trawl",NA,NA,"",NA,"CC0_1_0","","TPWD",NA,NA,2025-02-01 02:12:02.352,"","GEODETIC_DATUM_INVALID;GEODETIC_DATUM_ASSUMED_WGS84;CONTINENT_DERIVED_FROM_COORDINATES;OCCURRENCE_STATUS_UNPARSABLE"
1271508741,"f42d2be3-1264-4b68-a3bd-39363bcc437f","1111567068","Animalia","Arthropoda","Malacostraca","Decapoda","Portunidae","Callinectes","Callinectes similis",NA,"SPECIES","Callinectes similis Williams, 1966","Callinectes similis","","US","Nueces Estuary","Texas","PRESENT",NA,"c3ad790a-d426-4ac1-8e32-da61f81f0117",27.723611,-97.189722,100,NA,NA,NA,4.25,0.0499999999999998,"2008-10-16T11:13",16,10,2008,2225642,2225642,"HUMAN_OBSERVATION","TPWD","Corpus Christi Bay Trawl",NA,NA,"",NA,"CC0_1_0","","TPWD",NA,NA,2025-02-01 02:12:03.103,"","GEODETIC_DATUM_INVALID;GEODETIC_DATUM_ASSUMED_WGS84;CONTINENT_DERIVED_FROM_COORDINATES;DEPTH_MIN_MAX_SWAPPED;OCCURRENCE_STATUS_UNPARSABLE"
1271508736,"f42d2be3-1264-4b68-a3bd-39363bcc437f","1111566876","Animalia","Arthropoda","Malacostraca","Decapoda","Portunidae","Callinectes","Callinectes similis",NA,"SPECIES","Callinectes similis Williams, 1966","Callinectes similis","","US","Nueces Estuary","Texas","PRESENT",NA,"c3ad790a-d426-4ac1-8e32-da61f81f0117",27.725556,-97.274722,100,NA,NA,NA,3.85,0.15,"2007-12-18T09:16",18,12,2007,2225642,2225642,"HUMAN_OBSERVATION","TPWD","Corpus Christi Bay Trawl",NA,NA,"",NA,"CC0_1_0","","TPWD",NA,NA,2025-02-01 02:12:02.352,"","GEODETIC_DATUM_INVALID;GEODETIC_DATUM_ASSUMED_WGS84;CONTINENT_DERIVED_FROM_COORDINATES;DEPTH_MIN_MAX_SWAPPED;OCCURRENCE_STATUS_UNPARSABLE"
1271508729,"f42d2be3-1264-4b68-a3bd-39363bcc437f","1111567402","Animalia","Arthropoda","Malacostraca","Decapoda","Portunidae","Callinectes","Callinectes similis",NA,"SPECIES","Callinectes similis Williams, 1966","Callinectes similis","","US","Nueces Estuary","Texas","PRESENT",NA,"c3ad790a-d426-4ac1-8e32-da61f81f0117",27.707222,-97.208333,100,NA,NA,NA,3.7,0,"2008-06-18T11:10",18,6,2008,2225642,2225642,"HUMAN_OBSERVATION","TPWD","Corpus Christi Bay Trawl",NA,NA,"",NA,"CC0_1_0","","TPWD",NA,NA,2025-02-01 02:12:03.225,"","GEODETIC_DATUM_INVALID;GEODETIC_DATUM_ASSUMED_WGS84;CONTINENT_DERIVED_FROM_COORDINATES;OCCURRENCE_STATUS_UNPARSABLE"
1271508723,"f42d2be3-1264-4b68-a3bd-39363bcc437f","1111567061","Animalia","Arthropoda","Malacostraca","Decapoda","Portunidae","Callinectes","Callinectes similis",NA,"SPECIES","Callinectes similis Williams, 1966","Callinectes similis","","US","Nueces Estuary","Texas","PRESENT",NA,"c3ad790a-d426-4ac1-8e32-da61f81f0117",27.726111,-97.2075,100,NA,NA,NA,3.4,0,"2005-05-17T10:55",17,5,2005,2225642,2225642,"HUMAN_OBSERVATION","TPWD","Corpus Christi Bay Trawl",NA,NA,"",NA,"CC0_1_0","","TPWD",NA,NA,2025-02-01 02:12:03.103,"","GEODETIC_DATUM_INVALID;GEODETIC_DATUM_ASSUMED_WGS84;CONTINENT_DERIVED_FROM_COORDINATES;OCCURRENCE_STATUS_UNPARSABLE"
1271508710,"f42d2be3-1264-4b68-a3bd-39363bcc437f","1111566552","Animalia","Arthropoda","Malacostraca","Decapoda","Portunidae","Callinectes","Callinectes similis",NA,"SPECIES","Callinectes similis Williams, 1966","Callinectes similis","","US","Nueces Estuary","Texas","PRESENT",NA,"c3ad790a-d426-4ac1-8e32-da61f81f0117",27.741667,-97.208611,100,NA,NA,NA,4,0,"2008-06-18T12:39",18,6,2008,2225642,2225642,"HUMAN_OBSERVATION","TPWD","Corpus Christi Bay Trawl",NA,NA,"",NA,"CC0_1_0","","TPWD",NA,NA,2025-02-01 02:12:04.245,"","GEODETIC_DATUM_INVALID;GEODETIC_DATUM_ASSUMED_WGS84;CONTINENT_DERIVED_FROM_COORDINATES;OCCURRENCE_STATUS_UNPARSABLE"
1271508699,"f42d2be3-1264-4b68-a3bd-39363bcc437f","1111566785","Animalia","Arthropoda","Malacostraca","Decapoda","Portunidae","Callinectes","Callinectes similis",NA,"SPECIES","Callinectes similis Williams, 1966","Callinectes similis","","US","Nueces Estuary","Texas","PRESENT",NA,"c3ad790a-d426-4ac1-8e32-da61f81f0117",27.724722,-97.291389,100,NA,NA,NA,3.7,0,"2008-05-27T10:40",27,5,2008,2225642,2225642,"HUMAN_OBSERVATION","TPWD","Corpus Christi Bay Trawl",NA,NA,"",NA,"CC0_1_0","","TPWD",NA,NA,2025-02-01 02:12:02.314,"","GEODETIC_DATUM_INVALID;GEODETIC_DATUM_ASSUMED_WGS84;CONTINENT_DERIVED_FROM_COORDINATES;OCCURRENCE_STATUS_UNPARSABLE"
1271508683,"f42d2be3-1264-4b68-a3bd-39363bcc437f","1111566447","Animalia","Arthropoda","Malacostraca","Decapoda","Portunidae","Callinectes","Callinectes similis",NA,"SPECIES","Callinectes similis Williams, 1966","Callinectes similis","","US","Nueces Estuary","Texas","PRESENT",NA,"c3ad790a-d426-4ac1-8e32-da61f81f0117",27.741667,-97.243611,100,NA,NA,NA,3.7,0,"2005-03-17T09:42",17,3,2005,2225642,2225642,"HUMAN_OBSERVATION","TPWD","Corpus Christi Bay Trawl",NA,NA,"",NA,"CC0_1_0","","TPWD",NA,NA,2025-02-01 02:12:04.253,"","GEODETIC_DATUM_INVALID;GEODETIC_DATUM_ASSUMED_WGS84;CONTINENT_DERIVED_FROM_COORDINATES;OCCURRENCE_STATUS_UNPARSABLE"
1271508680,"f42d2be3-1264-4b68-a3bd-39363bcc437f","1111566690","Animalia","Arthropoda","Malacostraca","Decapoda","Portunidae","Callinectes","Callinectes similis",NA,"SPECIES","Callinectes similis Williams, 1966","Callinectes similis","","US","Nueces Estuary","Texas","PRESENT",NA,"c3ad790a-d426-4ac1-8e32-da61f81f0117",27.724444,-97.322778,100,NA,NA,NA,4.15,0.15,"2007-05-03T11:38",3,5,2007,2225642,2225642,"HUMAN_OBSERVATION","TPWD","Corpus Christi Bay Trawl",NA,NA,"",NA,"CC0_1_0","","TPWD",NA,NA,2025-02-01 02:12:02.335,"","GEODETIC_DATUM_INVALID;GEODETIC_DATUM_ASSUMED_WGS84;CONTINENT_DERIVED_FROM_COORDINATES;DEPTH_MIN_MAX_SWAPPED;OCCURRENCE_STATUS_UNPARSABLE"
1271508670,"f42d2be3-1264-4b68-a3bd-39363bcc437f","1111566773","Animalia","Arthropoda","Malacostraca","Decapoda","Portunidae","Callinectes","Callinectes similis",NA,"SPECIES","Callinectes similis Williams, 1966","Callinectes similis","","US","Nueces Estuary","Texas","PRESENT",NA,"c3ad790a-d426-4ac1-8e32-da61f81f0117",27.726111,-97.308056,100,NA,NA,NA,3.65,0.05,"2008-08-11T11:46",11,8,2008,2225642,2225642,"HUMAN_OBSERVATION","TPWD","Corpus Christi Bay Trawl",NA,NA,"",NA,"CC0_1_0","","TPWD",NA,NA,2025-02-01 02:12:02.317,"","GEODETIC_DATUM_INVALID;GEODETIC_DATUM_ASSUMED_WGS84;CONTINENT_DERIVED_FROM_COORDINATES;DEPTH_MIN_MAX_SWAPPED;OCCURRENCE_STATUS_UNPARSABLE"
1271508669,"f42d2be3-1264-4b68-a3bd-39363bcc437f","1111566683","Animalia","Arthropoda","Malacostraca","Decapoda","Portunidae","Callinectes","Callinectes similis",NA,"SPECIES","Callinectes similis Williams, 1966","Callinectes similis","","US","Nueces Estuary","Texas","PRESENT",NA,"c3ad790a-d426-4ac1-8e32-da61f81f0117",27.730556,-97.341111,100,NA,NA,NA,3.35,0.05,"2008-08-18T10:05",18,8,2008,2225642,2225642,"HUMAN_OBSERVATION","TPWD","Corpus Christi Bay Trawl",NA,NA,"",NA,"CC0_1_0","","TPWD",NA,NA,2025-02-01 02:12:02.333,"","GEODETIC_DATUM_INVALID;GEODETIC_DATUM_ASSUMED_WGS84;CONTINENT_DERIVED_FROM_COORDINATES;DEPTH_MIN_MAX_SWAPPED;OCCURRENCE_STATUS_UNPARSABLE"
1271508664,"f42d2be3-1264-4b68-a3bd-39363bcc437f","1111567159","Animalia","Arthropoda","Malacostraca","Decapoda","Portunidae","Callinectes","Callinectes similis",NA,"SPECIES","Callinectes similis Williams, 1966","Callinectes similis","","US","Nueces Estuary","Texas","PRESENT",NA,"c3ad790a-d426-4ac1-8e32-da61f81f0117",27.726111,-97.175833,100,NA,NA,NA,3.2,0.2,"2005-08-02T12:33",2,8,2005,2225642,2225642,"HUMAN_OBSERVATION","TPWD","Corpus Christi Bay Trawl",NA,NA,"",NA,"CC0_1_0","","TPWD",NA,NA,2025-02-01 02:12:03.14,"","GEODETIC_DATUM_INVALID;GEODETIC_DATUM_ASSUMED_WGS84;CONTINENT_DERIVED_FROM_COORDINATES;DEPTH_MIN_MAX_SWAPPED;OCCURRENCE_STATUS_UNPARSABLE"
1271508655,"f42d2be3-1264-4b68-a3bd-39363bcc437f","1111567158","Animalia","Arthropoda","Malacostraca","Decapoda","Portunidae","Callinectes","Callinectes similis",NA,"SPECIES","Callinectes similis Williams, 1966","Callinectes similis","","US","Nueces Estuary","Texas","PRESENT",NA,"c3ad790a-d426-4ac1-8e32-da61f81f0117",27.726111,-97.175,100,NA,NA,NA,3.2,0.2,"2006-06-21T13:11",21,6,2006,2225642,2225642,"HUMAN_OBSERVATION","TPWD","Corpus Christi Bay Trawl",NA,NA,"",NA,"CC0_1_0","","TPWD",NA,NA,2025-02-01 02:12:03.14,"","GEODETIC_DATUM_INVALID;GEODETIC_DATUM_ASSUMED_WGS84;CONTINENT_DERIVED_FROM_COORDINATES;DEPTH_MIN_MAX_SWAPPED;OCCURRENCE_STATUS_UNPARSABLE"
1271508611,"f42d2be3-1264-4b68-a3bd-39363bcc437f","1111566360","Animalia","Arthropoda","Malacostraca","Decapoda","Portunidae","Callinectes","Callinectes similis",NA,"SPECIES","Callinectes similis Williams, 1966","Callinectes similis","","US","Nueces Estuary","Texas","PRESENT",NA,"c3ad790a-d426-4ac1-8e32-da61f81f0117",27.744722,-97.276389,100,NA,NA,NA,3.85,0.15,"2007-09-10T12:45",10,9,2007,2225642,2225642,"HUMAN_OBSERVATION","TPWD","Corpus Christi Bay Trawl",NA,NA,"",NA,"CC0_1_0","","TPWD",NA,NA,2025-02-01 02:12:04.228,"","GEODETIC_DATUM_INVALID;GEODETIC_DATUM_ASSUMED_WGS84;CONTINENT_DERIVED_FROM_COORDINATES;DEPTH_MIN_MAX_SWAPPED;OCCURRENCE_STATUS_UNPARSABLE"
1271508599,"f42d2be3-1264-4b68-a3bd-39363bcc437f","1111567261","Animalia","Arthropoda","Malacostraca","Decapoda","Portunidae","Callinectes","Callinectes similis",NA,"SPECIES","Callinectes similis Williams, 1966","Callinectes similis","","US","Nueces Estuary","Texas","PRESENT",NA,"c3ad790a-d426-4ac1-8e32-da61f81f0117",27.708056,-97.258889,100,NA,NA,NA,3.7,0,"2006-03-02T11:10",2,3,2006,2225642,2225642,"HUMAN_OBSERVATION","TPWD","Corpus Christi Bay Trawl",NA,NA,"",NA,"CC0_1_0","","TPWD",NA,NA,2025-02-01 02:12:03.175,"","GEODETIC_DATUM_INVALID;GEODETIC_DATUM_ASSUMED_WGS84;CONTINENT_DERIVED_FROM_COORDINATES;OCCURRENCE_STATUS_UNPARSABLE"
1271508587,"f42d2be3-1264-4b68-a3bd-39363bcc437f","1111565840","Animalia","Arthropoda","Malacostraca","Decapoda","Portunidae","Callinectes","Callinectes similis",NA,"SPECIES","Callinectes similis Williams, 1966","Callinectes similis","","US","Nueces Estuary","Texas","PRESENT",NA,"c3ad790a-d426-4ac1-8e32-da61f81f0117",27.761111,-97.241111,100,NA,NA,NA,3.85,0.15,"2007-07-06T11:46",6,7,2007,2225642,2225642,"HUMAN_OBSERVATION","TPWD","Corpus Christi Bay Trawl",NA,NA,"",NA,"CC0_1_0","","TPWD",NA,NA,2025-02-01 02:12:03.517,"","GEODETIC_DATUM_INVALID;GEODETIC_DATUM_ASSUMED_WGS84;DEPTH_MIN_MAX_SWAPPED;OCCURRENCE_STATUS_UNPARSABLE"
1271508586,"f42d2be3-1264-4b68-a3bd-39363bcc437f","1111567254","Animalia","Arthropoda","Malacostraca","Decapoda","Portunidae","Callinectes","Callinectes similis",NA,"SPECIES","Callinectes similis Williams, 1966","Callinectes similis","","US","Nueces Estuary","Texas","PRESENT",NA,"c3ad790a-d426-4ac1-8e32-da61f81f0117",27.712222,-97.275,100,NA,NA,NA,3.55,0.15,"2007-12-18T09:43",18,12,2007,2225642,2225642,"HUMAN_OBSERVATION","TPWD","Corpus Christi Bay Trawl",NA,NA,"",NA,"CC0_1_0","","TPWD",NA,NA,2025-02-01 02:12:03.175,"","GEODETIC_DATUM_INVALID;GEODETIC_DATUM_ASSUMED_WGS84;CONTINENT_DERIVED_FROM_COORDINATES;DEPTH_MIN_MAX_SWAPPED;OCCURRENCE_STATUS_UNPARSABLE"
1271508585,"f42d2be3-1264-4b68-a3bd-39363bcc437f","1111566636","Animalia","Arthropoda","Malacostraca","Decapoda","Portunidae","Callinectes","Callinectes similis",NA,"SPECIES","Callinectes similis Williams, 1966","Callinectes similis","","US","Nueces Estuary","Texas","PRESENT",NA,"c3ad790a-d426-4ac1-8e32-da61f81f0117",27.741944,-97.172778,100,NA,NA,NA,3.7,0,"2006-03-20T09:52",20,3,2006,2225642,2225642,"HUMAN_OBSERVATION","TPWD","Corpus Christi Bay Trawl",NA,NA,"",NA,"CC0_1_0","","TPWD",NA,NA,2025-02-01 02:12:04.261,"","GEODETIC_DATUM_INVALID;GEODETIC_DATUM_ASSUMED_WGS84;CONTINENT_DERIVED_FROM_COORDINATES;OCCURRENCE_STATUS_UNPARSABLE"
1271508577,"f42d2be3-1264-4b68-a3bd-39363bcc437f","1111566354","Animalia","Arthropoda","Malacostraca","Decapoda","Portunidae","Callinectes","Callinectes similis",NA,"SPECIES","Callinectes similis Williams, 1966","Callinectes similis","","US","Nueces Estuary","Texas","PRESENT",NA,"c3ad790a-d426-4ac1-8e32-da61f81f0117",27.7425,-97.275833,100,NA,NA,NA,3.75,0.0499999999999998,"2008-08-18T11:29",18,8,2008,2225642,2225642,"HUMAN_OBSERVATION","TPWD","Corpus Christi Bay Trawl",NA,NA,"",NA,"CC0_1_0","","TPWD",NA,NA,2025-02-01 02:12:04.231,"","GEODETIC_DATUM_INVALID;GEODETIC_DATUM_ASSUMED_WGS84;CONTINENT_DERIVED_FROM_COORDINATES;DEPTH_MIN_MAX_SWAPPED;OCCURRENCE_STATUS_UNPARSABLE"
1271508572,"f42d2be3-1264-4b68-a3bd-39363bcc437f","1111566272","Animalia","Arthropoda","Malacostraca","Decapoda","Portunidae","Callinectes","Callinectes similis",NA,"SPECIES","Callinectes similis Williams, 1966","Callinectes similis","","US","Nueces Estuary","Texas","PRESENT",NA,"c3ad790a-d426-4ac1-8e32-da61f81f0117",27.741667,-97.290278,100,NA,NA,NA,4.35,0.0500000000000003,"2008-10-08T11:10",8,10,2008,2225642,2225642,"HUMAN_OBSERVATION","TPWD","Corpus Christi Bay Trawl",NA,NA,"",NA,"CC0_1_0","","TPWD",NA,NA,2025-02-01 02:12:04.199,"","GEODETIC_DATUM_INVALID;GEODETIC_DATUM_ASSUMED_WGS84;CONTINENT_DERIVED_FROM_COORDINATES;DEPTH_MIN_MAX_SWAPPED;OCCURRENCE_STATUS_UNPARSABLE"
1271508570,"f42d2be3-1264-4b68-a3bd-39363bcc437f","1111567251","Animalia","Arthropoda","Malacostraca","Decapoda","Portunidae","Callinectes","Callinectes similis",NA,"SPECIES","Callinectes similis Williams, 1966","Callinectes similis","","US","Nueces Estuary","Texas","PRESENT",NA,"c3ad790a-d426-4ac1-8e32-da61f81f0117",27.711111,-97.271667,100,NA,NA,NA,4.15,0.15,"2007-05-03T12:32",3,5,2007,2225642,2225642,"HUMAN_OBSERVATION","TPWD","Corpus Christi Bay Trawl",NA,NA,"",NA,"CC0_1_0","","TPWD",NA,NA,2025-02-01 02:12:03.174,"","GEODETIC_DATUM_INVALID;GEODETIC_DATUM_ASSUMED_WGS84;CONTINENT_DERIVED_FROM_COORDINATES;DEPTH_MIN_MAX_SWAPPED;OCCURRENCE_STATUS_UNPARSABLE"
1271508558,"f42d2be3-1264-4b68-a3bd-39363bcc437f","1111566933","Animalia","Arthropoda","Malacostraca","Decapoda","Portunidae","Callinectes","Callinectes similis",NA,"SPECIES","Callinectes similis Williams, 1966","Callinectes similis","","US","Nueces Estuary","Texas","PRESENT",NA,"c3ad790a-d426-4ac1-8e32-da61f81f0117",27.725,-97.239722,100,NA,NA,NA,3.85,0.15,"2007-07-24T11:20",24,7,2007,2225642,2225642,"HUMAN_OBSERVATION","TPWD","Corpus Christi Bay Trawl",NA,NA,"",NA,"CC0_1_0","","TPWD",NA,NA,2025-02-01 02:12:02.364,"","GEODETIC_DATUM_INVALID;GEODETIC_DATUM_ASSUMED_WGS84;CONTINENT_DERIVED_FROM_COORDINATES;DEPTH_MIN_MAX_SWAPPED;OCCURRENCE_STATUS_UNPARSABLE"
1271508554,"f42d2be3-1264-4b68-a3bd-39363bcc437f","1111566352","Animalia","Arthropoda","Malacostraca","Decapoda","Portunidae","Callinectes","Callinectes similis",NA,"SPECIES","Callinectes similis Williams, 1966","Callinectes similis","","US","Nueces Estuary","Texas","PRESENT",NA,"c3ad790a-d426-4ac1-8e32-da61f81f0117",27.7425,-97.274722,100,NA,NA,NA,3.85,0.15,"2006-06-21T11:23",21,6,2006,2225642,2225642,"HUMAN_OBSERVATION","TPWD","Corpus Christi Bay Trawl",NA,NA,"",NA,"CC0_1_0","","TPWD",NA,NA,2025-02-01 02:12:04.232,"","GEODETIC_DATUM_INVALID;GEODETIC_DATUM_ASSUMED_WGS84;CONTINENT_DERIVED_FROM_COORDINATES;DEPTH_MIN_MAX_SWAPPED;OCCURRENCE_STATUS_UNPARSABLE"
1271508552,"f42d2be3-1264-4b68-a3bd-39363bcc437f","1111565837","Animalia","Arthropoda","Malacostraca","Decapoda","Portunidae","Callinectes","Callinectes similis",NA,"SPECIES","Callinectes similis Williams, 1966","Callinectes similis","","US","Nueces Estuary","Texas","PRESENT",NA,"c3ad790a-d426-4ac1-8e32-da61f81f0117",27.759722,-97.243611,100,NA,NA,NA,3.85,0.15,"2006-07-19T11:00",19,7,2006,2225642,2225642,"HUMAN_OBSERVATION","TPWD","Corpus Christi Bay Trawl",NA,NA,"",NA,"CC0_1_0","","TPWD",NA,NA,2025-02-01 02:12:03.519,"","GEODETIC_DATUM_INVALID;GEODETIC_DATUM_ASSUMED_WGS84;DEPTH_MIN_MAX_SWAPPED;OCCURRENCE_STATUS_UNPARSABLE"
1271508538,"f42d2be3-1264-4b68-a3bd-39363bcc437f","1111566257","Animalia","Arthropoda","Malacostraca","Decapoda","Portunidae","Callinectes","Callinectes similis",NA,"SPECIES","Callinectes similis Williams, 1966","Callinectes similis","","US","Nueces Estuary","Texas","PRESENT",NA,"c3ad790a-d426-4ac1-8e32-da61f81f0117",27.741944,-97.309167,100,NA,NA,NA,3.9,0,"2006-10-24T12:03",24,10,2006,2225642,2225642,"HUMAN_OBSERVATION","TPWD","Corpus Christi Bay Trawl",NA,NA,"",NA,"CC0_1_0","","TPWD",NA,NA,2025-02-01 02:12:04.202,"","GEODETIC_DATUM_INVALID;GEODETIC_DATUM_ASSUMED_WGS84;CONTINENT_DERIVED_FROM_COORDINATES;OCCURRENCE_STATUS_UNPARSABLE"
1271508534,"f42d2be3-1264-4b68-a3bd-39363bcc437f","1111565834","Animalia","Arthropoda","Malacostraca","Decapoda","Portunidae","Callinectes","Callinectes similis",NA,"SPECIES","Callinectes similis Williams, 1966","Callinectes similis","","US","Nueces Estuary","Texas","PRESENT",NA,"c3ad790a-d426-4ac1-8e32-da61f81f0117",27.759444,-97.242222,100,NA,NA,NA,3.4,0,"2005-05-17T10:03",17,5,2005,2225642,2225642,"HUMAN_OBSERVATION","TPWD","Corpus Christi Bay Trawl",NA,NA,"",NA,"CC0_1_0","","TPWD",NA,NA,2025-02-01 02:12:03.519,"","GEODETIC_DATUM_INVALID;GEODETIC_DATUM_ASSUMED_WGS84;OCCURRENCE_STATUS_UNPARSABLE"
1271508524,"f42d2be3-1264-4b68-a3bd-39363bcc437f","1111566843","Animalia","Arthropoda","Malacostraca","Decapoda","Portunidae","Callinectes","Callinectes similis",NA,"SPECIES","Callinectes similis Williams, 1966","Callinectes similis","","US","Nueces Estuary","Texas","PRESENT",NA,"c3ad790a-d426-4ac1-8e32-da61f81f0117",27.724722,-97.274167,100,NA,NA,NA,4,0,"2005-07-18T10:35",18,7,2005,2225642,2225642,"HUMAN_OBSERVATION","TPWD","Corpus Christi Bay Trawl",NA,NA,"",NA,"CC0_1_0","","TPWD",NA,NA,2025-02-01 02:12:02.358,"","GEODETIC_DATUM_INVALID;GEODETIC_DATUM_ASSUMED_WGS84;CONTINENT_DERIVED_FROM_COORDINATES;OCCURRENCE_STATUS_UNPARSABLE"
1271508521,"f42d2be3-1264-4b68-a3bd-39363bcc437f","1111566931","Animalia","Arthropoda","Malacostraca","Decapoda","Portunidae","Callinectes","Callinectes similis",NA,"SPECIES","Callinectes similis Williams, 1966","Callinectes similis","","US","Nueces Estuary","Texas","PRESENT",NA,"c3ad790a-d426-4ac1-8e32-da61f81f0117",27.724722,-97.242778,100,NA,NA,NA,3.7,0,"2006-02-02T11:39",2,2,2006,2225642,2225642,"HUMAN_OBSERVATION","TPWD","Corpus Christi Bay Trawl",NA,NA,"",NA,"CC0_1_0","","TPWD",NA,NA,2025-02-01 02:12:02.364,"","GEODETIC_DATUM_INVALID;GEODETIC_DATUM_ASSUMED_WGS84;CONTINENT_DERIVED_FROM_COORDINATES;OCCURRENCE_STATUS_UNPARSABLE"
1271508503,"f42d2be3-1264-4b68-a3bd-39363bcc437f","1111566924","Animalia","Arthropoda","Malacostraca","Decapoda","Portunidae","Callinectes","Callinectes similis",NA,"SPECIES","Callinectes similis Williams, 1966","Callinectes similis","","US","Nueces Estuary","Texas","PRESENT",NA,"c3ad790a-d426-4ac1-8e32-da61f81f0117",27.727778,-97.256667,100,NA,NA,NA,3.85,0.15,"2007-11-08T11:39",8,11,2007,2225642,2225642,"HUMAN_OBSERVATION","TPWD","Corpus Christi Bay Trawl",NA,NA,"",NA,"CC0_1_0","","TPWD",NA,NA,2025-02-01 02:12:02.368,"","GEODETIC_DATUM_INVALID;GEODETIC_DATUM_ASSUMED_WGS84;CONTINENT_DERIVED_FROM_COORDINATES;DEPTH_MIN_MAX_SWAPPED;OCCURRENCE_STATUS_UNPARSABLE"
1271508502,"f42d2be3-1264-4b68-a3bd-39363bcc437f","1111566842","Animalia","Arthropoda","Malacostraca","Decapoda","Portunidae","Callinectes","Callinectes similis",NA,"SPECIES","Callinectes similis Williams, 1966","Callinectes similis","","US","Nueces Estuary","Texas","PRESENT",NA,"c3ad790a-d426-4ac1-8e32-da61f81f0117",27.724722,-97.272778,100,NA,NA,NA,4,0,"2008-06-02T11:12",2,6,2008,2225642,2225642,"HUMAN_OBSERVATION","TPWD","Corpus Christi Bay Trawl",NA,NA,"",NA,"CC0_1_0","","TPWD",NA,NA,2025-02-01 02:12:02.359,"","GEODETIC_DATUM_INVALID;GEODETIC_DATUM_ASSUMED_WGS84;CONTINENT_DERIVED_FROM_COORDINATES;OCCURRENCE_STATUS_UNPARSABLE"
1271508482,"f42d2be3-1264-4b68-a3bd-39363bcc437f","1111566923","Animalia","Arthropoda","Malacostraca","Decapoda","Portunidae","Callinectes","Callinectes similis",NA,"SPECIES","Callinectes similis Williams, 1966","Callinectes similis","","US","Nueces Estuary","Texas","PRESENT",NA,"c3ad790a-d426-4ac1-8e32-da61f81f0117",27.726389,-97.260833,100,NA,NA,NA,4,0,"2008-07-21T14:58",21,7,2008,2225642,2225642,"HUMAN_OBSERVATION","TPWD","Corpus Christi Bay Trawl",NA,NA,"",NA,"CC0_1_0","","TPWD",NA,NA,2025-02-01 02:12:02.368,"","GEODETIC_DATUM_INVALID;GEODETIC_DATUM_ASSUMED_WGS84;CONTINENT_DERIVED_FROM_COORDINATES;OCCURRENCE_STATUS_UNPARSABLE"
1271508477,"f42d2be3-1264-4b68-a3bd-39363bcc437f","1111565343","Animalia","Arthropoda","Malacostraca","Decapoda","Portunidae","Callinectes","Callinectes similis",NA,"SPECIES","Callinectes similis Williams, 1966","Callinectes similis","","US","Nueces Estuary","Texas","PRESENT",NA,"c3ad790a-d426-4ac1-8e32-da61f81f0117",27.771667,-97.173333,100,NA,NA,NA,3.55,0.15,"2008-07-14T12:29",14,7,2008,2225642,2225642,"HUMAN_OBSERVATION","TPWD","Corpus Christi Bay Trawl",NA,NA,"",NA,"CC0_1_0","","TPWD",NA,NA,2025-02-01 02:12:05.292,"","GEODETIC_DATUM_INVALID;GEODETIC_DATUM_ASSUMED_WGS84;CONTINENT_DERIVED_FROM_COORDINATES;DEPTH_MIN_MAX_SWAPPED;OCCURRENCE_STATUS_UNPARSABLE"
1271508464,"f42d2be3-1264-4b68-a3bd-39363bcc437f","1111566920","Animalia","Arthropoda","Malacostraca","Decapoda","Portunidae","Callinectes","Callinectes similis",NA,"SPECIES","Callinectes similis Williams, 1966","Callinectes similis","","US","Nueces Estuary","Texas","PRESENT",NA,"c3ad790a-d426-4ac1-8e32-da61f81f0117",27.725278,-97.255833,100,NA,NA,NA,3.85,0.15,"2007-07-24T10:26",24,7,2007,2225642,2225642,"HUMAN_OBSERVATION","TPWD","Corpus Christi Bay Trawl",NA,NA,"",NA,"CC0_1_0","","TPWD",NA,NA,2025-02-01 02:12:02.368,"","GEODETIC_DATUM_INVALID;GEODETIC_DATUM_ASSUMED_WGS84;CONTINENT_DERIVED_FROM_COORDINATES;DEPTH_MIN_MAX_SWAPPED;OCCURRENCE_STATUS_UNPARSABLE"
1271508457,"f42d2be3-1264-4b68-a3bd-39363bcc437f","1111566420","Animalia","Arthropoda","Malacostraca","Decapoda","Portunidae","Callinectes","Callinectes similis",NA,"SPECIES","Callinectes similis Williams, 1966","Callinectes similis","","US","Nueces Estuary","Texas","PRESENT",NA,"c3ad790a-d426-4ac1-8e32-da61f81f0117",27.740556,-97.242222,100,NA,NA,NA,3.55,0.15,"2005-11-07T10:27",7,11,2005,2225642,2225642,"HUMAN_OBSERVATION","TPWD","Corpus Christi Bay Trawl",NA,NA,"",NA,"CC0_1_0","","TPWD",NA,NA,2025-02-01 02:12:04.222,"","GEODETIC_DATUM_INVALID;GEODETIC_DATUM_ASSUMED_WGS84;CONTINENT_DERIVED_FROM_COORDINATES;DEPTH_MIN_MAX_SWAPPED;OCCURRENCE_STATUS_UNPARSABLE"
1271508453,"f42d2be3-1264-4b68-a3bd-39363bcc437f","1111565940","Animalia","Arthropoda","Malacostraca","Decapoda","Portunidae","Callinectes","Callinectes similis",NA,"SPECIES","Callinectes similis Williams, 1966","Callinectes similis","","US","Nueces Estuary","Texas","PRESENT",NA,"c3ad790a-d426-4ac1-8e32-da61f81f0117",27.758611,-97.2075,100,NA,NA,NA,3.7,0,"2007-06-27T12:27",27,6,2007,2225642,2225642,"HUMAN_OBSERVATION","TPWD","Corpus Christi Bay Trawl",NA,NA,"",NA,"CC0_1_0","","TPWD",NA,NA,2025-02-01 02:12:03.554,"","GEODETIC_DATUM_INVALID;GEODETIC_DATUM_ASSUMED_WGS84;CONTINENT_DERIVED_FROM_COORDINATES;OCCURRENCE_STATUS_UNPARSABLE"
1271508444,"f42d2be3-1264-4b68-a3bd-39363bcc437f","1111566834","Animalia","Arthropoda","Malacostraca","Decapoda","Portunidae","Callinectes","Callinectes similis",NA,"SPECIES","Callinectes similis Williams, 1966","Callinectes similis","","US","Nueces Estuary","Texas","PRESENT",NA,"c3ad790a-d426-4ac1-8e32-da61f81f0117",27.731667,-97.295278,100,NA,NA,NA,3.7,0,"2007-03-09T12:20",9,3,2007,2225642,2225642,"HUMAN_OBSERVATION","TPWD","Corpus Christi Bay Trawl",NA,NA,"",NA,"CC0_1_0","","TPWD",NA,NA,2025-02-01 02:12:02.358,"","GEODETIC_DATUM_INVALID;GEODETIC_DATUM_ASSUMED_WGS84;CONTINENT_DERIVED_FROM_COORDINATES;OCCURRENCE_STATUS_UNPARSABLE"
1271508439,"f42d2be3-1264-4b68-a3bd-39363bcc437f","1111565340","Animalia","Arthropoda","Malacostraca","Decapoda","Portunidae","Callinectes","Callinectes similis",NA,"SPECIES","Callinectes similis Williams, 1966","Callinectes similis","","US","Nueces Estuary","Texas","PRESENT",NA,"c3ad790a-d426-4ac1-8e32-da61f81f0117",27.776111,-97.19,100,NA,NA,NA,3,0,"2006-07-12T11:29",12,7,2006,2225642,2225642,"HUMAN_OBSERVATION","TPWD","Corpus Christi Bay Trawl",NA,NA,"",NA,"CC0_1_0","","TPWD",NA,NA,2025-02-01 02:12:05.291,"","GEODETIC_DATUM_INVALID;GEODETIC_DATUM_ASSUMED_WGS84;CONTINENT_DERIVED_FROM_COORDINATES;OCCURRENCE_STATUS_UNPARSABLE"
1271508434,"f42d2be3-1264-4b68-a3bd-39363bcc437f","1111567018","Animalia","Arthropoda","Malacostraca","Decapoda","Portunidae","Callinectes","Callinectes similis",NA,"SPECIES","Callinectes similis Williams, 1966","Callinectes similis","","US","Nueces Estuary","Texas","PRESENT",NA,"c3ad790a-d426-4ac1-8e32-da61f81f0117",27.724722,-97.208333,100,NA,NA,NA,3.7,0,"2007-12-18T11:16",18,12,2007,2225642,2225642,"HUMAN_OBSERVATION","TPWD","Corpus Christi Bay Trawl",NA,NA,"",NA,"CC0_1_0","","TPWD",NA,NA,2025-02-01 02:12:03.108,"","GEODETIC_DATUM_INVALID;GEODETIC_DATUM_ASSUMED_WGS84;CONTINENT_DERIVED_FROM_COORDINATES;OCCURRENCE_STATUS_UNPARSABLE"
1271508430,"f42d2be3-1264-4b68-a3bd-39363bcc437f","1111566519","Animalia","Arthropoda","Malacostraca","Decapoda","Portunidae","Callinectes","Callinectes similis",NA,"SPECIES","Callinectes similis Williams, 1966","Callinectes similis","","US","Nueces Estuary","Texas","PRESENT",NA,"c3ad790a-d426-4ac1-8e32-da61f81f0117",27.741111,-97.206667,100,NA,NA,NA,3.7,0,"2007-06-11T11:55",11,6,2007,2225642,2225642,"HUMAN_OBSERVATION","TPWD","Corpus Christi Bay Trawl",NA,NA,"",NA,"CC0_1_0","","TPWD",NA,NA,2025-02-01 02:12:04.245,"","GEODETIC_DATUM_INVALID;GEODETIC_DATUM_ASSUMED_WGS84;CONTINENT_DERIVED_FROM_COORDINATES;OCCURRENCE_STATUS_UNPARSABLE"
1271508425,"f42d2be3-1264-4b68-a3bd-39363bcc437f","1111566830","Animalia","Arthropoda","Malacostraca","Decapoda","Portunidae","Callinectes","Callinectes similis",NA,"SPECIES","Callinectes similis Williams, 1966","Callinectes similis","","US","Nueces Estuary","Texas","PRESENT",NA,"c3ad790a-d426-4ac1-8e32-da61f81f0117",27.726944,-97.2925,100,NA,NA,NA,4.1,0,"2008-09-09T12:58",9,9,2008,2225642,2225642,"HUMAN_OBSERVATION","TPWD","Corpus Christi Bay Trawl",NA,NA,"",NA,"CC0_1_0","","TPWD",NA,NA,2025-02-01 02:12:02.358,"","GEODETIC_DATUM_INVALID;GEODETIC_DATUM_ASSUMED_WGS84;CONTINENT_DERIVED_FROM_COORDINATES;OCCURRENCE_STATUS_UNPARSABLE"
1271508415,"f42d2be3-1264-4b68-a3bd-39363bcc437f","1111566415","Animalia","Arthropoda","Malacostraca","Decapoda","Portunidae","Callinectes","Callinectes similis",NA,"SPECIES","Callinectes similis Williams, 1966","Callinectes similis","","US","Nueces Estuary","Texas","PRESENT",NA,"c3ad790a-d426-4ac1-8e32-da61f81f0117",27.739167,-97.24,100,NA,NA,NA,3.75,0.15,"2006-10-24T14:36",24,10,2006,2225642,2225642,"HUMAN_OBSERVATION","TPWD","Corpus Christi Bay Trawl",NA,NA,"",NA,"CC0_1_0","","TPWD",NA,NA,2025-02-01 02:12:04.221,"","GEODETIC_DATUM_INVALID;GEODETIC_DATUM_ASSUMED_WGS84;CONTINENT_DERIVED_FROM_COORDINATES;DEPTH_MIN_MAX_SWAPPED;OCCURRENCE_STATUS_UNPARSABLE"
1271508410,"f42d2be3-1264-4b68-a3bd-39363bcc437f","1111566516","Animalia","Arthropoda","Malacostraca","Decapoda","Portunidae","Callinectes","Callinectes similis",NA,"SPECIES","Callinectes similis Williams, 1966","Callinectes similis","","US","Nueces Estuary","Texas","PRESENT",NA,"c3ad790a-d426-4ac1-8e32-da61f81f0117",27.740278,-97.208889,100,NA,NA,NA,4.15,0.0500000000000003,"2008-09-19T10:55",19,9,2008,2225642,2225642,"HUMAN_OBSERVATION","TPWD","Corpus Christi Bay Trawl",NA,NA,"",NA,"CC0_1_0","","TPWD",NA,NA,2025-02-01 02:12:04.245,"","GEODETIC_DATUM_INVALID;GEODETIC_DATUM_ASSUMED_WGS84;CONTINENT_DERIVED_FROM_COORDINATES;DEPTH_MIN_MAX_SWAPPED;OCCURRENCE_STATUS_UNPARSABLE"
1271508406,"f42d2be3-1264-4b68-a3bd-39363bcc437f","1111566827","Animalia","Arthropoda","Malacostraca","Decapoda","Portunidae","Callinectes","Callinectes similis",NA,"SPECIES","Callinectes similis Williams, 1966","Callinectes similis","","US","Nueces Estuary","Texas","PRESENT",NA,"c3ad790a-d426-4ac1-8e32-da61f81f0117",27.726111,-97.289722,100,NA,NA,NA,3.6,0,"2006-09-27T11:40",27,9,2006,2225642,2225642,"HUMAN_OBSERVATION","TPWD","Corpus Christi Bay Trawl",NA,NA,"",NA,"CC0_1_0","","TPWD",NA,NA,2025-02-01 02:12:02.346,"","GEODETIC_DATUM_INVALID;GEODETIC_DATUM_ASSUMED_WGS84;CONTINENT_DERIVED_FROM_COORDINATES;OCCURRENCE_STATUS_UNPARSABLE"
1271508399,"f42d2be3-1264-4b68-a3bd-39363bcc437f","1111567016","Animalia","Arthropoda","Malacostraca","Decapoda","Portunidae","Callinectes","Callinectes similis",NA,"SPECIES","Callinectes similis Williams, 1966","Callinectes similis","","US","Nueces Estuary","Texas","PRESENT",NA,"c3ad790a-d426-4ac1-8e32-da61f81f0117",27.724444,-97.209167,100,NA,NA,NA,3.55,0.15,"2006-02-02T12:05",2,2,2006,2225642,2225642,"HUMAN_OBSERVATION","TPWD","Corpus Christi Bay Trawl",NA,NA,"",NA,"CC0_1_0","","TPWD",NA,NA,2025-02-01 02:12:03.106,"","GEODETIC_DATUM_INVALID;GEODETIC_DATUM_ASSUMED_WGS84;CONTINENT_DERIVED_FROM_COORDINATES;DEPTH_MIN_MAX_SWAPPED;OCCURRENCE_STATUS_UNPARSABLE"
1271508390,"f42d2be3-1264-4b68-a3bd-39363bcc437f","1111566512","Animalia","Arthropoda","Malacostraca","Decapoda","Portunidae","Callinectes","Callinectes similis",NA,"SPECIES","Callinectes similis Williams, 1966","Callinectes similis","","US","Nueces Estuary","Texas","PRESENT",NA,"c3ad790a-d426-4ac1-8e32-da61f81f0117",27.739167,-97.208889,100,NA,NA,NA,4,0,"2007-02-08T13:30",8,2,2007,2225642,2225642,"HUMAN_OBSERVATION","TPWD","Corpus Christi Bay Trawl",NA,NA,"",NA,"CC0_1_0","","TPWD",NA,NA,2025-02-01 02:12:04.246,"","GEODETIC_DATUM_INVALID;GEODETIC_DATUM_ASSUMED_WGS84;CONTINENT_DERIVED_FROM_COORDINATES;OCCURRENCE_STATUS_UNPARSABLE"
1271508387,"f42d2be3-1264-4b68-a3bd-39363bcc437f","1111566825","Animalia","Arthropoda","Malacostraca","Decapoda","Portunidae","Callinectes","Callinectes similis",NA,"SPECIES","Callinectes similis Williams, 1966","Callinectes similis","","US","Nueces Estuary","Texas","PRESENT",NA,"c3ad790a-d426-4ac1-8e32-da61f81f0117",27.725556,-97.291944,100,NA,NA,NA,1.95,0.05,"2008-11-07T11:37",7,11,2008,2225642,2225642,"HUMAN_OBSERVATION","TPWD","Corpus Christi Bay Trawl",NA,NA,"",NA,"CC0_1_0","","TPWD",NA,NA,2025-02-01 02:12:02.346,"","GEODETIC_DATUM_INVALID;GEODETIC_DATUM_ASSUMED_WGS84;CONTINENT_DERIVED_FROM_COORDINATES;DEPTH_MIN_MAX_SWAPPED;OCCURRENCE_STATUS_UNPARSABLE"
1271508381,"f42d2be3-1264-4b68-a3bd-39363bcc437f","1111566136","Animalia","Arthropoda","Malacostraca","Decapoda","Portunidae","Callinectes","Callinectes similis",NA,"SPECIES","Callinectes similis Williams, 1966","Callinectes similis","","US","Nueces Estuary","Texas","PRESENT",NA,"c3ad790a-d426-4ac1-8e32-da61f81f0117",27.740833,-97.344167,100,NA,NA,NA,3.9,0,"2008-07-21T13:39",21,7,2008,2225642,2225642,"HUMAN_OBSERVATION","TPWD","Corpus Christi Bay Trawl",NA,NA,"",NA,"CC0_1_0","","TPWD",NA,NA,2025-02-01 02:12:04.176,"","GEODETIC_DATUM_INVALID;GEODETIC_DATUM_ASSUMED_WGS84;CONTINENT_DERIVED_FROM_COORDINATES;OCCURRENCE_STATUS_UNPARSABLE"
1271508379,"f42d2be3-1264-4b68-a3bd-39363bcc437f","1111567011","Animalia","Arthropoda","Malacostraca","Decapoda","Portunidae","Callinectes","Callinectes similis",NA,"SPECIES","Callinectes similis Williams, 1966","Callinectes similis","","US","Nueces Estuary","Texas","PRESENT",NA,"c3ad790a-d426-4ac1-8e32-da61f81f0117",27.726111,-97.224444,100,NA,NA,NA,3.75,0.15,"2005-06-09T13:05",9,6,2005,2225642,2225642,"HUMAN_OBSERVATION","TPWD","Corpus Christi Bay Trawl",NA,NA,"",NA,"CC0_1_0","","TPWD",NA,NA,2025-02-01 02:12:03.106,"","GEODETIC_DATUM_INVALID;GEODETIC_DATUM_ASSUMED_WGS84;CONTINENT_DERIVED_FROM_COORDINATES;DEPTH_MIN_MAX_SWAPPED;OCCURRENCE_STATUS_UNPARSABLE"
1271508355,"f42d2be3-1264-4b68-a3bd-39363bcc437f","1111567008","Animalia","Arthropoda","Malacostraca","Decapoda","Portunidae","Callinectes","Callinectes similis",NA,"SPECIES","Callinectes similis Williams, 1966","Callinectes similis","","US","Nueces Estuary","Texas","PRESENT",NA,"c3ad790a-d426-4ac1-8e32-da61f81f0117",27.725556,-97.225278,100,NA,NA,NA,3.85,0.15,"2007-07-24T12:05",24,7,2007,2225642,2225642,"HUMAN_OBSERVATION","TPWD","Corpus Christi Bay Trawl",NA,NA,"",NA,"CC0_1_0","","TPWD",NA,NA,2025-02-01 02:12:03.107,"","GEODETIC_DATUM_INVALID;GEODETIC_DATUM_ASSUMED_WGS84;CONTINENT_DERIVED_FROM_COORDINATES;DEPTH_MIN_MAX_SWAPPED;OCCURRENCE_STATUS_UNPARSABLE"
1271508354,"f42d2be3-1264-4b68-a3bd-39363bcc437f","1111566734","Animalia","Arthropoda","Malacostraca","Decapoda","Portunidae","Callinectes","Callinectes similis",NA,"SPECIES","Callinectes similis Williams, 1966","Callinectes similis","","US","Nueces Estuary","Texas","PRESENT",NA,"c3ad790a-d426-4ac1-8e32-da61f81f0117",27.724444,-97.309444,100,NA,NA,NA,3.55,0.15,"2006-05-22T09:40",22,5,2006,2225642,2225642,"HUMAN_OBSERVATION","TPWD","Corpus Christi Bay Trawl",NA,NA,"",NA,"CC0_1_0","","TPWD",NA,NA,2025-02-01 02:12:02.319,"","GEODETIC_DATUM_INVALID;GEODETIC_DATUM_ASSUMED_WGS84;CONTINENT_DERIVED_FROM_COORDINATES;DEPTH_MIN_MAX_SWAPPED;OCCURRENCE_STATUS_UNPARSABLE"
1271508347,"f42d2be3-1264-4b68-a3bd-39363bcc437f","1111565007","Animalia","Arthropoda","Malacostraca","Decapoda","Portunidae","Callinectes","Callinectes similis",NA,"SPECIES","Callinectes similis Williams, 1966","Callinectes similis","","US","Nueces Estuary","Texas","PRESENT",NA,"c3ad790a-d426-4ac1-8e32-da61f81f0117",27.774722,-97.291667,100,NA,NA,NA,3.9,0,"2005-06-09T11:36",9,6,2005,2225642,2225642,"HUMAN_OBSERVATION","TPWD","Corpus Christi Bay Trawl",NA,NA,"",NA,"CC0_1_0","","TPWD",NA,NA,2025-02-01 02:12:05.246,"","GEODETIC_DATUM_INVALID;GEODETIC_DATUM_ASSUMED_WGS84;OCCURRENCE_STATUS_UNPARSABLE"
1271508343,"f42d2be3-1264-4b68-a3bd-39363bcc437f","1111566133","Animalia","Arthropoda","Malacostraca","Decapoda","Portunidae","Callinectes","Callinectes similis",NA,"SPECIES","Callinectes similis Williams, 1966","Callinectes similis","","US","Nueces Estuary","Texas","PRESENT",NA,"c3ad790a-d426-4ac1-8e32-da61f81f0117",27.740556,-97.340833,100,NA,NA,NA,4.25,0.0499999999999998,"2008-10-08T10:00",8,10,2008,2225642,2225642,"HUMAN_OBSERVATION","TPWD","Corpus Christi Bay Trawl",NA,NA,"",NA,"CC0_1_0","","TPWD",NA,NA,2025-02-01 02:12:04.176,"","GEODETIC_DATUM_INVALID;GEODETIC_DATUM_ASSUMED_WGS84;CONTINENT_DERIVED_FROM_COORDINATES;DEPTH_MIN_MAX_SWAPPED;OCCURRENCE_STATUS_UNPARSABLE"
1271508336,"f42d2be3-1264-4b68-a3bd-39363bcc437f","1111566732","Animalia","Arthropoda","Malacostraca","Decapoda","Portunidae","Callinectes","Callinectes similis",NA,"SPECIES","Callinectes similis Williams, 1966","Callinectes similis","","US","Nueces Estuary","Texas","PRESENT",NA,"c3ad790a-d426-4ac1-8e32-da61f81f0117",27.724167,-97.308333,100,NA,NA,NA,3.85,0.15,"2006-08-17T10:39",17,8,2006,2225642,2225642,"HUMAN_OBSERVATION","TPWD","Corpus Christi Bay Trawl",NA,NA,"",NA,"CC0_1_0","","TPWD",NA,NA,2025-02-01 02:12:02.32,"","GEODETIC_DATUM_INVALID;GEODETIC_DATUM_ASSUMED_WGS84;CONTINENT_DERIVED_FROM_COORDINATES;DEPTH_MIN_MAX_SWAPPED;OCCURRENCE_STATUS_UNPARSABLE"
1271508334,"f42d2be3-1264-4b68-a3bd-39363bcc437f","1111566603","Animalia","Arthropoda","Malacostraca","Decapoda","Portunidae","Callinectes","Callinectes similis",NA,"SPECIES","Callinectes similis Williams, 1966","Callinectes similis","","US","Nueces Estuary","Texas","PRESENT",NA,"c3ad790a-d426-4ac1-8e32-da61f81f0117",27.741111,-97.175278,100,NA,NA,NA,3.4,0,"2007-03-09T14:13",9,3,2007,2225642,2225642,"HUMAN_OBSERVATION","TPWD","Corpus Christi Bay Trawl",NA,NA,"",NA,"CC0_1_0","","TPWD",NA,NA,2025-02-01 02:12:04.268,"","GEODETIC_DATUM_INVALID;GEODETIC_DATUM_ASSUMED_WGS84;CONTINENT_DERIVED_FROM_COORDINATES;OCCURRENCE_STATUS_UNPARSABLE"
1271508325,"f42d2be3-1264-4b68-a3bd-39363bcc437f","1111565006","Animalia","Arthropoda","Malacostraca","Decapoda","Portunidae","Callinectes","Callinectes similis",NA,"SPECIES","Callinectes similis Williams, 1966","Callinectes similis","","US","Nueces Estuary","Texas","PRESENT",NA,"c3ad790a-d426-4ac1-8e32-da61f81f0117",27.774444,-97.289444,100,NA,NA,NA,4,0,"2007-03-09T11:16",9,3,2007,2225642,2225642,"HUMAN_OBSERVATION","TPWD","Corpus Christi Bay Trawl",NA,NA,"",NA,"CC0_1_0","","TPWD",NA,NA,2025-02-01 02:12:05.246,"","GEODETIC_DATUM_INVALID;GEODETIC_DATUM_ASSUMED_WGS84;OCCURRENCE_STATUS_UNPARSABLE"
1271508322,"f42d2be3-1264-4b68-a3bd-39363bcc437f","1111566131","Animalia","Arthropoda","Malacostraca","Decapoda","Portunidae","Callinectes","Callinectes similis",NA,"SPECIES","Callinectes similis Williams, 1966","Callinectes similis","","US","Nueces Estuary","Texas","PRESENT",NA,"c3ad790a-d426-4ac1-8e32-da61f81f0117",27.740278,-97.341111,100,NA,NA,NA,3.4,0,"2007-06-11T09:30",11,6,2007,2225642,2225642,"HUMAN_OBSERVATION","TPWD","Corpus Christi Bay Trawl",NA,NA,"",NA,"CC0_1_0","","TPWD",NA,NA,2025-02-01 02:12:04.176,"","GEODETIC_DATUM_INVALID;GEODETIC_DATUM_ASSUMED_WGS84;CONTINENT_DERIVED_FROM_COORDINATES;OCCURRENCE_STATUS_UNPARSABLE"
1271508317,"f42d2be3-1264-4b68-a3bd-39363bcc437f","1111565621","Animalia","Arthropoda","Malacostraca","Decapoda","Portunidae","Callinectes","Callinectes similis",NA,"SPECIES","Callinectes similis Williams, 1966","Callinectes similis","","US","Nueces Estuary","Texas","PRESENT",NA,"c3ad790a-d426-4ac1-8e32-da61f81f0117",27.760833,-97.326389,100,NA,NA,NA,4.3,0,"2008-06-02T10:37",2,6,2008,2225642,2225642,"HUMAN_OBSERVATION","TPWD","Corpus Christi Bay Trawl",NA,NA,"",NA,"CC0_1_0","","TPWD",NA,NA,2025-02-01 02:12:03.465,"","GEODETIC_DATUM_INVALID;GEODETIC_DATUM_ASSUMED_WGS84;CONTINENT_DERIVED_FROM_COORDINATES;OCCURRENCE_STATUS_UNPARSABLE"
1271508314,"f42d2be3-1264-4b68-a3bd-39363bcc437f","1111564756","Animalia","Arthropoda","Malacostraca","Decapoda","Portunidae","Callinectes","Callinectes similis",NA,"SPECIES","Callinectes similis Williams, 1966","Callinectes similis","","US","Nueces Estuary","Texas","PRESENT",NA,"c3ad790a-d426-4ac1-8e32-da61f81f0117",27.786111,-97.130278,100,NA,NA,NA,2.55,0.15,"2006-10-03T13:28",3,10,2006,2225642,2225642,"HUMAN_OBSERVATION","TPWD","Corpus Christi Bay Trawl",NA,NA,"",NA,"CC0_1_0","","TPWD",NA,NA,2025-02-01 02:12:04.427,"","GEODETIC_DATUM_INVALID;GEODETIC_DATUM_ASSUMED_WGS84;CONTINENT_DERIVED_FROM_COORDINATES;DEPTH_MIN_MAX_SWAPPED;OCCURRENCE_STATUS_UNPARSABLE"
1271508313,"f42d2be3-1264-4b68-a3bd-39363bcc437f","1111565474","Animalia","Arthropoda","Malacostraca","Decapoda","Portunidae","Callinectes","Callinectes similis",NA,"SPECIES","Callinectes similis Williams, 1966","Callinectes similis","","US","Nueces Estuary","Texas","PRESENT",NA,"c3ad790a-d426-4ac1-8e32-da61f81f0117",27.756389,-97.358333,100,NA,NA,NA,3.7,0,"2008-09-09T11:59",9,9,2008,2225642,2225642,"HUMAN_OBSERVATION","TPWD","Corpus Christi Bay Trawl",NA,NA,"",NA,"CC0_1_0","","TPWD",NA,NA,2025-02-01 02:12:03.437,"","GEODETIC_DATUM_INVALID;GEODETIC_DATUM_ASSUMED_WGS84;CONTINENT_DERIVED_FROM_COORDINATES;OCCURRENCE_STATUS_UNPARSABLE"
1271508311,"f42d2be3-1264-4b68-a3bd-39363bcc437f","1111565198","Animalia","Arthropoda","Malacostraca","Decapoda","Portunidae","Callinectes","Callinectes similis",NA,"SPECIES","Callinectes similis Williams, 1966","Callinectes similis","","US","Nueces Estuary","Texas","PRESENT",NA,"c3ad790a-d426-4ac1-8e32-da61f81f0117",27.776944,-97.243333,100,NA,NA,NA,3.55,0.15,"2005-12-16T09:35",16,12,2005,2225642,2225642,"HUMAN_OBSERVATION","TPWD","Corpus Christi Bay Trawl",NA,NA,"",NA,"CC0_1_0","","TPWD",NA,NA,2025-02-01 02:12:05.284,"","GEODETIC_DATUM_INVALID;GEODETIC_DATUM_ASSUMED_WGS84;CONTINENT_DERIVED_FROM_COORDINATES;DEPTH_MIN_MAX_SWAPPED;OCCURRENCE_STATUS_UNPARSABLE"
1271508307,"f42d2be3-1264-4b68-a3bd-39363bcc437f","1111565005","Animalia","Arthropoda","Malacostraca","Decapoda","Portunidae","Callinectes","Callinectes similis",NA,"SPECIES","Callinectes similis Williams, 1966","Callinectes similis","","US","Nueces Estuary","Texas","PRESENT",NA,"c3ad790a-d426-4ac1-8e32-da61f81f0117",27.774167,-97.291389,100,NA,NA,NA,4,0,"2008-12-16T09:27",16,12,2008,2225642,2225642,"HUMAN_OBSERVATION","TPWD","Corpus Christi Bay Trawl",NA,NA,"",NA,"CC0_1_0","","TPWD",NA,NA,2025-02-01 02:12:05.246,"","GEODETIC_DATUM_INVALID;GEODETIC_DATUM_ASSUMED_WGS84;OCCURRENCE_STATUS_UNPARSABLE"
1271508306,"f42d2be3-1264-4b68-a3bd-39363bcc437f","1111566130","Animalia","Arthropoda","Malacostraca","Decapoda","Portunidae","Callinectes","Callinectes similis",NA,"SPECIES","Callinectes similis Williams, 1966","Callinectes similis","","US","Nueces Estuary","Texas","PRESENT",NA,"c3ad790a-d426-4ac1-8e32-da61f81f0117",27.74,-97.343333,100,NA,NA,NA,3.4,0,"2005-07-11T10:02",11,7,2005,2225642,2225642,"HUMAN_OBSERVATION","TPWD","Corpus Christi Bay Trawl",NA,NA,"",NA,"CC0_1_0","","TPWD",NA,NA,2025-02-01 02:12:04.176,"","GEODETIC_DATUM_INVALID;GEODETIC_DATUM_ASSUMED_WGS84;CONTINENT_DERIVED_FROM_COORDINATES;OCCURRENCE_STATUS_UNPARSABLE"
1271508296,"f42d2be3-1264-4b68-a3bd-39363bcc437f","1111566593","Animalia","Arthropoda","Malacostraca","Decapoda","Portunidae","Callinectes","Callinectes similis",NA,"SPECIES","Callinectes similis Williams, 1966","Callinectes similis","","US","Nueces Estuary","Texas","PRESENT",NA,"c3ad790a-d426-4ac1-8e32-da61f81f0117",27.739444,-97.174444,100,NA,NA,NA,3.55,0.15,"2007-04-16T11:32",16,4,2007,2225642,2225642,"HUMAN_OBSERVATION","TPWD","Corpus Christi Bay Trawl",NA,NA,"",NA,"CC0_1_0","","TPWD",NA,NA,2025-02-01 02:12:04.274,"","GEODETIC_DATUM_INVALID;GEODETIC_DATUM_ASSUMED_WGS84;CONTINENT_DERIVED_FROM_COORDINATES;DEPTH_MIN_MAX_SWAPPED;OCCURRENCE_STATUS_UNPARSABLE"
1271508294,"f42d2be3-1264-4b68-a3bd-39363bcc437f","1111564755","Animalia","Arthropoda","Malacostraca","Decapoda","Portunidae","Callinectes","Callinectes similis",NA,"SPECIES","Callinectes similis Williams, 1966","Callinectes similis","","US","Nueces Estuary","Texas","PRESENT",NA,"c3ad790a-d426-4ac1-8e32-da61f81f0117",27.795556,-97.1425,100,NA,NA,NA,3,0,"2006-03-20T10:45",20,3,2006,2225642,2225642,"HUMAN_OBSERVATION","TPWD","Corpus Christi Bay Trawl",NA,NA,"",NA,"CC0_1_0","","TPWD",NA,NA,2025-02-01 02:12:04.427,"","GEODETIC_DATUM_INVALID;GEODETIC_DATUM_ASSUMED_WGS84;CONTINENT_DERIVED_FROM_COORDINATES;OCCURRENCE_STATUS_UNPARSABLE"
1271508293,"f42d2be3-1264-4b68-a3bd-39363bcc437f","1111565197","Animalia","Arthropoda","Malacostraca","Decapoda","Portunidae","Callinectes","Callinectes similis",NA,"SPECIES","Callinectes similis Williams, 1966","Callinectes similis","","US","Nueces Estuary","Texas","PRESENT",NA,"c3ad790a-d426-4ac1-8e32-da61f81f0117",27.776389,-97.242778,100,NA,NA,NA,3.85,0.05,"2008-07-21T15:29",21,7,2008,2225642,2225642,"HUMAN_OBSERVATION","TPWD","Corpus Christi Bay Trawl",NA,NA,"",NA,"CC0_1_0","","TPWD",NA,NA,2025-02-01 02:12:05.284,"","GEODETIC_DATUM_INVALID;GEODETIC_DATUM_ASSUMED_WGS84;CONTINENT_DERIVED_FROM_COORDINATES;DEPTH_MIN_MAX_SWAPPED;OCCURRENCE_STATUS_UNPARSABLE"
1271508276,"f42d2be3-1264-4b68-a3bd-39363bcc437f","1111565472","Animalia","Arthropoda","Malacostraca","Decapoda","Portunidae","Callinectes","Callinectes similis",NA,"SPECIES","Callinectes similis Williams, 1966","Callinectes similis","","US","Nueces Estuary","Texas","PRESENT",NA,"c3ad790a-d426-4ac1-8e32-da61f81f0117",27.755,-97.358056,100,NA,NA,NA,4,0,"2007-04-03T13:50",3,4,2007,2225642,2225642,"HUMAN_OBSERVATION","TPWD","Corpus Christi Bay Trawl",NA,NA,"",NA,"CC0_1_0","","TPWD",NA,NA,2025-02-01 02:12:03.437,"","GEODETIC_DATUM_INVALID;GEODETIC_DATUM_ASSUMED_WGS84;CONTINENT_DERIVED_FROM_COORDINATES;OCCURRENCE_STATUS_UNPARSABLE"
1271508273,"f42d2be3-1264-4b68-a3bd-39363bcc437f","1111565196","Animalia","Arthropoda","Malacostraca","Decapoda","Portunidae","Callinectes","Callinectes similis",NA,"SPECIES","Callinectes similis Williams, 1966","Callinectes similis","","US","Nueces Estuary","Texas","PRESENT",NA,"c3ad790a-d426-4ac1-8e32-da61f81f0117",27.776111,-97.241389,100,NA,NA,NA,4,0,"2008-06-02T12:06",2,6,2008,2225642,2225642,"HUMAN_OBSERVATION","TPWD","Corpus Christi Bay Trawl",NA,NA,"",NA,"CC0_1_0","","TPWD",NA,NA,2025-02-01 02:12:05.285,"","GEODETIC_DATUM_INVALID;GEODETIC_DATUM_ASSUMED_WGS84;CONTINENT_DERIVED_FROM_COORDINATES;OCCURRENCE_STATUS_UNPARSABLE"
1271508255,"f42d2be3-1264-4b68-a3bd-39363bcc437f","1111566589","Animalia","Arthropoda","Malacostraca","Decapoda","Portunidae","Callinectes","Callinectes similis",NA,"SPECIES","Callinectes similis Williams, 1966","Callinectes similis","","US","Nueces Estuary","Texas","PRESENT",NA,"c3ad790a-d426-4ac1-8e32-da61f81f0117",27.742778,-97.191667,100,NA,NA,NA,3.85,0.15,"2006-08-03T12:14",3,8,2006,2225642,2225642,"HUMAN_OBSERVATION","TPWD","Corpus Christi Bay Trawl",NA,NA,"",NA,"CC0_1_0","","TPWD",NA,NA,2025-02-01 02:12:04.274,"","GEODETIC_DATUM_INVALID;GEODETIC_DATUM_ASSUMED_WGS84;CONTINENT_DERIVED_FROM_COORDINATES;DEPTH_MIN_MAX_SWAPPED;OCCURRENCE_STATUS_UNPARSABLE"
1271508238,"f42d2be3-1264-4b68-a3bd-39363bcc437f","1111565190","Animalia","Arthropoda","Malacostraca","Decapoda","Portunidae","Callinectes","Callinectes similis",NA,"SPECIES","Callinectes similis Williams, 1966","Callinectes similis","","US","Nueces Estuary","Texas","PRESENT",NA,"c3ad790a-d426-4ac1-8e32-da61f81f0117",27.775278,-97.240556,100,NA,NA,NA,3.75,0.15,"2005-06-09T14:10",9,6,2005,2225642,2225642,"HUMAN_OBSERVATION","TPWD","Corpus Christi Bay Trawl",NA,NA,"",NA,"CC0_1_0","","TPWD",NA,NA,2025-02-01 02:12:05.283,"","GEODETIC_DATUM_INVALID;GEODETIC_DATUM_ASSUMED_WGS84;CONTINENT_DERIVED_FROM_COORDINATES;DEPTH_MIN_MAX_SWAPPED;OCCURRENCE_STATUS_UNPARSABLE"
1271508207,"f42d2be3-1264-4b68-a3bd-39363bcc437f","1111566322","Animalia","Arthropoda","Malacostraca","Decapoda","Portunidae","Callinectes","Callinectes similis",NA,"SPECIES","Callinectes similis Williams, 1966","Callinectes similis","","US","Nueces Estuary","Texas","PRESENT",NA,"c3ad790a-d426-4ac1-8e32-da61f81f0117",27.741389,-97.276111,100,NA,NA,NA,3.55,0.15,"2005-12-02T12:19",2,12,2005,2225642,2225642,"HUMAN_OBSERVATION","TPWD","Corpus Christi Bay Trawl",NA,NA,"",NA,"CC0_1_0","","TPWD",NA,NA,2025-02-01 02:12:04.233,"","GEODETIC_DATUM_INVALID;GEODETIC_DATUM_ASSUMED_WGS84;CONTINENT_DERIVED_FROM_COORDINATES;DEPTH_MIN_MAX_SWAPPED;OCCURRENCE_STATUS_UNPARSABLE"
1271508187,"f42d2be3-1264-4b68-a3bd-39363bcc437f","1111566321","Animalia","Arthropoda","Malacostraca","Decapoda","Portunidae","Callinectes","Callinectes similis",NA,"SPECIES","Callinectes similis Williams, 1966","Callinectes similis","","US","Nueces Estuary","Texas","PRESENT",NA,"c3ad790a-d426-4ac1-8e32-da61f81f0117",27.741389,-97.274722,100,NA,NA,NA,4,0,"2005-07-18T10:11",18,7,2005,2225642,2225642,"HUMAN_OBSERVATION","TPWD","Corpus Christi Bay Trawl",NA,NA,"",NA,"CC0_1_0","","TPWD",NA,NA,2025-02-01 02:12:04.233,"","GEODETIC_DATUM_INVALID;GEODETIC_DATUM_ASSUMED_WGS84;CONTINENT_DERIVED_FROM_COORDINATES;OCCURRENCE_STATUS_UNPARSABLE"
1271508166,"f42d2be3-1264-4b68-a3bd-39363bcc437f","1111565799","Animalia","Arthropoda","Malacostraca","Decapoda","Portunidae","Callinectes","Callinectes similis",NA,"SPECIES","Callinectes similis Williams, 1966","Callinectes similis","","US","Nueces Estuary","Texas","PRESENT",NA,"c3ad790a-d426-4ac1-8e32-da61f81f0117",27.757222,-97.243333,100,NA,NA,NA,4,0,"2008-04-11T10:40",11,4,2008,2225642,2225642,"HUMAN_OBSERVATION","TPWD","Corpus Christi Bay Trawl",NA,NA,"",NA,"CC0_1_0","","TPWD",NA,NA,2025-02-01 02:12:03.497,"","GEODETIC_DATUM_INVALID;GEODETIC_DATUM_ASSUMED_WGS84;OCCURRENCE_STATUS_UNPARSABLE"
1271508155,"f42d2be3-1264-4b68-a3bd-39363bcc437f","1111566315","Animalia","Arthropoda","Malacostraca","Decapoda","Portunidae","Callinectes","Callinectes similis",NA,"SPECIES","Callinectes similis Williams, 1966","Callinectes similis","","US","Nueces Estuary","Texas","PRESENT",NA,"c3ad790a-d426-4ac1-8e32-da61f81f0117",27.739167,-97.276111,100,NA,NA,NA,3.4,0,"2005-08-02T11:17",2,8,2005,2225642,2225642,"HUMAN_OBSERVATION","TPWD","Corpus Christi Bay Trawl",NA,NA,"",NA,"CC0_1_0","","TPWD",NA,NA,2025-02-01 02:12:04.233,"","GEODETIC_DATUM_INVALID;GEODETIC_DATUM_ASSUMED_WGS84;CONTINENT_DERIVED_FROM_COORDINATES;OCCURRENCE_STATUS_UNPARSABLE"
1271508154,"f42d2be3-1264-4b68-a3bd-39363bcc437f","1111564611","Animalia","Arthropoda","Malacostraca","Decapoda","Portunidae","Callinectes","Callinectes similis",NA,"SPECIES","Callinectes similis Williams, 1966","Callinectes similis","","US","Nueces Estuary","Texas","PRESENT",NA,"c3ad790a-d426-4ac1-8e32-da61f81f0117",27.791389,-97.174722,100,NA,NA,NA,3,0,"2006-12-06T16:03",6,12,2006,2225642,2225642,"HUMAN_OBSERVATION","TPWD","Corpus Christi Bay Trawl",NA,NA,"",NA,"CC0_1_0","","TPWD",NA,NA,2025-02-01 02:12:04.399,"","GEODETIC_DATUM_INVALID;GEODETIC_DATUM_ASSUMED_WGS84;CONTINENT_DERIVED_FROM_COORDINATES;OCCURRENCE_STATUS_UNPARSABLE"
1271508146,"f42d2be3-1264-4b68-a3bd-39363bcc437f","1111565797","Animalia","Arthropoda","Malacostraca","Decapoda","Portunidae","Callinectes","Callinectes similis",NA,"SPECIES","Callinectes similis Williams, 1966","Callinectes similis","","US","Nueces Estuary","Texas","PRESENT",NA,"c3ad790a-d426-4ac1-8e32-da61f81f0117",27.756667,-97.242222,100,NA,NA,NA,3.55,0.15,"2005-02-17T10:23",17,2,2005,2225642,2225642,"HUMAN_OBSERVATION","TPWD","Corpus Christi Bay Trawl",NA,NA,"",NA,"CC0_1_0","","TPWD",NA,NA,2025-02-01 02:12:03.498,"","GEODETIC_DATUM_INVALID;GEODETIC_DATUM_ASSUMED_WGS84;DEPTH_MIN_MAX_SWAPPED;OCCURRENCE_STATUS_UNPARSABLE"
1271508135,"f42d2be3-1264-4b68-a3bd-39363bcc437f","1111566308","Animalia","Arthropoda","Malacostraca","Decapoda","Portunidae","Callinectes","Callinectes similis",NA,"SPECIES","Callinectes similis Williams, 1966","Callinectes similis","","US","Nueces Estuary","Texas","PRESENT",NA,"c3ad790a-d426-4ac1-8e32-da61f81f0117",27.742778,-97.294167,100,NA,NA,NA,3.55,0.15,"2005-02-17T09:54",17,2,2005,2225642,2225642,"HUMAN_OBSERVATION","TPWD","Corpus Christi Bay Trawl",NA,NA,"",NA,"CC0_1_0","","TPWD",NA,NA,2025-02-01 02:12:04.196,"","GEODETIC_DATUM_INVALID;GEODETIC_DATUM_ASSUMED_WGS84;CONTINENT_DERIVED_FROM_COORDINATES;DEPTH_MIN_MAX_SWAPPED;OCCURRENCE_STATUS_UNPARSABLE"
1271508127,"f42d2be3-1264-4b68-a3bd-39363bcc437f","1111565795","Animalia","Arthropoda","Malacostraca","Decapoda","Portunidae","Callinectes","Callinectes similis",NA,"SPECIES","Callinectes similis Williams, 1966","Callinectes similis","","US","Nueces Estuary","Texas","PRESENT",NA,"c3ad790a-d426-4ac1-8e32-da61f81f0117",27.759444,-97.258611,100,NA,NA,NA,3.4,0,"2005-05-17T09:42",17,5,2005,2225642,2225642,"HUMAN_OBSERVATION","TPWD","Corpus Christi Bay Trawl",NA,NA,"",NA,"CC0_1_0","","TPWD",NA,NA,2025-02-01 02:12:03.495,"","GEODETIC_DATUM_INVALID;GEODETIC_DATUM_ASSUMED_WGS84;OCCURRENCE_STATUS_UNPARSABLE"
1271508115,"f42d2be3-1264-4b68-a3bd-39363bcc437f","1111564888","Animalia","Arthropoda","Malacostraca","Decapoda","Portunidae","Callinectes","Callinectes similis",NA,"SPECIES","Callinectes similis Williams, 1966","Callinectes similis","","US","Nueces Estuary","Texas","PRESENT",NA,"c3ad790a-d426-4ac1-8e32-da61f81f0117",27.773889,-97.341944,100,NA,NA,NA,3.6,0,"2005-06-09T10:35",9,6,2005,2225642,2225642,"HUMAN_OBSERVATION","TPWD","Corpus Christi Bay Trawl",NA,NA,"",NA,"CC0_1_0","","TPWD",NA,NA,2025-02-01 02:12:04.459,"","GEODETIC_DATUM_INVALID;GEODETIC_DATUM_ASSUMED_WGS84;CONTINENT_DERIVED_FROM_COORDINATES;OCCURRENCE_STATUS_UNPARSABLE"
1271508113,"f42d2be3-1264-4b68-a3bd-39363bcc437f","1111564602","Animalia","Arthropoda","Malacostraca","Decapoda","Portunidae","Callinectes","Callinectes similis",NA,"SPECIES","Callinectes similis Williams, 1966","Callinectes similis","","US","Nueces Estuary","Texas","PRESENT",NA,"c3ad790a-d426-4ac1-8e32-da61f81f0117",27.785833,-97.171111,100,NA,NA,NA,3,0,"2006-01-18T13:35",18,1,2006,2225642,2225642,"HUMAN_OBSERVATION","TPWD","Corpus Christi Bay Trawl",NA,NA,"",NA,"CC0_1_0","","TPWD",NA,NA,2025-02-01 02:12:04.403,"","GEODETIC_DATUM_INVALID;GEODETIC_DATUM_ASSUMED_WGS84;CONTINENT_DERIVED_FROM_COORDINATES;OCCURRENCE_STATUS_UNPARSABLE"
1271508111,"f42d2be3-1264-4b68-a3bd-39363bcc437f","1111566306","Animalia","Arthropoda","Malacostraca","Decapoda","Portunidae","Callinectes","Callinectes similis",NA,"SPECIES","Callinectes similis Williams, 1966","Callinectes similis","","US","Nueces Estuary","Texas","PRESENT",NA,"c3ad790a-d426-4ac1-8e32-da61f81f0117",27.742222,-97.291389,100,NA,NA,NA,3.7,0,"2005-12-02T12:00",2,12,2005,2225642,2225642,"HUMAN_OBSERVATION","TPWD","Corpus Christi Bay Trawl",NA,NA,"",NA,"CC0_1_0","","TPWD",NA,NA,2025-02-01 02:12:04.195,"","GEODETIC_DATUM_INVALID;GEODETIC_DATUM_ASSUMED_WGS84;CONTINENT_DERIVED_FROM_COORDINATES;OCCURRENCE_STATUS_UNPARSABLE"
1271508108,"f42d2be3-1264-4b68-a3bd-39363bcc437f","1111566225","Animalia","Arthropoda","Malacostraca","Decapoda","Portunidae","Callinectes","Callinectes similis",NA,"SPECIES","Callinectes similis Williams, 1966","Callinectes similis","","US","Nueces Estuary","Texas","PRESENT",NA,"c3ad790a-d426-4ac1-8e32-da61f81f0117",27.741111,-97.3075,100,NA,NA,NA,4,0,"2008-07-21T14:04",21,7,2008,2225642,2225642,"HUMAN_OBSERVATION","TPWD","Corpus Christi Bay Trawl",NA,NA,"",NA,"CC0_1_0","","TPWD",NA,NA,2025-02-01 02:12:04.206,"","GEODETIC_DATUM_INVALID;GEODETIC_DATUM_ASSUMED_WGS84;CONTINENT_DERIVED_FROM_COORDINATES;OCCURRENCE_STATUS_UNPARSABLE"
1271508107,"f42d2be3-1264-4b68-a3bd-39363bcc437f","1111565794","Animalia","Arthropoda","Malacostraca","Decapoda","Portunidae","Callinectes","Callinectes similis",NA,"SPECIES","Callinectes similis Williams, 1966","Callinectes similis","","US","Nueces Estuary","Texas","PRESENT",NA,"c3ad790a-d426-4ac1-8e32-da61f81f0117",27.759167,-97.2575,100,NA,NA,NA,3.85,0.15,"2006-06-21T11:52",21,6,2006,2225642,2225642,"HUMAN_OBSERVATION","TPWD","Corpus Christi Bay Trawl",NA,NA,"",NA,"CC0_1_0","","TPWD",NA,NA,2025-02-01 02:12:03.496,"","GEODETIC_DATUM_INVALID;GEODETIC_DATUM_ASSUMED_WGS84;DEPTH_MIN_MAX_SWAPPED;OCCURRENCE_STATUS_UNPARSABLE"
1271508096,"f42d2be3-1264-4b68-a3bd-39363bcc437f","1111564884","Animalia","Arthropoda","Malacostraca","Decapoda","Portunidae","Callinectes","Callinectes similis",NA,"SPECIES","Callinectes similis Williams, 1966","Callinectes similis","","US","Nueces Estuary","Texas","PRESENT",NA,"c3ad790a-d426-4ac1-8e32-da61f81f0117",27.770278,-97.341944,100,NA,NA,NA,3.7,0,"2007-03-09T08:36",9,3,2007,2225642,2225642,"HUMAN_OBSERVATION","TPWD","Corpus Christi Bay Trawl",NA,NA,"",NA,"CC0_1_0","","TPWD",NA,NA,2025-02-01 02:12:04.459,"","GEODETIC_DATUM_INVALID;GEODETIC_DATUM_ASSUMED_WGS84;CONTINENT_DERIVED_FROM_COORDINATES;OCCURRENCE_STATUS_UNPARSABLE"
1271508093,"f42d2be3-1264-4b68-a3bd-39363bcc437f","1111564600","Animalia","Arthropoda","Malacostraca","Decapoda","Portunidae","Callinectes","Callinectes similis",NA,"SPECIES","Callinectes similis Williams, 1966","Callinectes similis","","US","Nueces Estuary","Texas","PRESENT",NA,"c3ad790a-d426-4ac1-8e32-da61f81f0117",27.793611,-97.190278,100,NA,NA,NA,3.2,0.2,"2008-05-08T13:27",8,5,2008,2225642,2225642,"HUMAN_OBSERVATION","TPWD","Corpus Christi Bay Trawl",NA,NA,"",NA,"CC0_1_0","","TPWD",NA,NA,2025-02-01 02:12:04.404,"","GEODETIC_DATUM_INVALID;GEODETIC_DATUM_ASSUMED_WGS84;CONTINENT_DERIVED_FROM_COORDINATES;DEPTH_MIN_MAX_SWAPPED;OCCURRENCE_STATUS_UNPARSABLE"
1271508089,"f42d2be3-1264-4b68-a3bd-39363bcc437f","1111566305","Animalia","Arthropoda","Malacostraca","Decapoda","Portunidae","Callinectes","Callinectes similis",NA,"SPECIES","Callinectes similis Williams, 1966","Callinectes similis","","US","Nueces Estuary","Texas","PRESENT",NA,"c3ad790a-d426-4ac1-8e32-da61f81f0117",27.742222,-97.290278,100,NA,NA,NA,4.3,0,"2007-05-03T12:03",3,5,2007,2225642,2225642,"HUMAN_OBSERVATION","TPWD","Corpus Christi Bay Trawl",NA,NA,"",NA,"CC0_1_0","","TPWD",NA,NA,2025-02-01 02:12:04.195,"","GEODETIC_DATUM_INVALID;GEODETIC_DATUM_ASSUMED_WGS84;CONTINENT_DERIVED_FROM_COORDINATES;OCCURRENCE_STATUS_UNPARSABLE"
1271508088,"f42d2be3-1264-4b68-a3bd-39363bcc437f","1111566224","Animalia","Arthropoda","Malacostraca","Decapoda","Portunidae","Callinectes","Callinectes similis",NA,"SPECIES","Callinectes similis Williams, 1966","Callinectes similis","","US","Nueces Estuary","Texas","PRESENT",NA,"c3ad790a-d426-4ac1-8e32-da61f81f0117",27.740278,-97.309167,100,NA,NA,NA,4.15,0.15,"2006-12-19T11:10",19,12,2006,2225642,2225642,"HUMAN_OBSERVATION","TPWD","Corpus Christi Bay Trawl",NA,NA,"",NA,"CC0_1_0","","TPWD",NA,NA,2025-02-01 02:12:04.204,"","GEODETIC_DATUM_INVALID;GEODETIC_DATUM_ASSUMED_WGS84;CONTINENT_DERIVED_FROM_COORDINATES;DEPTH_MIN_MAX_SWAPPED;OCCURRENCE_STATUS_UNPARSABLE"
1271508080,"f42d2be3-1264-4b68-a3bd-39363bcc437f","1111565903","Animalia","Arthropoda","Malacostraca","Decapoda","Portunidae","Callinectes","Callinectes similis",NA,"SPECIES","Callinectes similis Williams, 1966","Callinectes similis","","US","Nueces Estuary","Texas","PRESENT",NA,"c3ad790a-d426-4ac1-8e32-da61f81f0117",27.755833,-97.208056,100,NA,NA,NA,3.2,0.2,"2005-04-07T11:47",7,4,2005,2225642,2225642,"HUMAN_OBSERVATION","TPWD","Corpus Christi Bay Trawl",NA,NA,"",NA,"CC0_1_0","","TPWD",NA,NA,2025-02-01 02:12:03.558,"","GEODETIC_DATUM_INVALID;GEODETIC_DATUM_ASSUMED_WGS84;CONTINENT_DERIVED_FROM_COORDINATES;DEPTH_MIN_MAX_SWAPPED;OCCURRENCE_STATUS_UNPARSABLE"
1271508069,"f42d2be3-1264-4b68-a3bd-39363bcc437f","1111566217","Animalia","Arthropoda","Malacostraca","Decapoda","Portunidae","Callinectes","Callinectes similis",NA,"SPECIES","Callinectes similis Williams, 1966","Callinectes similis","","US","Nueces Estuary","Texas","PRESENT",NA,"c3ad790a-d426-4ac1-8e32-da61f81f0117",27.744444,-97.323333,100,NA,NA,NA,3.4,0,"2007-06-11T09:52",11,6,2007,2225642,2225642,"HUMAN_OBSERVATION","TPWD","Corpus Christi Bay Trawl",NA,NA,"",NA,"CC0_1_0","","TPWD",NA,NA,2025-02-01 02:12:04.204,"","GEODETIC_DATUM_INVALID;GEODETIC_DATUM_ASSUMED_WGS84;CONTINENT_DERIVED_FROM_COORDINATES;OCCURRENCE_STATUS_UNPARSABLE"
1271508054,"f42d2be3-1264-4b68-a3bd-39363bcc437f","1111564379","Animalia","Arthropoda","Malacostraca","Decapoda","Portunidae","Callinectes","Callinectes similis",NA,"SPECIES","Callinectes similis Williams, 1966","Callinectes similis","","US","Nueces Estuary","Texas","PRESENT",NA,"c3ad790a-d426-4ac1-8e32-da61f81f0117",27.79,-97.258333,100,NA,NA,NA,3.85,0.15,"2006-08-03T12:46",3,8,2006,2225642,2225642,"HUMAN_OBSERVATION","TPWD","Corpus Christi Bay Trawl",NA,NA,"",NA,"CC0_1_0","","TPWD",NA,NA,2025-02-01 02:12:04.371,"","GEODETIC_DATUM_INVALID;GEODETIC_DATUM_ASSUMED_WGS84;CONTINENT_DERIVED_FROM_COORDINATES;DEPTH_MIN_MAX_SWAPPED;OCCURRENCE_STATUS_UNPARSABLE"
1271508051,"f42d2be3-1264-4b68-a3bd-39363bcc437f","1111566216","Animalia","Arthropoda","Malacostraca","Decapoda","Portunidae","Callinectes","Callinectes similis",NA,"SPECIES","Callinectes similis Williams, 1966","Callinectes similis","","US","Nueces Estuary","Texas","PRESENT",NA,"c3ad790a-d426-4ac1-8e32-da61f81f0117",27.743889,-97.325833,100,NA,NA,NA,4.3,0,"2007-05-03T11:15",3,5,2007,2225642,2225642,"HUMAN_OBSERVATION","TPWD","Corpus Christi Bay Trawl",NA,NA,"",NA,"CC0_1_0","","TPWD",NA,NA,2025-02-01 02:12:04.204,"","GEODETIC_DATUM_INVALID;GEODETIC_DATUM_ASSUMED_WGS84;CONTINENT_DERIVED_FROM_COORDINATES;OCCURRENCE_STATUS_UNPARSABLE"
1271508049,"f42d2be3-1264-4b68-a3bd-39363bcc437f","1111566303","Animalia","Arthropoda","Malacostraca","Decapoda","Portunidae","Callinectes","Callinectes similis",NA,"SPECIES","Callinectes similis Williams, 1966","Callinectes similis","","US","Nueces Estuary","Texas","PRESENT",NA,"c3ad790a-d426-4ac1-8e32-da61f81f0117",27.741667,-97.292222,100,NA,NA,NA,4.1,0,"2008-09-09T13:22",9,9,2008,2225642,2225642,"HUMAN_OBSERVATION","TPWD","Corpus Christi Bay Trawl",NA,NA,"",NA,"CC0_1_0","","TPWD",NA,NA,2025-02-01 02:12:04.196,"","GEODETIC_DATUM_INVALID;GEODETIC_DATUM_ASSUMED_WGS84;CONTINENT_DERIVED_FROM_COORDINATES;OCCURRENCE_STATUS_UNPARSABLE"
1271508044,"f42d2be3-1264-4b68-a3bd-39363bcc437f","1111564474","Animalia","Arthropoda","Malacostraca","Decapoda","Portunidae","Callinectes","Callinectes similis",NA,"SPECIES","Callinectes similis Williams, 1966","Callinectes similis","","US","Nueces Estuary","Texas","PRESENT",NA,"c3ad790a-d426-4ac1-8e32-da61f81f0117",27.791667,-97.224444,100,NA,NA,NA,1.9,0,"2008-11-07T13:17",7,11,2008,2225642,2225642,"HUMAN_OBSERVATION","TPWD","Corpus Christi Bay Trawl",NA,NA,"",NA,"CC0_1_0","","TPWD",NA,NA,2025-02-01 02:12:04.358,"","GEODETIC_DATUM_INVALID;GEODETIC_DATUM_ASSUMED_WGS84;CONTINENT_DERIVED_FROM_COORDINATES;OCCURRENCE_STATUS_UNPARSABLE"
1271508032,"f42d2be3-1264-4b68-a3bd-39363bcc437f","1111566215","Animalia","Arthropoda","Malacostraca","Decapoda","Portunidae","Callinectes","Callinectes similis",NA,"SPECIES","Callinectes similis Williams, 1966","Callinectes similis","","US","Nueces Estuary","Texas","PRESENT",NA,"c3ad790a-d426-4ac1-8e32-da61f81f0117",27.743333,-97.3275,100,NA,NA,NA,3.9,0,"2006-10-24T11:39",24,10,2006,2225642,2225642,"HUMAN_OBSERVATION","TPWD","Corpus Christi Bay Trawl",NA,NA,"",NA,"CC0_1_0","","TPWD",NA,NA,2025-02-01 02:12:04.204,"","GEODETIC_DATUM_INVALID;GEODETIC_DATUM_ASSUMED_WGS84;CONTINENT_DERIVED_FROM_COORDINATES;OCCURRENCE_STATUS_UNPARSABLE"
1271508000,"f42d2be3-1264-4b68-a3bd-39363bcc437f","1111564468","Animalia","Arthropoda","Malacostraca","Decapoda","Portunidae","Callinectes","Callinectes similis",NA,"SPECIES","Callinectes similis Williams, 1966","Callinectes similis","","US","Nueces Estuary","Texas","PRESENT",NA,"c3ad790a-d426-4ac1-8e32-da61f81f0117",27.790556,-97.221944,100,NA,NA,NA,3.65,0.05,"2008-12-09T12:58",9,12,2008,2225642,2225642,"HUMAN_OBSERVATION","TPWD","Corpus Christi Bay Trawl",NA,NA,"",NA,"CC0_1_0","","TPWD",NA,NA,2025-02-01 02:12:04.359,"","GEODETIC_DATUM_INVALID;GEODETIC_DATUM_ASSUMED_WGS84;CONTINENT_DERIVED_FROM_COORDINATES;DEPTH_MIN_MAX_SWAPPED;OCCURRENCE_STATUS_UNPARSABLE"
1271507991,"f42d2be3-1264-4b68-a3bd-39363bcc437f","1111564365","Animalia","Arthropoda","Malacostraca","Decapoda","Portunidae","Callinectes","Callinectes similis",NA,"SPECIES","Callinectes similis Williams, 1966","Callinectes similis","","US","Nueces Estuary","Texas","PRESENT",NA,"c3ad790a-d426-4ac1-8e32-da61f81f0117",27.791944,-97.275833,100,NA,NA,NA,3.55,0.15,"2006-04-07T08:02",7,4,2006,2225642,2225642,"HUMAN_OBSERVATION","TPWD","Corpus Christi Bay Trawl",NA,NA,"",NA,"CC0_1_0","","TPWD",NA,NA,2025-02-01 02:12:04.334,"","GEODETIC_DATUM_INVALID;GEODETIC_DATUM_ASSUMED_WGS84;DEPTH_MIN_MAX_SWAPPED;OCCURRENCE_STATUS_UNPARSABLE"
1271507983,"f42d2be3-1264-4b68-a3bd-39363bcc437f","1111564714","Animalia","Arthropoda","Malacostraca","Decapoda","Portunidae","Callinectes","Callinectes similis",NA,"SPECIES","Callinectes similis Williams, 1966","Callinectes similis","","US","Nueces Estuary","Texas","PRESENT",NA,"c3ad790a-d426-4ac1-8e32-da61f81f0117",27.790833,-97.1425,100,NA,NA,NA,2.7,0,"2005-11-19T12:27",19,11,2005,2225642,2225642,"HUMAN_OBSERVATION","TPWD","Corpus Christi Bay Trawl",NA,NA,"",NA,"CC0_1_0","","TPWD",NA,NA,2025-02-01 02:12:04.429,"","GEODETIC_DATUM_INVALID;GEODETIC_DATUM_ASSUMED_WGS84;CONTINENT_DERIVED_FROM_COORDINATES;OCCURRENCE_STATUS_UNPARSABLE"
1271507976,"f42d2be3-1264-4b68-a3bd-39363bcc437f","1111566048","Animalia","Arthropoda","Malacostraca","Decapoda","Portunidae","Callinectes","Callinectes similis",NA,"SPECIES","Callinectes similis Williams, 1966","Callinectes similis","","US","Nueces Estuary","Texas","PRESENT",NA,"c3ad790a-d426-4ac1-8e32-da61f81f0117",27.756667,-97.161944,100,NA,NA,NA,2.25,0.15,"2006-06-21T13:39",21,6,2006,2225642,2225642,"HUMAN_OBSERVATION","TPWD","Corpus Christi Bay Trawl",NA,NA,"",NA,"CC0_1_0","","TPWD",NA,NA,2025-02-01 02:12:04.162,"","GEODETIC_DATUM_INVALID;GEODETIC_DATUM_ASSUMED_WGS84;CONTINENT_DERIVED_FROM_COORDINATES;DEPTH_MIN_MAX_SWAPPED;OCCURRENCE_STATUS_UNPARSABLE"
1271507974,"f42d2be3-1264-4b68-a3bd-39363bcc437f","1111565416","Animalia","Arthropoda","Malacostraca","Decapoda","Portunidae","Callinectes","Callinectes similis",NA,"SPECIES","Callinectes similis Williams, 1966","Callinectes similis","","US","Nueces Estuary","Texas","PRESENT",NA,"c3ad790a-d426-4ac1-8e32-da61f81f0117",27.776944,-97.156389,100,NA,NA,NA,3,0,"2006-06-02T10:57",2,6,2006,2225642,2225642,"HUMAN_OBSERVATION","TPWD","Corpus Christi Bay Trawl",NA,NA,"",NA,"CC0_1_0","","TPWD",NA,NA,2025-02-01 02:12:03.385,"","GEODETIC_DATUM_INVALID;GEODETIC_DATUM_ASSUMED_WGS84;CONTINENT_DERIVED_FROM_COORDINATES;OCCURRENCE_STATUS_UNPARSABLE"
1271507971,"f42d2be3-1264-4b68-a3bd-39363bcc437f","1111564363","Animalia","Arthropoda","Malacostraca","Decapoda","Portunidae","Callinectes","Callinectes similis",NA,"SPECIES","Callinectes similis Williams, 1966","Callinectes similis","","US","Nueces Estuary","Texas","PRESENT",NA,"c3ad790a-d426-4ac1-8e32-da61f81f0117",27.791667,-97.275,100,NA,NA,NA,4,0,"2008-04-11T10:11",11,4,2008,2225642,2225642,"HUMAN_OBSERVATION","TPWD","Corpus Christi Bay Trawl",NA,NA,"",NA,"CC0_1_0","","TPWD",NA,NA,2025-02-01 02:12:04.333,"","GEODETIC_DATUM_INVALID;GEODETIC_DATUM_ASSUMED_WGS84;OCCURRENCE_STATUS_UNPARSABLE"
1271507958,"f42d2be3-1264-4b68-a3bd-39363bcc437f","1111565259","Animalia","Arthropoda","Malacostraca","Decapoda","Portunidae","Callinectes","Callinectes similis",NA,"SPECIES","Callinectes similis Williams, 1966","Callinectes similis","","US","Nueces Estuary","Texas","PRESENT",NA,"c3ad790a-d426-4ac1-8e32-da61f81f0117",27.773611,-97.2075,100,NA,NA,NA,2.85,0.15,"2006-02-23T10:24",23,2,2006,2225642,2225642,"HUMAN_OBSERVATION","TPWD","Corpus Christi Bay Trawl",NA,NA,"",NA,"CC0_1_0","","TPWD",NA,NA,2025-02-01 02:12:05.303,"","GEODETIC_DATUM_INVALID;GEODETIC_DATUM_ASSUMED_WGS84;CONTINENT_DERIVED_FROM_COORDINATES;DEPTH_MIN_MAX_SWAPPED;OCCURRENCE_STATUS_UNPARSABLE"
1271507944,"f42d2be3-1264-4b68-a3bd-39363bcc437f","1111564712","Animalia","Arthropoda","Malacostraca","Decapoda","Portunidae","Callinectes","Callinectes similis",NA,"SPECIES","Callinectes similis Williams, 1966","Callinectes similis","","US","Nueces Estuary","Texas","PRESENT",NA,"c3ad790a-d426-4ac1-8e32-da61f81f0117",27.790833,-97.141667,100,NA,NA,NA,3,0,"2007-05-16T13:15",16,5,2007,2225642,2225642,"HUMAN_OBSERVATION","TPWD","Corpus Christi Bay Trawl",NA,NA,"",NA,"CC0_1_0","","TPWD",NA,NA,2025-02-01 02:12:04.43,"","GEODETIC_DATUM_INVALID;GEODETIC_DATUM_ASSUMED_WGS84;CONTINENT_DERIVED_FROM_COORDINATES;OCCURRENCE_STATUS_UNPARSABLE"
1271507936,"f42d2be3-1264-4b68-a3bd-39363bcc437f","1111564275","Animalia","Arthropoda","Malacostraca","Decapoda","Portunidae","Callinectes","Callinectes similis",NA,"SPECIES","Callinectes similis Williams, 1966","Callinectes similis","","US","Nueces Estuary","Texas","PRESENT",NA,"c3ad790a-d426-4ac1-8e32-da61f81f0117",27.791111,-97.291667,100,NA,NA,NA,4.15,0.15,"2006-12-19T09:13",19,12,2006,2225642,2225642,"HUMAN_OBSERVATION","TPWD","Corpus Christi Bay Trawl",NA,NA,"",NA,"CC0_1_0","","TPWD",NA,NA,2025-02-01 02:12:04.346,"","GEODETIC_DATUM_INVALID;GEODETIC_DATUM_ASSUMED_WGS84;DEPTH_MIN_MAX_SWAPPED;OCCURRENCE_STATUS_UNPARSABLE"
1271507931,"f42d2be3-1264-4b68-a3bd-39363bcc437f","1111565161","Animalia","Arthropoda","Malacostraca","Decapoda","Portunidae","Callinectes","Callinectes similis",NA,"SPECIES","Callinectes similis Williams, 1966","Callinectes similis","","US","Nueces Estuary","Texas","PRESENT",NA,"c3ad790a-d426-4ac1-8e32-da61f81f0117",27.774722,-97.240278,100,NA,NA,NA,3.55,0.15,"2007-10-25T13:31",25,10,2007,2225642,2225642,"HUMAN_OBSERVATION","TPWD","Corpus Christi Bay Trawl",NA,NA,"",NA,"CC0_1_0","","TPWD",NA,NA,2025-02-01 02:12:05.272,"","GEODETIC_DATUM_INVALID;GEODETIC_DATUM_ASSUMED_WGS84;CONTINENT_DERIVED_FROM_COORDINATES;DEPTH_MIN_MAX_SWAPPED;OCCURRENCE_STATUS_UNPARSABLE"
1271507926,"f42d2be3-1264-4b68-a3bd-39363bcc437f","1111564709","Animalia","Arthropoda","Malacostraca","Decapoda","Portunidae","Callinectes","Callinectes similis",NA,"SPECIES","Callinectes similis Williams, 1966","Callinectes similis","","US","Nueces Estuary","Texas","PRESENT",NA,"c3ad790a-d426-4ac1-8e32-da61f81f0117",27.790556,-97.141389,100,NA,NA,NA,2.85,0.15,"2006-06-02T11:25",2,6,2006,2225642,2225642,"HUMAN_OBSERVATION","TPWD","Corpus Christi Bay Trawl",NA,NA,"",NA,"CC0_1_0","","TPWD",NA,NA,2025-02-01 02:12:04.443,"","GEODETIC_DATUM_INVALID;GEODETIC_DATUM_ASSUMED_WGS84;CONTINENT_DERIVED_FROM_COORDINATES;DEPTH_MIN_MAX_SWAPPED;OCCURRENCE_STATUS_UNPARSABLE"
1271507923,"f42d2be3-1264-4b68-a3bd-39363bcc437f","1111565251","Animalia","Arthropoda","Malacostraca","Decapoda","Portunidae","Callinectes","Callinectes similis",NA,"SPECIES","Callinectes similis Williams, 1966","Callinectes similis","","US","Nueces Estuary","Texas","PRESENT",NA,"c3ad790a-d426-4ac1-8e32-da61f81f0117",27.770278,-97.206667,100,NA,NA,NA,3.4,0,"2007-06-27T12:01",27,6,2007,2225642,2225642,"HUMAN_OBSERVATION","TPWD","Corpus Christi Bay Trawl",NA,NA,"",NA,"CC0_1_0","","TPWD",NA,NA,2025-02-01 02:12:05.302,"","GEODETIC_DATUM_INVALID;GEODETIC_DATUM_ASSUMED_WGS84;CONTINENT_DERIVED_FROM_COORDINATES;OCCURRENCE_STATUS_UNPARSABLE"
1271507921,"f42d2be3-1264-4b68-a3bd-39363bcc437f","1111564274","Animalia","Arthropoda","Malacostraca","Decapoda","Portunidae","Callinectes","Callinectes similis",NA,"SPECIES","Callinectes similis Williams, 1966","Callinectes similis","","US","Nueces Estuary","Texas","PRESENT",NA,"c3ad790a-d426-4ac1-8e32-da61f81f0117",27.791111,-97.29,100,NA,NA,NA,3.9,0,"2005-06-09T11:11",9,6,2005,2225642,2225642,"HUMAN_OBSERVATION","TPWD","Corpus Christi Bay Trawl",NA,NA,"",NA,"CC0_1_0","","TPWD",NA,NA,2025-02-01 02:12:04.346,"","GEODETIC_DATUM_INVALID;GEODETIC_DATUM_ASSUMED_WGS84;OCCURRENCE_STATUS_UNPARSABLE"
1271507911,"f42d2be3-1264-4b68-a3bd-39363bcc437f","1111565157","Animalia","Arthropoda","Malacostraca","Decapoda","Portunidae","Callinectes","Callinectes similis",NA,"SPECIES","Callinectes similis Williams, 1966","Callinectes similis","","US","Nueces Estuary","Texas","PRESENT",NA,"c3ad790a-d426-4ac1-8e32-da61f81f0117",27.773889,-97.240556,100,NA,NA,NA,4,0,"2008-05-08T11:55",8,5,2008,2225642,2225642,"HUMAN_OBSERVATION","TPWD","Corpus Christi Bay Trawl",NA,NA,"",NA,"CC0_1_0","","TPWD",NA,NA,2025-02-01 02:12:05.27,"","GEODETIC_DATUM_INVALID;GEODETIC_DATUM_ASSUMED_WGS84;CONTINENT_DERIVED_FROM_COORDINATES;OCCURRENCE_STATUS_UNPARSABLE"
1271507910,"f42d2be3-1264-4b68-a3bd-39363bcc437f","1111564966","Animalia","Arthropoda","Malacostraca","Decapoda","Portunidae","Callinectes","Callinectes similis",NA,"SPECIES","Callinectes similis Williams, 1966","Callinectes similis","","US","Nueces Estuary","Texas","PRESENT",NA,"c3ad790a-d426-4ac1-8e32-da61f81f0117",27.774722,-97.307222,100,NA,NA,NA,4.3,0,"2007-05-03T09:47",3,5,2007,2225642,2225642,"HUMAN_OBSERVATION","TPWD","Corpus Christi Bay Trawl",NA,NA,"",NA,"CC0_1_0","","TPWD",NA,NA,2025-02-01 02:12:04.48,"","GEODETIC_DATUM_INVALID;GEODETIC_DATUM_ASSUMED_WGS84;OCCURRENCE_STATUS_UNPARSABLE"
1271507890,"f42d2be3-1264-4b68-a3bd-39363bcc437f","1111565154","Animalia","Arthropoda","Malacostraca","Decapoda","Portunidae","Callinectes","Callinectes similis",NA,"SPECIES","Callinectes similis Williams, 1966","Callinectes similis","","US","Nueces Estuary","Texas","PRESENT",NA,"c3ad790a-d426-4ac1-8e32-da61f81f0117",27.772778,-97.239722,100,NA,NA,NA,4.3,0,"2007-04-03T16:33",3,4,2007,2225642,2225642,"HUMAN_OBSERVATION","TPWD","Corpus Christi Bay Trawl",NA,NA,"",NA,"CC0_1_0","","TPWD",NA,NA,2025-02-01 02:12:05.27,"","GEODETIC_DATUM_INVALID;GEODETIC_DATUM_ASSUMED_WGS84;CONTINENT_DERIVED_FROM_COORDINATES;OCCURRENCE_STATUS_UNPARSABLE"
1271507882,"f42d2be3-1264-4b68-a3bd-39363bcc437f","1111565574","Animalia","Arthropoda","Malacostraca","Decapoda","Portunidae","Callinectes","Callinectes similis",NA,"SPECIES","Callinectes similis Williams, 1966","Callinectes similis","","US","Nueces Estuary","Texas","PRESENT",NA,"c3ad790a-d426-4ac1-8e32-da61f81f0117",27.7575,-97.324444,100,NA,NA,NA,3.85,0.15,"2007-12-18T08:46",18,12,2007,2225642,2225642,"HUMAN_OBSERVATION","TPWD","Corpus Christi Bay Trawl",NA,NA,"",NA,"CC0_1_0","","TPWD",NA,NA,2025-02-01 02:12:03.421,"","GEODETIC_DATUM_INVALID;GEODETIC_DATUM_ASSUMED_WGS84;CONTINENT_DERIVED_FROM_COORDINATES;DEPTH_MIN_MAX_SWAPPED;OCCURRENCE_STATUS_UNPARSABLE"
1271507880,"f42d2be3-1264-4b68-a3bd-39363bcc437f","1111565248","Animalia","Arthropoda","Malacostraca","Decapoda","Portunidae","Callinectes","Callinectes similis",NA,"SPECIES","Callinectes similis Williams, 1966","Callinectes similis","","US","Nueces Estuary","Texas","PRESENT",NA,"c3ad790a-d426-4ac1-8e32-da61f81f0117",27.778056,-97.224722,100,NA,NA,NA,3.65,0.05,"2008-08-11T13:15",11,8,2008,2225642,2225642,"HUMAN_OBSERVATION","TPWD","Corpus Christi Bay Trawl",NA,NA,"",NA,"CC0_1_0","","TPWD",NA,NA,2025-02-01 02:12:05.302,"","GEODETIC_DATUM_INVALID;GEODETIC_DATUM_ASSUMED_WGS84;CONTINENT_DERIVED_FROM_COORDINATES;DEPTH_MIN_MAX_SWAPPED;OCCURRENCE_STATUS_UNPARSABLE"
1271507878,"f42d2be3-1264-4b68-a3bd-39363bcc437f","1111566370","Animalia","Arthropoda","Malacostraca","Decapoda","Portunidae","Callinectes","Callinectes similis",NA,"SPECIES","Callinectes similis Williams, 1966","Callinectes similis","","US","Nueces Estuary","Texas","PRESENT",NA,"c3ad790a-d426-4ac1-8e32-da61f81f0117",27.741667,-97.256667,100,NA,NA,NA,4.3,0,"2007-05-03T12:56",3,5,2007,2225642,2225642,"HUMAN_OBSERVATION","TPWD","Corpus Christi Bay Trawl",NA,NA,"",NA,"CC0_1_0","","TPWD",NA,NA,2025-02-01 02:12:04.229,"","GEODETIC_DATUM_INVALID;GEODETIC_DATUM_ASSUMED_WGS84;CONTINENT_DERIVED_FROM_COORDINATES;OCCURRENCE_STATUS_UNPARSABLE"
1271507873,"f42d2be3-1264-4b68-a3bd-39363bcc437f","1111564698","Animalia","Arthropoda","Malacostraca","Decapoda","Portunidae","Callinectes","Callinectes similis",NA,"SPECIES","Callinectes similis Williams, 1966","Callinectes similis","","US","Nueces Estuary","Texas","PRESENT",NA,"c3ad790a-d426-4ac1-8e32-da61f81f0117",27.793611,-97.158611,100,NA,NA,NA,2.85,0.15,"2005-08-17T10:26",17,8,2005,2225642,2225642,"HUMAN_OBSERVATION","TPWD","Corpus Christi Bay Trawl",NA,NA,"",NA,"CC0_1_0","","TPWD",NA,NA,2025-02-01 02:12:04.409,"","GEODETIC_DATUM_INVALID;GEODETIC_DATUM_ASSUMED_WGS84;CONTINENT_DERIVED_FROM_COORDINATES;DEPTH_MIN_MAX_SWAPPED;OCCURRENCE_STATUS_UNPARSABLE"
1271507869,"f42d2be3-1264-4b68-a3bd-39363bcc437f","1111565146","Animalia","Arthropoda","Malacostraca","Decapoda","Portunidae","Callinectes","Callinectes similis",NA,"SPECIES","Callinectes similis Williams, 1966","Callinectes similis","","US","Nueces Estuary","Texas","PRESENT",NA,"c3ad790a-d426-4ac1-8e32-da61f81f0117",27.7775,-97.251389,100,NA,NA,NA,3.7,0,"2005-05-02T11:19",2,5,2005,2225642,2225642,"HUMAN_OBSERVATION","TPWD","Corpus Christi Bay Trawl",NA,NA,"",NA,"CC0_1_0","","TPWD",NA,NA,2025-02-01 02:12:05.273,"","GEODETIC_DATUM_INVALID;GEODETIC_DATUM_ASSUMED_WGS84;CONTINENT_DERIVED_FROM_COORDINATES;OCCURRENCE_STATUS_UNPARSABLE"
1271507862,"f42d2be3-1264-4b68-a3bd-39363bcc437f","1111565566","Animalia","Arthropoda","Malacostraca","Decapoda","Portunidae","Callinectes","Callinectes similis",NA,"SPECIES","Callinectes similis Williams, 1966","Callinectes similis","","US","Nueces Estuary","Texas","PRESENT",NA,"c3ad790a-d426-4ac1-8e32-da61f81f0117",27.759444,-97.342222,100,NA,NA,NA,4,0,"2008-04-11T09:15",11,4,2008,2225642,2225642,"HUMAN_OBSERVATION","TPWD","Corpus Christi Bay Trawl",NA,NA,"",NA,"CC0_1_0","","TPWD",NA,NA,2025-02-01 02:12:03.421,"","GEODETIC_DATUM_INVALID;GEODETIC_DATUM_ASSUMED_WGS84;CONTINENT_DERIVED_FROM_COORDINATES;OCCURRENCE_STATUS_UNPARSABLE"
1271507857,"f42d2be3-1264-4b68-a3bd-39363bcc437f","1111566369","Animalia","Arthropoda","Malacostraca","Decapoda","Portunidae","Callinectes","Callinectes similis",NA,"SPECIES","Callinectes similis Williams, 1966","Callinectes similis","","US","Nueces Estuary","Texas","PRESENT",NA,"c3ad790a-d426-4ac1-8e32-da61f81f0117",27.741389,-97.259167,100,NA,NA,NA,3.55,0.15,"2006-05-01T11:06",1,5,2006,2225642,2225642,"HUMAN_OBSERVATION","TPWD","Corpus Christi Bay Trawl",NA,NA,"",NA,"CC0_1_0","","TPWD",NA,NA,2025-02-01 02:12:04.23,"","GEODETIC_DATUM_INVALID;GEODETIC_DATUM_ASSUMED_WGS84;CONTINENT_DERIVED_FROM_COORDINATES;DEPTH_MIN_MAX_SWAPPED;OCCURRENCE_STATUS_UNPARSABLE"
1271507853,"f42d2be3-1264-4b68-a3bd-39363bcc437f","1111564264","Animalia","Arthropoda","Malacostraca","Decapoda","Portunidae","Callinectes","Callinectes similis",NA,"SPECIES","Callinectes similis Williams, 1966","Callinectes similis","","US","Nueces Estuary","Texas","PRESENT",NA,"c3ad790a-d426-4ac1-8e32-da61f81f0117",27.792222,-97.310278,100,NA,NA,NA,3.4,0,"2006-04-07T08:25",7,4,2006,2225642,2225642,"HUMAN_OBSERVATION","TPWD","Corpus Christi Bay Trawl",NA,NA,"",NA,"CC0_1_0","","TPWD",NA,NA,2025-02-01 02:12:04.345,"","GEODETIC_DATUM_INVALID;GEODETIC_DATUM_ASSUMED_WGS84;OCCURRENCE_STATUS_UNPARSABLE"
1271507840,"f42d2be3-1264-4b68-a3bd-39363bcc437f","1111565241","Animalia","Arthropoda","Malacostraca","Decapoda","Portunidae","Callinectes","Callinectes similis",NA,"SPECIES","Callinectes similis Williams, 1966","Callinectes similis","","US","Nueces Estuary","Texas","PRESENT",NA,"c3ad790a-d426-4ac1-8e32-da61f81f0117",27.775278,-97.224167,100,NA,NA,NA,3.75,0.0499999999999998,"2008-12-09T13:26",9,12,2008,2225642,2225642,"HUMAN_OBSERVATION","TPWD","Corpus Christi Bay Trawl",NA,NA,"",NA,"CC0_1_0","","TPWD",NA,NA,2025-02-01 02:12:05.304,"","GEODETIC_DATUM_INVALID;GEODETIC_DATUM_ASSUMED_WGS84;CONTINENT_DERIVED_FROM_COORDINATES;DEPTH_MIN_MAX_SWAPPED;OCCURRENCE_STATUS_UNPARSABLE"
1271507837,"f42d2be3-1264-4b68-a3bd-39363bcc437f","1111566363","Animalia","Arthropoda","Malacostraca","Decapoda","Portunidae","Callinectes","Callinectes similis",NA,"SPECIES","Callinectes similis Williams, 1966","Callinectes similis","","US","Nueces Estuary","Texas","PRESENT",NA,"c3ad790a-d426-4ac1-8e32-da61f81f0117",27.740278,-97.258889,100,NA,NA,NA,4.15,0.15,"2006-07-19T10:28",19,7,2006,2225642,2225642,"HUMAN_OBSERVATION","TPWD","Corpus Christi Bay Trawl",NA,NA,"",NA,"CC0_1_0","","TPWD",NA,NA,2025-02-01 02:12:04.228,"","GEODETIC_DATUM_INVALID;GEODETIC_DATUM_ASSUMED_WGS84;CONTINENT_DERIVED_FROM_COORDINATES;DEPTH_MIN_MAX_SWAPPED;OCCURRENCE_STATUS_UNPARSABLE"
1271507832,"f42d2be3-1264-4b68-a3bd-39363bcc437f","1111564261","Animalia","Arthropoda","Malacostraca","Decapoda","Portunidae","Callinectes","Callinectes similis",NA,"SPECIES","Callinectes similis Williams, 1966","Callinectes similis","","US","Nueces Estuary","Texas","PRESENT",NA,"c3ad790a-d426-4ac1-8e32-da61f81f0117",27.791944,-97.308333,100,NA,NA,NA,3.55,0.15,"2006-01-18T10:11",18,1,2006,2225642,2225642,"HUMAN_OBSERVATION","TPWD","Corpus Christi Bay Trawl",NA,NA,"",NA,"CC0_1_0","","TPWD",NA,NA,2025-02-01 02:12:04.345,"","GEODETIC_DATUM_INVALID;GEODETIC_DATUM_ASSUMED_WGS84;DEPTH_MIN_MAX_SWAPPED;OCCURRENCE_STATUS_UNPARSABLE"
1271507828,"f42d2be3-1264-4b68-a3bd-39363bcc437f","1111564690","Animalia","Arthropoda","Malacostraca","Decapoda","Portunidae","Callinectes","Callinectes similis",NA,"SPECIES","Callinectes similis Williams, 1966","Callinectes similis","","US","Nueces Estuary","Texas","PRESENT",NA,"c3ad790a-d426-4ac1-8e32-da61f81f0117",27.791944,-97.158611,100,NA,NA,NA,3.4,0,"2007-03-29T11:44",29,3,2007,2225642,2225642,"HUMAN_OBSERVATION","TPWD","Corpus Christi Bay Trawl",NA,NA,"",NA,"CC0_1_0","","TPWD",NA,NA,2025-02-01 02:12:04.414,"","GEODETIC_DATUM_INVALID;GEODETIC_DATUM_ASSUMED_WGS84;CONTINENT_DERIVED_FROM_COORDINATES;OCCURRENCE_STATUS_UNPARSABLE"
1271507820,"f42d2be3-1264-4b68-a3bd-39363bcc437f","1111565240","Animalia","Arthropoda","Malacostraca","Decapoda","Portunidae","Callinectes","Callinectes similis",NA,"SPECIES","Callinectes similis Williams, 1966","Callinectes similis","","US","Nueces Estuary","Texas","PRESENT",NA,"c3ad790a-d426-4ac1-8e32-da61f81f0117",27.775278,-97.221944,100,NA,NA,NA,3.55,0.15,"2006-04-17T10:18",17,4,2006,2225642,2225642,"HUMAN_OBSERVATION","TPWD","Corpus Christi Bay Trawl",NA,NA,"",NA,"CC0_1_0","","TPWD",NA,NA,2025-02-01 02:12:05.305,"","GEODETIC_DATUM_INVALID;GEODETIC_DATUM_ASSUMED_WGS84;CONTINENT_DERIVED_FROM_COORDINATES;DEPTH_MIN_MAX_SWAPPED;OCCURRENCE_STATUS_UNPARSABLE"
1271507815,"f42d2be3-1264-4b68-a3bd-39363bcc437f","1111565562","Animalia","Arthropoda","Malacostraca","Decapoda","Portunidae","Callinectes","Callinectes similis",NA,"SPECIES","Callinectes similis Williams, 1966","Callinectes similis","","US","Nueces Estuary","Texas","PRESENT",NA,"c3ad790a-d426-4ac1-8e32-da61f81f0117",27.758333,-97.342778,100,NA,NA,NA,4,0,"2008-06-02T10:07",2,6,2008,2225642,2225642,"HUMAN_OBSERVATION","TPWD","Corpus Christi Bay Trawl",NA,NA,"",NA,"CC0_1_0","","TPWD",NA,NA,2025-02-01 02:12:03.425,"","GEODETIC_DATUM_INVALID;GEODETIC_DATUM_ASSUMED_WGS84;CONTINENT_DERIVED_FROM_COORDINATES;OCCURRENCE_STATUS_UNPARSABLE"
1271507778,"f42d2be3-1264-4b68-a3bd-39363bcc437f","1111565671","Animalia","Arthropoda","Malacostraca","Decapoda","Portunidae","Callinectes","Callinectes similis",NA,"SPECIES","Callinectes similis Williams, 1966","Callinectes similis","","US","Nueces Estuary","Texas","PRESENT",NA,"c3ad790a-d426-4ac1-8e32-da61f81f0117",27.758056,-97.290833,100,NA,NA,NA,4.15,0.15,"2008-05-08T11:29",8,5,2008,2225642,2225642,"HUMAN_OBSERVATION","TPWD","Corpus Christi Bay Trawl",NA,NA,"",NA,"CC0_1_0","","TPWD",NA,NA,2025-02-01 02:12:03.461,"","GEODETIC_DATUM_INVALID;GEODETIC_DATUM_ASSUMED_WGS84;DEPTH_MIN_MAX_SWAPPED;OCCURRENCE_STATUS_UNPARSABLE"
1271507770,"f42d2be3-1264-4b68-a3bd-39363bcc437f","1111565037","Animalia","Arthropoda","Malacostraca","Decapoda","Portunidae","Callinectes","Callinectes similis",NA,"SPECIES","Callinectes similis Williams, 1966","Callinectes similis","","US","Nueces Estuary","Texas","PRESENT",NA,"c3ad790a-d426-4ac1-8e32-da61f81f0117",27.775278,-97.291667,100,NA,NA,NA,4.15,0.15,"2008-04-11T09:47",11,4,2008,2225642,2225642,"HUMAN_OBSERVATION","TPWD","Corpus Christi Bay Trawl",NA,NA,"",NA,"CC0_1_0","","TPWD",NA,NA,2025-02-01 02:12:05.246,"","GEODETIC_DATUM_INVALID;GEODETIC_DATUM_ASSUMED_WGS84;DEPTH_MIN_MAX_SWAPPED;OCCURRENCE_STATUS_UNPARSABLE"
1271507753,"f42d2be3-1264-4b68-a3bd-39363bcc437f","1111565669","Animalia","Arthropoda","Malacostraca","Decapoda","Portunidae","Callinectes","Callinectes similis",NA,"SPECIES","Callinectes similis Williams, 1966","Callinectes similis","","US","Nueces Estuary","Texas","PRESENT",NA,"c3ad790a-d426-4ac1-8e32-da61f81f0117",27.757778,-97.291667,100,NA,NA,NA,4.3,0,"2007-05-03T10:07",3,5,2007,2225642,2225642,"HUMAN_OBSERVATION","TPWD","Corpus Christi Bay Trawl",NA,NA,"",NA,"CC0_1_0","","TPWD",NA,NA,2025-02-01 02:12:03.46,"","GEODETIC_DATUM_INVALID;GEODETIC_DATUM_ASSUMED_WGS84;OCCURRENCE_STATUS_UNPARSABLE"
1271507751,"f42d2be3-1264-4b68-a3bd-39363bcc437f","1111564799","Animalia","Arthropoda","Malacostraca","Decapoda","Portunidae","Callinectes","Callinectes similis",NA,"SPECIES","Callinectes similis Williams, 1966","Callinectes similis","","US","Nueces Estuary","Texas","PRESENT",NA,"c3ad790a-d426-4ac1-8e32-da61f81f0117",27.796111,-97.13,100,NA,NA,NA,2.7,0,"2006-02-23T11:42",23,2,2006,2225642,2225642,"HUMAN_OBSERVATION","TPWD","Corpus Christi Bay Trawl",NA,NA,"",NA,"CC0_1_0","","TPWD",NA,NA,2025-02-01 02:12:04.44,"","GEODETIC_DATUM_INVALID;GEODETIC_DATUM_ASSUMED_WGS84;CONTINENT_DERIVED_FROM_COORDINATES;OCCURRENCE_STATUS_UNPARSABLE"
1271507728,"f42d2be3-1264-4b68-a3bd-39363bcc437f","1111564798","Animalia","Arthropoda","Malacostraca","Decapoda","Portunidae","Callinectes","Callinectes similis",NA,"SPECIES","Callinectes similis Williams, 1966","Callinectes similis","","US","Nueces Estuary","Texas","PRESENT",NA,"c3ad790a-d426-4ac1-8e32-da61f81f0117",27.795833,-97.125833,100,NA,NA,NA,2.4,0,"2005-06-22T12:40",22,6,2005,2225642,2225642,"HUMAN_OBSERVATION","TPWD","Corpus Christi Bay Trawl",NA,NA,"",NA,"CC0_1_0","","TPWD",NA,NA,2025-02-01 02:12:04.441,"","GEODETIC_DATUM_INVALID;GEODETIC_DATUM_ASSUMED_WGS84;CONTINENT_DERIVED_FROM_COORDINATES;OCCURRENCE_STATUS_UNPARSABLE"
1271507726,"f42d2be3-1264-4b68-a3bd-39363bcc437f","1111564171","Animalia","Arthropoda","Malacostraca","Decapoda","Portunidae","Callinectes","Callinectes similis",NA,"SPECIES","Callinectes similis Williams, 1966","Callinectes similis","","US","Nueces Estuary","Texas","PRESENT",NA,"c3ad790a-d426-4ac1-8e32-da61f81f0117",27.791667,-97.324722,100,NA,NA,NA,3.75,0.0499999999999998,"2008-12-09T11:12",9,12,2008,2225642,2225642,"HUMAN_OBSERVATION","TPWD","Corpus Christi Bay Trawl",NA,NA,"",NA,"CC0_1_0","","TPWD",NA,NA,2025-02-01 02:12:04.319,"","GEODETIC_DATUM_INVALID;GEODETIC_DATUM_ASSUMED_WGS84;CONTINENT_DERIVED_FROM_COORDINATES;DEPTH_MIN_MAX_SWAPPED;OCCURRENCE_STATUS_UNPARSABLE"
1271507722,"f42d2be3-1264-4b68-a3bd-39363bcc437f","1111566175","Animalia","Arthropoda","Malacostraca","Decapoda","Portunidae","Callinectes","Callinectes similis",NA,"SPECIES","Callinectes similis Williams, 1966","Callinectes similis","","US","Nueces Estuary","Texas","PRESENT",NA,"c3ad790a-d426-4ac1-8e32-da61f81f0117",27.740278,-97.326944,100,NA,NA,NA,4.15,0.15,"2007-10-10T10:10",10,10,2007,2225642,2225642,"HUMAN_OBSERVATION","TPWD","Corpus Christi Bay Trawl",NA,NA,"",NA,"CC0_1_0","","TPWD",NA,NA,2025-02-01 02:12:04.19,"","GEODETIC_DATUM_INVALID;GEODETIC_DATUM_ASSUMED_WGS84;CONTINENT_DERIVED_FROM_COORDINATES;DEPTH_MIN_MAX_SWAPPED;OCCURRENCE_STATUS_UNPARSABLE"
1271507711,"f42d2be3-1264-4b68-a3bd-39363bcc437f","1111565761","Animalia","Arthropoda","Malacostraca","Decapoda","Portunidae","Callinectes","Callinectes similis",NA,"SPECIES","Callinectes similis Williams, 1966","Callinectes similis","","US","Nueces Estuary","Texas","PRESENT",NA,"c3ad790a-d426-4ac1-8e32-da61f81f0117",27.764722,-97.277222,100,NA,NA,NA,3.55,0.15,"2005-08-02T10:54",2,8,2005,2225642,2225642,"HUMAN_OBSERVATION","TPWD","Corpus Christi Bay Trawl",NA,NA,"",NA,"CC0_1_0","","TPWD",NA,NA,2025-02-01 02:12:03.503,"","GEODETIC_DATUM_INVALID;GEODETIC_DATUM_ASSUMED_WGS84;DEPTH_MIN_MAX_SWAPPED;OCCURRENCE_STATUS_UNPARSABLE"
1271507707,"f42d2be3-1264-4b68-a3bd-39363bcc437f","1111565661","Animalia","Arthropoda","Malacostraca","Decapoda","Portunidae","Callinectes","Callinectes similis",NA,"SPECIES","Callinectes similis Williams, 1966","Callinectes similis","","US","Nueces Estuary","Texas","PRESENT",NA,"c3ad790a-d426-4ac1-8e32-da61f81f0117",27.761944,-97.303889,100,NA,NA,NA,3.7,0,"2006-01-03T12:01",3,1,2006,2225642,2225642,"HUMAN_OBSERVATION","TPWD","Corpus Christi Bay Trawl",NA,NA,"",NA,"CC0_1_0","","TPWD",NA,NA,2025-02-01 02:12:03.463,"","GEODETIC_DATUM_INVALID;GEODETIC_DATUM_ASSUMED_WGS84;OCCURRENCE_STATUS_UNPARSABLE"
1271507706,"f42d2be3-1264-4b68-a3bd-39363bcc437f","1111565990","Animalia","Arthropoda","Malacostraca","Decapoda","Portunidae","Callinectes","Callinectes similis",NA,"SPECIES","Callinectes similis Williams, 1966","Callinectes similis","","US","Nueces Estuary","Texas","PRESENT",NA,"c3ad790a-d426-4ac1-8e32-da61f81f0117",27.759167,-97.19,100,NA,NA,NA,2.7,0.3,"2005-08-17T09:42",17,8,2005,2225642,2225642,"HUMAN_OBSERVATION","TPWD","Corpus Christi Bay Trawl",NA,NA,"",NA,"CC0_1_0","","TPWD",NA,NA,2025-02-01 02:12:03.567,"","GEODETIC_DATUM_INVALID;GEODETIC_DATUM_ASSUMED_WGS84;CONTINENT_DERIVED_FROM_COORDINATES;DEPTH_MIN_MAX_SWAPPED;OCCURRENCE_STATUS_UNPARSABLE"
1271507697,"f42d2be3-1264-4b68-a3bd-39363bcc437f","1111566172","Animalia","Arthropoda","Malacostraca","Decapoda","Portunidae","Callinectes","Callinectes similis",NA,"SPECIES","Callinectes similis Williams, 1966","Callinectes similis","","US","Nueces Estuary","Texas","PRESENT",NA,"c3ad790a-d426-4ac1-8e32-da61f81f0117",27.746944,-97.341944,100,NA,NA,NA,4,0,"2007-01-10T10:53",10,1,2007,2225642,2225642,"HUMAN_OBSERVATION","TPWD","Corpus Christi Bay Trawl",NA,NA,"",NA,"CC0_1_0","","TPWD",NA,NA,2025-02-01 02:12:04.189,"","GEODETIC_DATUM_INVALID;GEODETIC_DATUM_ASSUMED_WGS84;CONTINENT_DERIVED_FROM_COORDINATES;OCCURRENCE_STATUS_UNPARSABLE"
1271507689,"f42d2be3-1264-4b68-a3bd-39363bcc437f","1111565760","Animalia","Arthropoda","Malacostraca","Decapoda","Portunidae","Callinectes","Callinectes similis",NA,"SPECIES","Callinectes similis Williams, 1966","Callinectes similis","","US","Nueces Estuary","Texas","PRESENT",NA,"c3ad790a-d426-4ac1-8e32-da61f81f0117",27.763056,-97.279167,100,NA,NA,NA,3.75,0.15,"2006-11-27T12:47",27,11,2006,2225642,2225642,"HUMAN_OBSERVATION","TPWD","Corpus Christi Bay Trawl",NA,NA,"",NA,"CC0_1_0","","TPWD",NA,NA,2025-02-01 02:12:03.503,"","GEODETIC_DATUM_INVALID;GEODETIC_DATUM_ASSUMED_WGS84;DEPTH_MIN_MAX_SWAPPED;OCCURRENCE_STATUS_UNPARSABLE"
1271507670,"f42d2be3-1264-4b68-a3bd-39363bcc437f","1111565758","Animalia","Arthropoda","Malacostraca","Decapoda","Portunidae","Callinectes","Callinectes similis",NA,"SPECIES","Callinectes similis Williams, 1966","Callinectes similis","","US","Nueces Estuary","Texas","PRESENT",NA,"c3ad790a-d426-4ac1-8e32-da61f81f0117",27.761944,-97.281667,100,NA,NA,NA,3.85,0.15,"2006-03-02T10:38",2,3,2006,2225642,2225642,"HUMAN_OBSERVATION","TPWD","Corpus Christi Bay Trawl",NA,NA,"",NA,"CC0_1_0","","TPWD",NA,NA,2025-02-01 02:12:03.504,"","GEODETIC_DATUM_INVALID;GEODETIC_DATUM_ASSUMED_WGS84;DEPTH_MIN_MAX_SWAPPED;OCCURRENCE_STATUS_UNPARSABLE"
1271507667,"f42d2be3-1264-4b68-a3bd-39363bcc437f","1111565987","Animalia","Arthropoda","Malacostraca","Decapoda","Portunidae","Callinectes","Callinectes similis",NA,"SPECIES","Callinectes similis Williams, 1966","Callinectes similis","","US","Nueces Estuary","Texas","PRESENT",NA,"c3ad790a-d426-4ac1-8e32-da61f81f0117",27.758611,-97.189167,100,NA,NA,NA,2.85,0.15,"2006-02-23T10:45",23,2,2006,2225642,2225642,"HUMAN_OBSERVATION","TPWD","Corpus Christi Bay Trawl",NA,NA,"",NA,"CC0_1_0","","TPWD",NA,NA,2025-02-01 02:12:03.567,"","GEODETIC_DATUM_INVALID;GEODETIC_DATUM_ASSUMED_WGS84;CONTINENT_DERIVED_FROM_COORDINATES;DEPTH_MIN_MAX_SWAPPED;OCCURRENCE_STATUS_UNPARSABLE"
1271507661,"f42d2be3-1264-4b68-a3bd-39363bcc437f","1111564793","Animalia","Arthropoda","Malacostraca","Decapoda","Portunidae","Callinectes","Callinectes similis",NA,"SPECIES","Callinectes similis Williams, 1966","Callinectes similis","","US","Nueces Estuary","Texas","PRESENT",NA,"c3ad790a-d426-4ac1-8e32-da61f81f0117",27.794167,-97.13,100,NA,NA,NA,2.85,0.15,"2006-06-02T11:51",2,6,2006,2225642,2225642,"HUMAN_OBSERVATION","TPWD","Corpus Christi Bay Trawl",NA,NA,"",NA,"CC0_1_0","","TPWD",NA,NA,2025-02-01 02:12:04.444,"","GEODETIC_DATUM_INVALID;GEODETIC_DATUM_ASSUMED_WGS84;CONTINENT_DERIVED_FROM_COORDINATES;DEPTH_MIN_MAX_SWAPPED;OCCURRENCE_STATUS_UNPARSABLE"
1271507659,"f42d2be3-1264-4b68-a3bd-39363bcc437f","1111565855","Animalia","Arthropoda","Malacostraca","Decapoda","Portunidae","Callinectes","Callinectes similis",NA,"SPECIES","Callinectes similis Williams, 1966","Callinectes similis","","US","Nueces Estuary","Texas","PRESENT",NA,"c3ad790a-d426-4ac1-8e32-da61f81f0117",27.757778,-97.226389,100,NA,NA,NA,3.4,0,"2005-04-07T11:25",7,4,2005,2225642,2225642,"HUMAN_OBSERVATION","TPWD","Corpus Christi Bay Trawl",NA,NA,"",NA,"CC0_1_0","","TPWD",NA,NA,2025-02-01 02:12:03.518,"","GEODETIC_DATUM_INVALID;GEODETIC_DATUM_ASSUMED_WGS84;OCCURRENCE_STATUS_UNPARSABLE"
1271507647,"f42d2be3-1264-4b68-a3bd-39363bcc437f","1111565757","Animalia","Arthropoda","Malacostraca","Decapoda","Portunidae","Callinectes","Callinectes similis",NA,"SPECIES","Callinectes similis Williams, 1966","Callinectes similis","","US","Nueces Estuary","Texas","PRESENT",NA,"c3ad790a-d426-4ac1-8e32-da61f81f0117",27.761389,-97.273611,100,NA,NA,NA,3.95,0.05,"2008-08-18T12:01",18,8,2008,2225642,2225642,"HUMAN_OBSERVATION","TPWD","Corpus Christi Bay Trawl",NA,NA,"",NA,"CC0_1_0","","TPWD",NA,NA,2025-02-01 02:12:03.504,"","GEODETIC_DATUM_INVALID;GEODETIC_DATUM_ASSUMED_WGS84;DEPTH_MIN_MAX_SWAPPED;OCCURRENCE_STATUS_UNPARSABLE"
1271507646,"f42d2be3-1264-4b68-a3bd-39363bcc437f","1111564523","Animalia","Arthropoda","Malacostraca","Decapoda","Portunidae","Callinectes","Callinectes similis",NA,"SPECIES","Callinectes similis Williams, 1966","Callinectes similis","","US","Nueces Estuary","Texas","PRESENT",NA,"c3ad790a-d426-4ac1-8e32-da61f81f0117",27.791111,-97.208611,100,NA,NA,NA,3.7,0,"2008-04-11T11:11",11,4,2008,2225642,2225642,"HUMAN_OBSERVATION","TPWD","Corpus Christi Bay Trawl",NA,NA,"",NA,"CC0_1_0","","TPWD",NA,NA,2025-02-01 02:12:04.379,"","GEODETIC_DATUM_INVALID;GEODETIC_DATUM_ASSUMED_WGS84;CONTINENT_DERIVED_FROM_COORDINATES;OCCURRENCE_STATUS_UNPARSABLE"
1271507640,"f42d2be3-1264-4b68-a3bd-39363bcc437f","1111565850","Animalia","Arthropoda","Malacostraca","Decapoda","Portunidae","Callinectes","Callinectes similis",NA,"SPECIES","Callinectes similis Williams, 1966","Callinectes similis","","US","Nueces Estuary","Texas","PRESENT",NA,"c3ad790a-d426-4ac1-8e32-da61f81f0117",27.756944,-97.223056,100,NA,NA,NA,4,0,"2008-05-08T12:20",8,5,2008,2225642,2225642,"HUMAN_OBSERVATION","TPWD","Corpus Christi Bay Trawl",NA,NA,"",NA,"CC0_1_0","","TPWD",NA,NA,2025-02-01 02:12:03.516,"","GEODETIC_DATUM_INVALID;GEODETIC_DATUM_ASSUMED_WGS84;CONTINENT_DERIVED_FROM_COORDINATES;OCCURRENCE_STATUS_UNPARSABLE"
1271507639,"f42d2be3-1264-4b68-a3bd-39363bcc437f","1111565654","Animalia","Arthropoda","Malacostraca","Decapoda","Portunidae","Callinectes","Callinectes similis",NA,"SPECIES","Callinectes similis Williams, 1966","Callinectes similis","","US","Nueces Estuary","Texas","PRESENT",NA,"c3ad790a-d426-4ac1-8e32-da61f81f0117",27.758333,-97.310278,100,NA,NA,NA,3.7,0,"2006-03-20T09:08",20,3,2006,2225642,2225642,"HUMAN_OBSERVATION","TPWD","Corpus Christi Bay Trawl",NA,NA,"",NA,"CC0_1_0","","TPWD",NA,NA,2025-02-01 02:12:03.464,"","GEODETIC_DATUM_INVALID;GEODETIC_DATUM_ASSUMED_WGS84;CONTINENT_DERIVED_FROM_COORDINATES;OCCURRENCE_STATUS_UNPARSABLE"
1271507625,"f42d2be3-1264-4b68-a3bd-39363bcc437f","1111564519","Animalia","Arthropoda","Malacostraca","Decapoda","Portunidae","Callinectes","Callinectes similis",NA,"SPECIES","Callinectes similis Williams, 1966","Callinectes similis","","US","Nueces Estuary","Texas","PRESENT",NA,"c3ad790a-d426-4ac1-8e32-da61f81f0117",27.790278,-97.206111,100,NA,NA,NA,2.85,0.15,"2008-06-02T13:12",2,6,2008,2225642,2225642,"HUMAN_OBSERVATION","TPWD","Corpus Christi Bay Trawl",NA,NA,"",NA,"CC0_1_0","","TPWD",NA,NA,2025-02-01 02:12:04.379,"","GEODETIC_DATUM_INVALID;GEODETIC_DATUM_ASSUMED_WGS84;CONTINENT_DERIVED_FROM_COORDINATES;DEPTH_MIN_MAX_SWAPPED;OCCURRENCE_STATUS_UNPARSABLE"
1271507623,"f42d2be3-1264-4b68-a3bd-39363bcc437f","1111565848","Animalia","Arthropoda","Malacostraca","Decapoda","Portunidae","Callinectes","Callinectes similis",NA,"SPECIES","Callinectes similis Williams, 1966","Callinectes similis","","US","Nueces Estuary","Texas","PRESENT",NA,"c3ad790a-d426-4ac1-8e32-da61f81f0117",27.756389,-97.225556,100,NA,NA,NA,4.15,0.0500000000000003,"2008-09-19T10:31",19,9,2008,2225642,2225642,"HUMAN_OBSERVATION","TPWD","Corpus Christi Bay Trawl",NA,NA,"",NA,"CC0_1_0","","TPWD",NA,NA,2025-02-01 02:12:03.517,"","GEODETIC_DATUM_INVALID;GEODETIC_DATUM_ASSUMED_WGS84;DEPTH_MIN_MAX_SWAPPED;OCCURRENCE_STATUS_UNPARSABLE"
1271507611,"f42d2be3-1264-4b68-a3bd-39363bcc437f","1111564013","Animalia","Arthropoda","Malacostraca","Decapoda","Portunidae","Callinectes","Callinectes similis",NA,"SPECIES","Callinectes similis Williams, 1966","Callinectes similis","","US","Nueces Estuary","Texas","PRESENT",NA,"c3ad790a-d426-4ac1-8e32-da61f81f0117",27.787778,-97.376389,100,NA,NA,NA,3.3,0,"2008-09-09T10:24",9,9,2008,2225642,2225642,"HUMAN_OBSERVATION","TPWD","Corpus Christi Bay Trawl",NA,NA,"",NA,"CC0_1_0","","TPWD",NA,NA,2025-02-01 02:12:02.291,"","GEODETIC_DATUM_INVALID;GEODETIC_DATUM_ASSUMED_WGS84;CONTINENT_DERIVED_FROM_COORDINATES;OCCURRENCE_STATUS_UNPARSABLE"
1271507600,"f42d2be3-1264-4b68-a3bd-39363bcc437f","1111564516","Animalia","Arthropoda","Malacostraca","Decapoda","Portunidae","Callinectes","Callinectes similis",NA,"SPECIES","Callinectes similis Williams, 1966","Callinectes similis","","US","Nueces Estuary","Texas","PRESENT",NA,"c3ad790a-d426-4ac1-8e32-da61f81f0117",27.789444,-97.205278,100,NA,NA,NA,3.55,0.15,"2007-04-16T12:48",16,4,2007,2225642,2225642,"HUMAN_OBSERVATION","TPWD","Corpus Christi Bay Trawl",NA,NA,"",NA,"CC0_1_0","","TPWD",NA,NA,2025-02-01 02:12:04.378,"","GEODETIC_DATUM_INVALID;GEODETIC_DATUM_ASSUMED_WGS84;CONTINENT_DERIVED_FROM_COORDINATES;DEPTH_MIN_MAX_SWAPPED;OCCURRENCE_STATUS_UNPARSABLE"
1271507574,"f42d2be3-1264-4b68-a3bd-39363bcc437f","1111564512","Animalia","Arthropoda","Malacostraca","Decapoda","Portunidae","Callinectes","Callinectes similis",NA,"SPECIES","Callinectes similis Williams, 1966","Callinectes similis","","US","Nueces Estuary","Texas","PRESENT",NA,"c3ad790a-d426-4ac1-8e32-da61f81f0117",27.792778,-97.225278,100,NA,NA,NA,3.7,0,"2006-07-12T11:03",12,7,2006,2225642,2225642,"HUMAN_OBSERVATION","TPWD","Corpus Christi Bay Trawl",NA,NA,"",NA,"CC0_1_0","","TPWD",NA,NA,2025-02-01 02:12:04.378,"","GEODETIC_DATUM_INVALID;GEODETIC_DATUM_ASSUMED_WGS84;CONTINENT_DERIVED_FROM_COORDINATES;OCCURRENCE_STATUS_UNPARSABLE"
1271507571,"f42d2be3-1264-4b68-a3bd-39363bcc437f","1111563740","Animalia","Arthropoda","Malacostraca","Decapoda","Portunidae","Callinectes","Callinectes similis",NA,"SPECIES","Callinectes similis Williams, 1966","Callinectes similis","","US","Nueces Estuary","Texas","PRESENT",NA,"c3ad790a-d426-4ac1-8e32-da61f81f0117",27.806667,-97.231944,100,NA,NA,NA,3.7,0,"2007-03-29T10:29",29,3,2007,2225642,2225642,"HUMAN_OBSERVATION","TPWD","Corpus Christi Bay Trawl",NA,NA,"",NA,"CC0_1_0","","TPWD",NA,NA,2025-02-01 02:12:01.589,"","GEODETIC_DATUM_INVALID;GEODETIC_DATUM_ASSUMED_WGS84;CONTINENT_DERIVED_FROM_COORDINATES;OCCURRENCE_STATUS_UNPARSABLE"
1271507566,"f42d2be3-1264-4b68-a3bd-39363bcc437f","1111563864","Animalia","Arthropoda","Malacostraca","Decapoda","Portunidae","Callinectes","Callinectes similis",NA,"SPECIES","Callinectes similis Williams, 1966","Callinectes similis","","US","Nueces Estuary","Texas","PRESENT",NA,"c3ad790a-d426-4ac1-8e32-da61f81f0117",27.806667,-97.156389,100,NA,NA,NA,2.55,0.15,"2008-05-27T12:58",27,5,2008,2225642,2225642,"HUMAN_OBSERVATION","TPWD","Corpus Christi Bay Trawl",NA,NA,"",NA,"CC0_1_0","","TPWD",NA,NA,2025-02-01 02:12:01.626,"","GEODETIC_DATUM_INVALID;GEODETIC_DATUM_ASSUMED_WGS84;CONTINENT_DERIVED_FROM_COORDINATES;DEPTH_MIN_MAX_SWAPPED;OCCURRENCE_STATUS_UNPARSABLE"
1271507558,"f42d2be3-1264-4b68-a3bd-39363bcc437f","1111564926","Animalia","Arthropoda","Malacostraca","Decapoda","Portunidae","Callinectes","Callinectes similis",NA,"SPECIES","Callinectes similis Williams, 1966","Callinectes similis","","US","Nueces Estuary","Texas","PRESENT",NA,"c3ad790a-d426-4ac1-8e32-da61f81f0117",27.774167,-97.324722,100,NA,NA,NA,3.55,0.15,"2007-11-08T10:45",8,11,2007,2225642,2225642,"HUMAN_OBSERVATION","TPWD","Corpus Christi Bay Trawl",NA,NA,"",NA,"CC0_1_0","","TPWD",NA,NA,2025-02-01 02:12:04.497,"","GEODETIC_DATUM_INVALID;GEODETIC_DATUM_ASSUMED_WGS84;CONTINENT_DERIVED_FROM_COORDINATES;DEPTH_MIN_MAX_SWAPPED;OCCURRENCE_STATUS_UNPARSABLE"
1271507557,"f42d2be3-1264-4b68-a3bd-39363bcc437f","1111563725","Animalia","Arthropoda","Malacostraca","Decapoda","Portunidae","Callinectes","Callinectes similis",NA,"SPECIES","Callinectes similis Williams, 1966","Callinectes similis","","US","Nueces Estuary","Texas","PRESENT",NA,"c3ad790a-d426-4ac1-8e32-da61f81f0117",27.8025,-97.221667,100,NA,NA,NA,3.2,0.2,"2006-07-12T10:37",12,7,2006,2225642,2225642,"HUMAN_OBSERVATION","TPWD","Corpus Christi Bay Trawl",NA,NA,"",NA,"CC0_1_0","","TPWD",NA,NA,2025-02-01 02:12:01.591,"","GEODETIC_DATUM_INVALID;GEODETIC_DATUM_ASSUMED_WGS84;CONTINENT_DERIVED_FROM_COORDINATES;DEPTH_MIN_MAX_SWAPPED;OCCURRENCE_STATUS_UNPARSABLE"
1271507556,"f42d2be3-1264-4b68-a3bd-39363bcc437f","1111564431","Animalia","Arthropoda","Malacostraca","Decapoda","Portunidae","Callinectes","Callinectes similis",NA,"SPECIES","Callinectes similis Williams, 1966","Callinectes similis","","US","Nueces Estuary","Texas","PRESENT",NA,"c3ad790a-d426-4ac1-8e32-da61f81f0117",27.791111,-97.241944,100,NA,NA,NA,3.4,0,"2007-05-16T10:40",16,5,2007,2225642,2225642,"HUMAN_OBSERVATION","TPWD","Corpus Christi Bay Trawl",NA,NA,"",NA,"CC0_1_0","","TPWD",NA,NA,2025-02-01 02:12:04.363,"","GEODETIC_DATUM_INVALID;GEODETIC_DATUM_ASSUMED_WGS84;CONTINENT_DERIVED_FROM_COORDINATES;OCCURRENCE_STATUS_UNPARSABLE"
1271507546,"f42d2be3-1264-4b68-a3bd-39363bcc437f","1111564925","Animalia","Arthropoda","Malacostraca","Decapoda","Portunidae","Callinectes","Callinectes similis",NA,"SPECIES","Callinectes similis Williams, 1966","Callinectes similis","","US","Nueces Estuary","Texas","PRESENT",NA,"c3ad790a-d426-4ac1-8e32-da61f81f0117",27.773889,-97.325,100,NA,NA,NA,4,0,"2008-05-08T10:41",8,5,2008,2225642,2225642,"HUMAN_OBSERVATION","TPWD","Corpus Christi Bay Trawl",NA,NA,"",NA,"CC0_1_0","","TPWD",NA,NA,2025-02-01 02:12:04.497,"","GEODETIC_DATUM_INVALID;GEODETIC_DATUM_ASSUMED_WGS84;CONTINENT_DERIVED_FROM_COORDINATES;OCCURRENCE_STATUS_UNPARSABLE"
1271507542,"f42d2be3-1264-4b68-a3bd-39363bcc437f","1111564425","Animalia","Arthropoda","Malacostraca","Decapoda","Portunidae","Callinectes","Callinectes similis",NA,"SPECIES","Callinectes similis Williams, 1966","Callinectes similis","","US","Nueces Estuary","Texas","PRESENT",NA,"c3ad790a-d426-4ac1-8e32-da61f81f0117",27.788056,-97.240833,100,NA,NA,NA,3.4,0,"2007-04-03T16:56",3,4,2007,2225642,2225642,"HUMAN_OBSERVATION","TPWD","Corpus Christi Bay Trawl",NA,NA,"",NA,"CC0_1_0","","TPWD",NA,NA,2025-02-01 02:12:04.362,"","GEODETIC_DATUM_INVALID;GEODETIC_DATUM_ASSUMED_WGS84;CONTINENT_DERIVED_FROM_COORDINATES;OCCURRENCE_STATUS_UNPARSABLE"
1271507532,"f42d2be3-1264-4b68-a3bd-39363bcc437f","1111564923","Animalia","Arthropoda","Malacostraca","Decapoda","Portunidae","Callinectes","Callinectes similis",NA,"SPECIES","Callinectes similis Williams, 1966","Callinectes similis","","US","Nueces Estuary","Texas","PRESENT",NA,"c3ad790a-d426-4ac1-8e32-da61f81f0117",27.773889,-97.323333,100,NA,NA,NA,4,0,"2007-03-09T10:48",9,3,2007,2225642,2225642,"HUMAN_OBSERVATION","TPWD","Corpus Christi Bay Trawl",NA,NA,"",NA,"CC0_1_0","","TPWD",NA,NA,2025-02-01 02:12:04.497,"","GEODETIC_DATUM_INVALID;GEODETIC_DATUM_ASSUMED_WGS84;CONTINENT_DERIVED_FROM_COORDINATES;OCCURRENCE_STATUS_UNPARSABLE"
1271507526,"f42d2be3-1264-4b68-a3bd-39363bcc437f","1111563636","Animalia","Arthropoda","Malacostraca","Decapoda","Portunidae","Callinectes","Callinectes similis",NA,"SPECIES","Callinectes similis Williams, 1966","Callinectes similis","","US","Nueces Estuary","Texas","PRESENT",NA,"c3ad790a-d426-4ac1-8e32-da61f81f0117",27.806944,-97.260278,100,NA,NA,NA,3.7,0,"2006-02-02T08:15",2,2,2006,2225642,2225642,"HUMAN_OBSERVATION","TPWD","Corpus Christi Bay Trawl",NA,NA,"",NA,"CC0_1_0","","TPWD",NA,NA,2025-02-01 02:12:01.555,"","GEODETIC_DATUM_INVALID;GEODETIC_DATUM_ASSUMED_WGS84;CONTINENT_DERIVED_FROM_COORDINATES;OCCURRENCE_STATUS_UNPARSABLE"
1271507518,"f42d2be3-1264-4b68-a3bd-39363bcc437f","1111564921","Animalia","Arthropoda","Malacostraca","Decapoda","Portunidae","Callinectes","Callinectes similis",NA,"SPECIES","Callinectes similis Williams, 1966","Callinectes similis","","US","Nueces Estuary","Texas","PRESENT",NA,"c3ad790a-d426-4ac1-8e32-da61f81f0117",27.773333,-97.322778,100,NA,NA,NA,4.3,0,"2007-05-03T09:28",3,5,2007,2225642,2225642,"HUMAN_OBSERVATION","TPWD","Corpus Christi Bay Trawl",NA,NA,"",NA,"CC0_1_0","","TPWD",NA,NA,2025-02-01 02:12:04.497,"","GEODETIC_DATUM_INVALID;GEODETIC_DATUM_ASSUMED_WGS84;CONTINENT_DERIVED_FROM_COORDINATES;OCCURRENCE_STATUS_UNPARSABLE"
1271507512,"f42d2be3-1264-4b68-a3bd-39363bcc437f","1111563630","Animalia","Arthropoda","Malacostraca","Decapoda","Portunidae","Callinectes","Callinectes similis",NA,"SPECIES","Callinectes similis Williams, 1966","Callinectes similis","","US","Nueces Estuary","Texas","PRESENT",NA,"c3ad790a-d426-4ac1-8e32-da61f81f0117",27.803889,-97.260278,100,NA,NA,NA,4.05,0.0499999999999998,"2008-12-09T11:48",9,12,2008,2225642,2225642,"HUMAN_OBSERVATION","TPWD","Corpus Christi Bay Trawl",NA,NA,"",NA,"CC0_1_0","","TPWD",NA,NA,2025-02-01 02:12:01.555,"","GEODETIC_DATUM_INVALID;GEODETIC_DATUM_ASSUMED_WGS84;CONTINENT_DERIVED_FROM_COORDINATES;DEPTH_MIN_MAX_SWAPPED;OCCURRENCE_STATUS_UNPARSABLE"
1271507506,"f42d2be3-1264-4b68-a3bd-39363bcc437f","1111563514","Animalia","Arthropoda","Malacostraca","Decapoda","Portunidae","Callinectes","Callinectes similis",NA,"SPECIES","Callinectes similis Williams, 1966","Callinectes similis","","US","Nueces Estuary","Texas","PRESENT",NA,"c3ad790a-d426-4ac1-8e32-da61f81f0117",27.805278,-97.289167,100,NA,NA,NA,4,0,"2008-05-27T09:29",27,5,2008,2225642,2225642,"HUMAN_OBSERVATION","TPWD","Corpus Christi Bay Trawl",NA,NA,"",NA,"CC0_1_0","","TPWD",NA,NA,2025-02-01 02:12:01.514,"","GEODETIC_DATUM_INVALID;GEODETIC_DATUM_ASSUMED_WGS84;OCCURRENCE_STATUS_UNPARSABLE"
1271507491,"f42d2be3-1264-4b68-a3bd-39363bcc437f","1111563985","Animalia","Arthropoda","Malacostraca","Decapoda","Portunidae","Callinectes","Callinectes similis",NA,"SPECIES","Callinectes similis Williams, 1966","Callinectes similis","","US","Nueces Estuary","Texas","PRESENT",NA,"c3ad790a-d426-4ac1-8e32-da61f81f0117",27.805,-97.128889,100,NA,NA,NA,1.95,0.15,"2005-06-22T13:03",22,6,2005,2225642,2225642,"HUMAN_OBSERVATION","TPWD","Corpus Christi Bay Trawl",NA,NA,"",NA,"CC0_1_0","","TPWD",NA,NA,2025-02-01 02:12:01.663,"","GEODETIC_DATUM_INVALID;GEODETIC_DATUM_ASSUMED_WGS84;CONTINENT_DERIVED_FROM_COORDINATES;DEPTH_MIN_MAX_SWAPPED;OCCURRENCE_STATUS_UNPARSABLE"
1271507490,"f42d2be3-1264-4b68-a3bd-39363bcc437f","1111564324","Animalia","Arthropoda","Malacostraca","Decapoda","Portunidae","Callinectes","Callinectes similis",NA,"SPECIES","Callinectes similis Williams, 1966","Callinectes similis","","US","Nueces Estuary","Texas","PRESENT",NA,"c3ad790a-d426-4ac1-8e32-da61f81f0117",27.791667,-97.273611,100,NA,NA,NA,4,0,"2006-11-06T08:58",6,11,2006,2225642,2225642,"HUMAN_OBSERVATION","TPWD","Corpus Christi Bay Trawl",NA,NA,"",NA,"CC0_1_0","","TPWD",NA,NA,2025-02-01 02:12:04.337,"","GEODETIC_DATUM_INVALID;GEODETIC_DATUM_ASSUMED_WGS84;OCCURRENCE_STATUS_UNPARSABLE"
1271507486,"f42d2be3-1264-4b68-a3bd-39363bcc437f","1111564916","Animalia","Arthropoda","Malacostraca","Decapoda","Portunidae","Callinectes","Callinectes similis",NA,"SPECIES","Callinectes similis Williams, 1966","Callinectes similis","","US","Nueces Estuary","Texas","PRESENT",NA,"c3ad790a-d426-4ac1-8e32-da61f81f0117",27.776111,-97.343333,100,NA,NA,NA,3.55,0.15,"2005-04-18T08:33",18,4,2005,2225642,2225642,"HUMAN_OBSERVATION","TPWD","Corpus Christi Bay Trawl",NA,NA,"",NA,"CC0_1_0","","TPWD",NA,NA,2025-02-01 02:12:04.497,"","GEODETIC_DATUM_INVALID;GEODETIC_DATUM_ASSUMED_WGS84;CONTINENT_DERIVED_FROM_COORDINATES;DEPTH_MIN_MAX_SWAPPED;OCCURRENCE_STATUS_UNPARSABLE"
1271507482,"f42d2be3-1264-4b68-a3bd-39363bcc437f","1111563626","Animalia","Arthropoda","Malacostraca","Decapoda","Portunidae","Callinectes","Callinectes similis",NA,"SPECIES","Callinectes similis Williams, 1966","Callinectes similis","","US","Nueces Estuary","Texas","PRESENT",NA,"c3ad790a-d426-4ac1-8e32-da61f81f0117",27.8025,-97.253056,100,NA,NA,NA,4.15,0.15,"2007-04-16T08:47",16,4,2007,2225642,2225642,"HUMAN_OBSERVATION","TPWD","Corpus Christi Bay Trawl",NA,NA,"",NA,"CC0_1_0","","TPWD",NA,NA,2025-02-01 02:12:01.554,"","GEODETIC_DATUM_INVALID;GEODETIC_DATUM_ASSUMED_WGS84;CONTINENT_DERIVED_FROM_COORDINATES;DEPTH_MIN_MAX_SWAPPED;OCCURRENCE_STATUS_UNPARSABLE"
1271507477,"f42d2be3-1264-4b68-a3bd-39363bcc437f","1111563984","Animalia","Arthropoda","Malacostraca","Decapoda","Portunidae","Callinectes","Callinectes similis",NA,"SPECIES","Callinectes similis Williams, 1966","Callinectes similis","","US","Nueces Estuary","Texas","PRESENT",NA,"c3ad790a-d426-4ac1-8e32-da61f81f0117",27.803889,-97.131389,100,NA,NA,NA,1.8,0.3,"2008-05-27T12:31",27,5,2008,2225642,2225642,"HUMAN_OBSERVATION","TPWD","Corpus Christi Bay Trawl",NA,NA,"",NA,"CC0_1_0","","TPWD",NA,NA,2025-02-01 02:12:01.662,"","GEODETIC_DATUM_INVALID;GEODETIC_DATUM_ASSUMED_WGS84;CONTINENT_DERIVED_FROM_COORDINATES;DEPTH_MIN_MAX_SWAPPED;OCCURRENCE_STATUS_UNPARSABLE"
1271507475,"f42d2be3-1264-4b68-a3bd-39363bcc437f","1111564322","Animalia","Arthropoda","Malacostraca","Decapoda","Portunidae","Callinectes","Callinectes similis",NA,"SPECIES","Callinectes similis Williams, 1966","Callinectes similis","","US","Nueces Estuary","Texas","PRESENT",NA,"c3ad790a-d426-4ac1-8e32-da61f81f0117",27.791389,-97.275833,100,NA,NA,NA,4.35,0.0500000000000003,"2008-09-19T10:03",19,9,2008,2225642,2225642,"HUMAN_OBSERVATION","TPWD","Corpus Christi Bay Trawl",NA,NA,"",NA,"CC0_1_0","","TPWD",NA,NA,2025-02-01 02:12:04.338,"","GEODETIC_DATUM_INVALID;GEODETIC_DATUM_ASSUMED_WGS84;DEPTH_MIN_MAX_SWAPPED;OCCURRENCE_STATUS_UNPARSABLE"
1271507466,"f42d2be3-1264-4b68-a3bd-39363bcc437f","1111564126","Animalia","Arthropoda","Malacostraca","Decapoda","Portunidae","Callinectes","Callinectes similis",NA,"SPECIES","Callinectes similis Williams, 1966","Callinectes similis","","US","Nueces Estuary","Texas","PRESENT",NA,"c3ad790a-d426-4ac1-8e32-da61f81f0117",27.790833,-97.341111,100,NA,NA,NA,4,0,"2007-05-03T08:40",3,5,2007,2225642,2225642,"HUMAN_OBSERVATION","TPWD","Corpus Christi Bay Trawl",NA,NA,"",NA,"CC0_1_0","","TPWD",NA,NA,2025-02-01 02:12:04.284,"","GEODETIC_DATUM_INVALID;GEODETIC_DATUM_ASSUMED_WGS84;CONTINENT_DERIVED_FROM_COORDINATES;OCCURRENCE_STATUS_UNPARSABLE"
1271507465,"f42d2be3-1264-4b68-a3bd-39363bcc437f","1111563979","Animalia","Arthropoda","Malacostraca","Decapoda","Portunidae","Callinectes","Callinectes similis",NA,"SPECIES","Callinectes similis Williams, 1966","Callinectes similis","","US","Nueces Estuary","Texas","PRESENT",NA,"c3ad790a-d426-4ac1-8e32-da61f81f0117",27.801389,-97.130278,100,NA,NA,NA,1.95,0.15,"2005-08-17T10:51",17,8,2005,2225642,2225642,"HUMAN_OBSERVATION","TPWD","Corpus Christi Bay Trawl",NA,NA,"",NA,"CC0_1_0","","TPWD",NA,NA,2025-02-01 02:12:01.669,"","GEODETIC_DATUM_INVALID;GEODETIC_DATUM_ASSUMED_WGS84;CONTINENT_DERIVED_FROM_COORDINATES;DEPTH_MIN_MAX_SWAPPED;OCCURRENCE_STATUS_UNPARSABLE"
1271507462,"f42d2be3-1264-4b68-a3bd-39363bcc437f","1111563350","Animalia","Arthropoda","Malacostraca","Decapoda","Portunidae","Callinectes","Callinectes similis",NA,"SPECIES","Callinectes similis Williams, 1966","Callinectes similis","","US","Nueces Estuary","Texas","PRESENT",NA,"c3ad790a-d426-4ac1-8e32-da61f81f0117",27.806944,-97.359722,100,NA,NA,NA,2.7,0.3,"2006-05-22T08:25",22,5,2006,2225642,2225642,"HUMAN_OBSERVATION","TPWD","Corpus Christi Bay Trawl",NA,NA,"",NA,"CC0_1_0","","TPWD",NA,NA,2025-02-01 02:12:01.429,"","GEODETIC_DATUM_INVALID;GEODETIC_DATUM_ASSUMED_WGS84;CONTINENT_DERIVED_FROM_COORDINATES;DEPTH_MIN_MAX_SWAPPED;OCCURRENCE_STATUS_UNPARSABLE"
1271507449,"f42d2be3-1264-4b68-a3bd-39363bcc437f","1111563972","Animalia","Arthropoda","Malacostraca","Decapoda","Portunidae","Callinectes","Callinectes similis",NA,"SPECIES","Callinectes similis Williams, 1966","Callinectes similis","","US","Nueces Estuary","Texas","PRESENT",NA,"c3ad790a-d426-4ac1-8e32-da61f81f0117",27.800278,-97.1275,100,NA,NA,NA,2.1,0,"2007-07-06T13:14",6,7,2007,2225642,2225642,"HUMAN_OBSERVATION","TPWD","Corpus Christi Bay Trawl",NA,NA,"",NA,"CC0_1_0","","TPWD",NA,NA,2025-02-01 02:12:01.67,"","GEODETIC_DATUM_INVALID;GEODETIC_DATUM_ASSUMED_WGS84;CONTINENT_DERIVED_FROM_COORDINATES;OCCURRENCE_STATUS_UNPARSABLE"
1271507447,"f42d2be3-1264-4b68-a3bd-39363bcc437f","1111564760","Animalia","Arthropoda","Malacostraca","Decapoda","Portunidae","Callinectes","Callinectes similis",NA,"SPECIES","Callinectes similis Williams, 1966","Callinectes similis","","US","Nueces Estuary","Texas","PRESENT",NA,"c3ad790a-d426-4ac1-8e32-da61f81f0117",27.789444,-97.126111,100,NA,NA,NA,2.1,0,"2006-04-17T10:58",17,4,2006,2225642,2225642,"HUMAN_OBSERVATION","TPWD","Corpus Christi Bay Trawl",NA,NA,"",NA,"CC0_1_0","","TPWD",NA,NA,2025-02-01 02:12:04.427,"","GEODETIC_DATUM_INVALID;GEODETIC_DATUM_ASSUMED_WGS84;CONTINENT_DERIVED_FROM_COORDINATES;OCCURRENCE_STATUS_UNPARSABLE"
1271507438,"f42d2be3-1264-4b68-a3bd-39363bcc437f","1111564305","Animalia","Arthropoda","Malacostraca","Decapoda","Portunidae","Callinectes","Callinectes similis",NA,"SPECIES","Callinectes similis Williams, 1966","Callinectes similis","","US","Nueces Estuary","Texas","PRESENT",NA,"c3ad790a-d426-4ac1-8e32-da61f81f0117",27.792222,-97.290833,100,NA,NA,NA,3.7,0,"2005-05-02T10:52",2,5,2005,2225642,2225642,"HUMAN_OBSERVATION","TPWD","Corpus Christi Bay Trawl",NA,NA,"",NA,"CC0_1_0","","TPWD",NA,NA,2025-02-01 02:12:04.338,"","GEODETIC_DATUM_INVALID;GEODETIC_DATUM_ASSUMED_WGS84;OCCURRENCE_STATUS_UNPARSABLE"
1271507436,"f42d2be3-1264-4b68-a3bd-39363bcc437f","1111563963","Animalia","Arthropoda","Malacostraca","Decapoda","Portunidae","Callinectes","Callinectes similis",NA,"SPECIES","Callinectes similis Williams, 1966","Callinectes similis","","US","Nueces Estuary","Texas","PRESENT",NA,"c3ad790a-d426-4ac1-8e32-da61f81f0117",27.808333,-97.141667,100,NA,NA,NA,2.4,0,"2005-06-22T13:58",22,6,2005,2225642,2225642,"HUMAN_OBSERVATION","TPWD","Corpus Christi Bay Trawl",NA,NA,"",NA,"CC0_1_0","","TPWD",NA,NA,2025-02-01 02:12:01.667,"","GEODETIC_DATUM_INVALID;GEODETIC_DATUM_ASSUMED_WGS84;CONTINENT_DERIVED_FROM_COORDINATES;OCCURRENCE_STATUS_UNPARSABLE"
1271507427,"f42d2be3-1264-4b68-a3bd-39363bcc437f","1111564112","Animalia","Arthropoda","Malacostraca","Decapoda","Portunidae","Callinectes","Callinectes similis",NA,"SPECIES","Callinectes similis Williams, 1966","Callinectes similis","","US","Nueces Estuary","Texas","PRESENT",NA,"c3ad790a-d426-4ac1-8e32-da61f81f0117",27.7925,-97.358611,100,NA,NA,NA,3.2,0.2,"2006-07-19T08:47",19,7,2006,2225642,2225642,"HUMAN_OBSERVATION","TPWD","Corpus Christi Bay Trawl",NA,NA,"",NA,"CC0_1_0","","TPWD",NA,NA,2025-02-01 02:12:04.284,"","GEODETIC_DATUM_INVALID;GEODETIC_DATUM_ASSUMED_WGS84;CONTINENT_DERIVED_FROM_COORDINATES;DEPTH_MIN_MAX_SWAPPED;OCCURRENCE_STATUS_UNPARSABLE"
1271507407,"f42d2be3-1264-4b68-a3bd-39363bcc437f","1111564225","Animalia","Arthropoda","Malacostraca","Decapoda","Portunidae","Callinectes","Callinectes similis",NA,"SPECIES","Callinectes similis Williams, 1966","Callinectes similis","","US","Nueces Estuary","Texas","PRESENT",NA,"c3ad790a-d426-4ac1-8e32-da61f81f0117",27.791111,-97.307778,100,NA,NA,NA,3.7,0,"2005-12-02T08:20",2,12,2005,2225642,2225642,"HUMAN_OBSERVATION","TPWD","Corpus Christi Bay Trawl",NA,NA,"",NA,"CC0_1_0","","TPWD",NA,NA,2025-02-01 02:12:04.312,"","GEODETIC_DATUM_INVALID;GEODETIC_DATUM_ASSUMED_WGS84;OCCURRENCE_STATUS_UNPARSABLE"
1271507395,"f42d2be3-1264-4b68-a3bd-39363bcc437f","1111564217","Animalia","Arthropoda","Malacostraca","Decapoda","Portunidae","Callinectes","Callinectes similis",NA,"SPECIES","Callinectes similis Williams, 1966","Callinectes similis","","US","Nueces Estuary","Texas","PRESENT",NA,"c3ad790a-d426-4ac1-8e32-da61f81f0117",27.79,-97.3075,100,NA,NA,NA,4.15,0.15,"2008-05-08T11:05",8,5,2008,2225642,2225642,"HUMAN_OBSERVATION","TPWD","Corpus Christi Bay Trawl",NA,NA,"",NA,"CC0_1_0","","TPWD",NA,NA,2025-02-01 02:12:04.311,"","GEODETIC_DATUM_INVALID;GEODETIC_DATUM_ASSUMED_WGS84;DEPTH_MIN_MAX_SWAPPED;OCCURRENCE_STATUS_UNPARSABLE"
1271507393,"f42d2be3-1264-4b68-a3bd-39363bcc437f","1111563305","Animalia","Arthropoda","Malacostraca","Decapoda","Portunidae","Callinectes","Callinectes similis",NA,"SPECIES","Callinectes similis Williams, 1966","Callinectes similis","","US","Nueces Estuary","Texas","PRESENT",NA,"c3ad790a-d426-4ac1-8e32-da61f81f0117",27.806111,-97.376111,100,NA,NA,NA,3.15,0.05,"2008-10-08T09:05",8,10,2008,2225642,2225642,"HUMAN_OBSERVATION","TPWD","Corpus Christi Bay Trawl",NA,NA,"",NA,"CC0_1_0","","TPWD",NA,NA,2025-02-01 02:12:01.419,"","GEODETIC_DATUM_INVALID;GEODETIC_DATUM_ASSUMED_WGS84;CONTINENT_DERIVED_FROM_COORDINATES;DEPTH_MIN_MAX_SWAPPED;OCCURRENCE_STATUS_UNPARSABLE"
1271507382,"f42d2be3-1264-4b68-a3bd-39363bcc437f","1111564216","Animalia","Arthropoda","Malacostraca","Decapoda","Portunidae","Callinectes","Callinectes similis",NA,"SPECIES","Callinectes similis Williams, 1966","Callinectes similis","","US","Nueces Estuary","Texas","PRESENT",NA,"c3ad790a-d426-4ac1-8e32-da61f81f0117",27.789722,-97.308611,100,NA,NA,NA,4,0,"2008-06-02T09:37",2,6,2008,2225642,2225642,"HUMAN_OBSERVATION","TPWD","Corpus Christi Bay Trawl",NA,NA,"",NA,"CC0_1_0","","TPWD",NA,NA,2025-02-01 02:12:04.311,"","GEODETIC_DATUM_INVALID;GEODETIC_DATUM_ASSUMED_WGS84;OCCURRENCE_STATUS_UNPARSABLE"
1271507369,"f42d2be3-1264-4b68-a3bd-39363bcc437f","1111563300","Animalia","Arthropoda","Malacostraca","Decapoda","Portunidae","Callinectes","Callinectes similis",NA,"SPECIES","Callinectes similis Williams, 1966","Callinectes similis","","US","Nueces Estuary","Texas","PRESENT",NA,"c3ad790a-d426-4ac1-8e32-da61f81f0117",27.802778,-97.371111,100,NA,NA,NA,3.15,0.15,"2008-09-09T10:02",9,9,2008,2225642,2225642,"HUMAN_OBSERVATION","TPWD","Corpus Christi Bay Trawl",NA,NA,"",NA,"CC0_1_0","","TPWD",NA,NA,2025-02-01 02:12:01.419,"","GEODETIC_DATUM_INVALID;GEODETIC_DATUM_ASSUMED_WGS84;CONTINENT_DERIVED_FROM_COORDINATES;DEPTH_MIN_MAX_SWAPPED;OCCURRENCE_STATUS_UNPARSABLE"
1271507359,"f42d2be3-1264-4b68-a3bd-39363bcc437f","1111564211","Animalia","Arthropoda","Malacostraca","Decapoda","Portunidae","Callinectes","Callinectes similis",NA,"SPECIES","Callinectes similis Williams, 1966","Callinectes similis","","US","Nueces Estuary","Texas","PRESENT",NA,"c3ad790a-d426-4ac1-8e32-da61f81f0117",27.786111,-97.3075,100,NA,NA,NA,4.15,0.15,"2007-04-16T10:25",16,4,2007,2225642,2225642,"HUMAN_OBSERVATION","TPWD","Corpus Christi Bay Trawl",NA,NA,"",NA,"CC0_1_0","","TPWD",NA,NA,2025-02-01 02:12:04.313,"","GEODETIC_DATUM_INVALID;GEODETIC_DATUM_ASSUMED_WGS84;DEPTH_MIN_MAX_SWAPPED;OCCURRENCE_STATUS_UNPARSABLE"
1271507353,"f42d2be3-1264-4b68-a3bd-39363bcc437f","1111563818","Animalia","Arthropoda","Malacostraca","Decapoda","Portunidae","Callinectes","Callinectes similis",NA,"SPECIES","Callinectes similis Williams, 1966","Callinectes similis","","US","Nueces Estuary","Texas","PRESENT",NA,"c3ad790a-d426-4ac1-8e32-da61f81f0117",27.806111,-97.175,100,NA,NA,NA,2.25,0.15,"2006-07-12T11:53",12,7,2006,2225642,2225642,"HUMAN_OBSERVATION","TPWD","Corpus Christi Bay Trawl",NA,NA,"",NA,"CC0_1_0","","TPWD",NA,NA,2025-02-01 02:12:01.655,"","GEODETIC_DATUM_INVALID;GEODETIC_DATUM_ASSUMED_WGS84;CONTINENT_DERIVED_FROM_COORDINATES;DEPTH_MIN_MAX_SWAPPED;OCCURRENCE_STATUS_UNPARSABLE"
1271507347,"f42d2be3-1264-4b68-a3bd-39363bcc437f","1111563288","Animalia","Arthropoda","Malacostraca","Decapoda","Portunidae","Callinectes","Callinectes similis",NA,"SPECIES","Callinectes similis Williams, 1966","Callinectes similis","","US","Nueces Estuary","Texas","PRESENT",NA,"c3ad790a-d426-4ac1-8e32-da61f81f0117",27.829167,-97.158611,100,NA,NA,NA,2.1,0.3,"2008-04-21T08:24",21,4,2008,2225642,2225642,"HUMAN_OBSERVATION","TPWD","Corpus Christi Bay Trawl",NA,NA,"",NA,"CC0_1_0","","TPWD",NA,NA,2025-02-01 02:12:01.452,"","GEODETIC_DATUM_INVALID;GEODETIC_DATUM_ASSUMED_WGS84;CONTINENT_DERIVED_FROM_COORDINATES;DEPTH_MIN_MAX_SWAPPED;OCCURRENCE_STATUS_UNPARSABLE"
1271507345,"f42d2be3-1264-4b68-a3bd-39363bcc437f","1111564208","Animalia","Arthropoda","Malacostraca","Decapoda","Portunidae","Callinectes","Callinectes similis",NA,"SPECIES","Callinectes similis Williams, 1966","Callinectes similis","","US","Nueces Estuary","Texas","PRESENT",NA,"c3ad790a-d426-4ac1-8e32-da61f81f0117",27.793056,-97.323611,100,NA,NA,NA,3.85,0.05,"2008-08-11T11:11",11,8,2008,2225642,2225642,"HUMAN_OBSERVATION","TPWD","Corpus Christi Bay Trawl",NA,NA,"",NA,"CC0_1_0","","TPWD",NA,NA,2025-02-01 02:12:04.313,"","GEODETIC_DATUM_INVALID;GEODETIC_DATUM_ASSUMED_WGS84;CONTINENT_DERIVED_FROM_COORDINATES;DEPTH_MIN_MAX_SWAPPED;OCCURRENCE_STATUS_UNPARSABLE"
1271507324,"f42d2be3-1264-4b68-a3bd-39363bcc437f","1111563470","Animalia","Arthropoda","Malacostraca","Decapoda","Portunidae","Callinectes","Callinectes similis",NA,"SPECIES","Callinectes similis Williams, 1966","Callinectes similis","","US","Nueces Estuary","Texas","PRESENT",NA,"c3ad790a-d426-4ac1-8e32-da61f81f0117",27.807778,-97.3075,100,NA,NA,NA,4,0,"2008-04-11T08:20",11,4,2008,2225642,2225642,"HUMAN_OBSERVATION","TPWD","Corpus Christi Bay Trawl",NA,NA,"",NA,"CC0_1_0","","TPWD",NA,NA,2025-02-01 02:12:01.482,"","GEODETIC_DATUM_INVALID;GEODETIC_DATUM_ASSUMED_WGS84;OCCURRENCE_STATUS_UNPARSABLE"
1271507318,"f42d2be3-1264-4b68-a3bd-39363bcc437f","1111564383","Animalia","Arthropoda","Malacostraca","Decapoda","Portunidae","Callinectes","Callinectes similis",NA,"SPECIES","Callinectes similis Williams, 1966","Callinectes similis","","US","Nueces Estuary","Texas","PRESENT",NA,"c3ad790a-d426-4ac1-8e32-da61f81f0117",27.791389,-97.259167,100,NA,NA,NA,3.9,0,"2008-07-21T15:51",21,7,2008,2225642,2225642,"HUMAN_OBSERVATION","TPWD","Corpus Christi Bay Trawl",NA,NA,"",NA,"CC0_1_0","","TPWD",NA,NA,2025-02-01 02:12:04.371,"","GEODETIC_DATUM_INVALID;GEODETIC_DATUM_ASSUMED_WGS84;CONTINENT_DERIVED_FROM_COORDINATES;OCCURRENCE_STATUS_UNPARSABLE"
1271507260,"f42d2be3-1264-4b68-a3bd-39363bcc437f","1111563689","Animalia","Arthropoda","Malacostraca","Decapoda","Portunidae","Callinectes","Callinectes similis",NA,"SPECIES","Callinectes similis Williams, 1966","Callinectes similis","","US","Nueces Estuary","Texas","PRESENT",NA,"c3ad790a-d426-4ac1-8e32-da61f81f0117",27.808056,-97.241111,100,NA,NA,NA,4,0,"2005-03-07T08:37",7,3,2005,2225642,2225642,"HUMAN_OBSERVATION","TPWD","Corpus Christi Bay Trawl",NA,NA,"",NA,"CC0_1_0","","TPWD",NA,NA,2025-02-01 02:12:01.569,"","GEODETIC_DATUM_INVALID;GEODETIC_DATUM_ASSUMED_WGS84;CONTINENT_DERIVED_FROM_COORDINATES;OCCURRENCE_STATUS_UNPARSABLE"
1271507256,"f42d2be3-1264-4b68-a3bd-39363bcc437f","1111563579","Animalia","Arthropoda","Malacostraca","Decapoda","Portunidae","Callinectes","Callinectes similis",NA,"SPECIES","Callinectes similis Williams, 1966","Callinectes similis","","US","Nueces Estuary","Texas","PRESENT",NA,"c3ad790a-d426-4ac1-8e32-da61f81f0117",27.805833,-97.275556,100,NA,NA,NA,4.15,0.15,"2007-07-06T09:30",6,7,2007,2225642,2225642,"HUMAN_OBSERVATION","TPWD","Corpus Christi Bay Trawl",NA,NA,"",NA,"CC0_1_0","","TPWD",NA,NA,2025-02-01 02:12:01.525,"","GEODETIC_DATUM_INVALID;GEODETIC_DATUM_ASSUMED_WGS84;CONTINENT_DERIVED_FROM_COORDINATES;DEPTH_MIN_MAX_SWAPPED;OCCURRENCE_STATUS_UNPARSABLE"
1271507250,"f42d2be3-1264-4b68-a3bd-39363bcc437f","1111563685","Animalia","Arthropoda","Malacostraca","Decapoda","Portunidae","Callinectes","Callinectes similis",NA,"SPECIES","Callinectes similis Williams, 1966","Callinectes similis","","US","Nueces Estuary","Texas","PRESENT",NA,"c3ad790a-d426-4ac1-8e32-da61f81f0117",27.806944,-97.239444,100,NA,NA,NA,4.15,0.0500000000000003,"2008-11-18T12:18",18,11,2008,2225642,2225642,"HUMAN_OBSERVATION","TPWD","Corpus Christi Bay Trawl",NA,NA,"",NA,"CC0_1_0","","TPWD",NA,NA,2025-02-01 02:12:01.57,"","GEODETIC_DATUM_INVALID;GEODETIC_DATUM_ASSUMED_WGS84;CONTINENT_DERIVED_FROM_COORDINATES;DEPTH_MIN_MAX_SWAPPED;OCCURRENCE_STATUS_UNPARSABLE"
1271507247,"f42d2be3-1264-4b68-a3bd-39363bcc437f","1111563576","Animalia","Arthropoda","Malacostraca","Decapoda","Portunidae","Callinectes","Callinectes similis",NA,"SPECIES","Callinectes similis Williams, 1966","Callinectes similis","","US","Nueces Estuary","Texas","PRESENT",NA,"c3ad790a-d426-4ac1-8e32-da61f81f0117",27.805278,-97.275556,100,NA,NA,NA,4.3,0,"2007-03-29T11:01",29,3,2007,2225642,2225642,"HUMAN_OBSERVATION","TPWD","Corpus Christi Bay Trawl",NA,NA,"",NA,"CC0_1_0","","TPWD",NA,NA,2025-02-01 02:12:01.525,"","GEODETIC_DATUM_INVALID;GEODETIC_DATUM_ASSUMED_WGS84;CONTINENT_DERIVED_FROM_COORDINATES;OCCURRENCE_STATUS_UNPARSABLE"
1271507240,"f42d2be3-1264-4b68-a3bd-39363bcc437f","1111563684","Animalia","Arthropoda","Malacostraca","Decapoda","Portunidae","Callinectes","Callinectes similis",NA,"SPECIES","Callinectes similis Williams, 1966","Callinectes similis","","US","Nueces Estuary","Texas","PRESENT",NA,"c3ad790a-d426-4ac1-8e32-da61f81f0117",27.806389,-97.239444,100,NA,NA,NA,4.15,0.15,"2008-07-14T11:26",14,7,2008,2225642,2225642,"HUMAN_OBSERVATION","TPWD","Corpus Christi Bay Trawl",NA,NA,"",NA,"CC0_1_0","","TPWD",NA,NA,2025-02-01 02:12:01.569,"","GEODETIC_DATUM_INVALID;GEODETIC_DATUM_ASSUMED_WGS84;CONTINENT_DERIVED_FROM_COORDINATES;DEPTH_MIN_MAX_SWAPPED;OCCURRENCE_STATUS_UNPARSABLE"
1271507231,"f42d2be3-1264-4b68-a3bd-39363bcc437f","1111562970","Animalia","Arthropoda","Malacostraca","Decapoda","Portunidae","Callinectes","Callinectes similis",NA,"SPECIES","Callinectes similis Williams, 1966","Callinectes similis","","US","Nueces Estuary","Texas","PRESENT",NA,"c3ad790a-d426-4ac1-8e32-da61f81f0117",27.824722,-97.326667,100,NA,NA,NA,3.85,0.15,"2006-08-03T09:11",3,8,2006,2225642,2225642,"HUMAN_OBSERVATION","TPWD","Corpus Christi Bay Trawl",NA,NA,"",NA,"CC0_1_0","","TPWD",NA,NA,2025-02-01 02:12:02.818,"","GEODETIC_DATUM_INVALID;GEODETIC_DATUM_ASSUMED_WGS84;CONTINENT_DERIVED_FROM_COORDINATES;DEPTH_MIN_MAX_SWAPPED;OCCURRENCE_STATUS_UNPARSABLE"
1271507225,"f42d2be3-1264-4b68-a3bd-39363bcc437f","1111562740","Animalia","Arthropoda","Malacostraca","Decapoda","Portunidae","Callinectes","Callinectes similis",NA,"SPECIES","Callinectes similis Williams, 1966","Callinectes similis","","US","Nueces Estuary","Texas","PRESENT",NA,"c3ad790a-d426-4ac1-8e32-da61f81f0117",27.844444,-97.261389,100,NA,NA,NA,2.85,0.15,"2007-10-25T09:31",25,10,2007,2225642,2225642,"HUMAN_OBSERVATION","TPWD","Corpus Christi Bay Trawl",NA,NA,"",NA,"CC0_1_0","","TPWD",NA,NA,2025-02-01 02:12:02.771,"","GEODETIC_DATUM_INVALID;GEODETIC_DATUM_ASSUMED_WGS84;CONTINENT_DERIVED_FROM_COORDINATES;DEPTH_MIN_MAX_SWAPPED;OCCURRENCE_STATUS_UNPARSABLE"
1271507218,"f42d2be3-1264-4b68-a3bd-39363bcc437f","1111563680","Animalia","Arthropoda","Malacostraca","Decapoda","Portunidae","Callinectes","Callinectes similis",NA,"SPECIES","Callinectes similis Williams, 1966","Callinectes similis","","US","Nueces Estuary","Texas","PRESENT",NA,"c3ad790a-d426-4ac1-8e32-da61f81f0117",27.805,-97.2425,100,NA,NA,NA,4.3,0,"2007-07-06T09:05",6,7,2007,2225642,2225642,"HUMAN_OBSERVATION","TPWD","Corpus Christi Bay Trawl",NA,NA,"",NA,"CC0_1_0","","TPWD",NA,NA,2025-02-01 02:12:01.548,"","GEODETIC_DATUM_INVALID;GEODETIC_DATUM_ASSUMED_WGS84;CONTINENT_DERIVED_FROM_COORDINATES;OCCURRENCE_STATUS_UNPARSABLE"
1271507213,"f42d2be3-1264-4b68-a3bd-39363bcc437f","1111563110","Animalia","Arthropoda","Malacostraca","Decapoda","Portunidae","Callinectes","Callinectes similis",NA,"SPECIES","Callinectes similis Williams, 1966","Callinectes similis","","US","Nueces Estuary","Texas","PRESENT",NA,"c3ad790a-d426-4ac1-8e32-da61f81f0117",27.823333,-97.273611,100,NA,NA,NA,3.85,0.15,"2007-04-16T09:10",16,4,2007,2225642,2225642,"HUMAN_OBSERVATION","TPWD","Corpus Christi Bay Trawl",NA,NA,"",NA,"CC0_1_0","","TPWD",NA,NA,2025-02-01 02:12:01.303,"","GEODETIC_DATUM_INVALID;GEODETIC_DATUM_ASSUMED_WGS84;CONTINENT_DERIVED_FROM_COORDINATES;DEPTH_MIN_MAX_SWAPPED;OCCURRENCE_STATUS_UNPARSABLE"
1271507206,"f42d2be3-1264-4b68-a3bd-39363bcc437f","1111563679","Animalia","Arthropoda","Malacostraca","Decapoda","Portunidae","Callinectes","Callinectes similis",NA,"SPECIES","Callinectes similis Williams, 1966","Callinectes similis","","US","Nueces Estuary","Texas","PRESENT",NA,"c3ad790a-d426-4ac1-8e32-da61f81f0117",27.804444,-97.241944,100,NA,NA,NA,4,0,"2008-03-21T13:17",21,3,2008,2225642,2225642,"HUMAN_OBSERVATION","TPWD","Corpus Christi Bay Trawl",NA,NA,"",NA,"CC0_1_0","","TPWD",NA,NA,2025-02-01 02:12:01.548,"","GEODETIC_DATUM_INVALID;GEODETIC_DATUM_ASSUMED_WGS84;CONTINENT_DERIVED_FROM_COORDINATES;OCCURRENCE_STATUS_UNPARSABLE"
1271507198,"f42d2be3-1264-4b68-a3bd-39363bcc437f","1111562902","Animalia","Arthropoda","Malacostraca","Decapoda","Portunidae","Callinectes","Callinectes similis",NA,"SPECIES","Callinectes similis Williams, 1966","Callinectes similis","","US","Nueces Estuary","Texas","PRESENT",NA,"c3ad790a-d426-4ac1-8e32-da61f81f0117",27.823333,-97.340278,100,NA,NA,NA,4,0,"2007-03-29T09:21",29,3,2007,2225642,2225642,"HUMAN_OBSERVATION","TPWD","Corpus Christi Bay Trawl",NA,NA,"",NA,"CC0_1_0","","TPWD",NA,NA,2025-02-01 02:12:02.815,"","GEODETIC_DATUM_INVALID;GEODETIC_DATUM_ASSUMED_WGS84;CONTINENT_DERIVED_FROM_COORDINATES;OCCURRENCE_STATUS_UNPARSABLE"
1271507183,"f42d2be3-1264-4b68-a3bd-39363bcc437f","1111563675","Animalia","Arthropoda","Malacostraca","Decapoda","Portunidae","Callinectes","Callinectes similis",NA,"SPECIES","Callinectes similis Williams, 1966","Callinectes similis","","US","Nueces Estuary","Texas","PRESENT",NA,"c3ad790a-d426-4ac1-8e32-da61f81f0117",27.803611,-97.241111,100,NA,NA,NA,4.05,0.0499999999999998,"2008-12-09T12:11",9,12,2008,2225642,2225642,"HUMAN_OBSERVATION","TPWD","Corpus Christi Bay Trawl",NA,NA,"",NA,"CC0_1_0","","TPWD",NA,NA,2025-02-01 02:12:01.549,"","GEODETIC_DATUM_INVALID;GEODETIC_DATUM_ASSUMED_WGS84;CONTINENT_DERIVED_FROM_COORDINATES;DEPTH_MIN_MAX_SWAPPED;OCCURRENCE_STATUS_UNPARSABLE"
1271507182,"f42d2be3-1264-4b68-a3bd-39363bcc437f","1111564070","Animalia","Arthropoda","Malacostraca","Decapoda","Portunidae","Callinectes","Callinectes similis",NA,"SPECIES","Callinectes similis Williams, 1966","Callinectes similis","","US","Nueces Estuary","Texas","PRESENT",NA,"c3ad790a-d426-4ac1-8e32-da61f81f0117",27.790556,-97.358333,100,NA,NA,NA,3.45,0.15,"2006-09-27T10:13",27,9,2006,2225642,2225642,"HUMAN_OBSERVATION","TPWD","Corpus Christi Bay Trawl",NA,NA,"",NA,"CC0_1_0","","TPWD",NA,NA,2025-02-01 02:12:04.293,"","GEODETIC_DATUM_INVALID;GEODETIC_DATUM_ASSUMED_WGS84;CONTINENT_DERIVED_FROM_COORDINATES;DEPTH_MIN_MAX_SWAPPED;OCCURRENCE_STATUS_UNPARSABLE"
1271507177,"f42d2be3-1264-4b68-a3bd-39363bcc437f","1111563426","Animalia","Arthropoda","Malacostraca","Decapoda","Portunidae","Callinectes","Callinectes similis",NA,"SPECIES","Callinectes similis Williams, 1966","Callinectes similis","","US","Nueces Estuary","Texas","PRESENT",NA,"c3ad790a-d426-4ac1-8e32-da61f81f0117",27.805833,-97.3325,100,NA,NA,NA,2.7,0,"2005-12-02T08:45",2,12,2005,2225642,2225642,"HUMAN_OBSERVATION","TPWD","Corpus Christi Bay Trawl",NA,NA,"",NA,"CC0_1_0","","TPWD",NA,NA,2025-02-01 02:12:01.463,"","GEODETIC_DATUM_INVALID;GEODETIC_DATUM_ASSUMED_WGS84;CONTINENT_DERIVED_FROM_COORDINATES;OCCURRENCE_STATUS_UNPARSABLE"
1271507173,"f42d2be3-1264-4b68-a3bd-39363bcc437f","1111563911","Animalia","Arthropoda","Malacostraca","Decapoda","Portunidae","Callinectes","Callinectes similis",NA,"SPECIES","Callinectes similis Williams, 1966","Callinectes similis","","US","Nueces Estuary","Texas","PRESENT",NA,"c3ad790a-d426-4ac1-8e32-da61f81f0117",27.805278,-97.144444,100,NA,NA,NA,2.85,0.15,"2008-04-11T12:16",11,4,2008,2225642,2225642,"HUMAN_OBSERVATION","TPWD","Corpus Christi Bay Trawl",NA,NA,"",NA,"CC0_1_0","","TPWD",NA,NA,2025-02-01 02:12:01.698,"","GEODETIC_DATUM_INVALID;GEODETIC_DATUM_ASSUMED_WGS84;CONTINENT_DERIVED_FROM_COORDINATES;DEPTH_MIN_MAX_SWAPPED;OCCURRENCE_STATUS_UNPARSABLE"
1271507168,"f42d2be3-1264-4b68-a3bd-39363bcc437f","1111562898","Animalia","Arthropoda","Malacostraca","Decapoda","Portunidae","Callinectes","Callinectes similis",NA,"SPECIES","Callinectes similis Williams, 1966","Callinectes similis","","US","Nueces Estuary","Texas","PRESENT",NA,"c3ad790a-d426-4ac1-8e32-da61f81f0117",27.826944,-97.358889,100,NA,NA,NA,3.2,0.2,"2008-03-21T09:10",21,3,2008,2225642,2225642,"HUMAN_OBSERVATION","TPWD","Corpus Christi Bay Trawl",NA,NA,"",NA,"CC0_1_0","","TPWD",NA,NA,2025-02-01 02:12:02.776,"","GEODETIC_DATUM_INVALID;GEODETIC_DATUM_ASSUMED_WGS84;CONTINENT_DERIVED_FROM_COORDINATES;DEPTH_MIN_MAX_SWAPPED;OCCURRENCE_STATUS_UNPARSABLE"
1271507163,"f42d2be3-1264-4b68-a3bd-39363bcc437f","1111563776","Animalia","Arthropoda","Malacostraca","Decapoda","Portunidae","Callinectes","Callinectes similis",NA,"SPECIES","Callinectes similis Williams, 1966","Callinectes similis","","US","Nueces Estuary","Texas","PRESENT",NA,"c3ad790a-d426-4ac1-8e32-da61f81f0117",27.807222,-97.186389,100,NA,NA,NA,2.85,0.15,"2006-06-02T12:48",2,6,2006,2225642,2225642,"HUMAN_OBSERVATION","TPWD","Corpus Christi Bay Trawl",NA,NA,"",NA,"CC0_1_0","","TPWD",NA,NA,2025-02-01 02:12:01.587,"","GEODETIC_DATUM_INVALID;GEODETIC_DATUM_ASSUMED_WGS84;CONTINENT_DERIVED_FROM_COORDINATES;DEPTH_MIN_MAX_SWAPPED;OCCURRENCE_STATUS_UNPARSABLE"
1271507162,"f42d2be3-1264-4b68-a3bd-39363bcc437f","1111563423","Animalia","Arthropoda","Malacostraca","Decapoda","Portunidae","Callinectes","Callinectes similis",NA,"SPECIES","Callinectes similis Williams, 1966","Callinectes similis","","US","Nueces Estuary","Texas","PRESENT",NA,"c3ad790a-d426-4ac1-8e32-da61f81f0117",27.804722,-97.325278,100,NA,NA,NA,3.55,0.15,"2006-12-19T09:40",19,12,2006,2225642,2225642,"HUMAN_OBSERVATION","TPWD","Corpus Christi Bay Trawl",NA,NA,"",NA,"CC0_1_0","","TPWD",NA,NA,2025-02-01 02:12:01.464,"","GEODETIC_DATUM_INVALID;GEODETIC_DATUM_ASSUMED_WGS84;CONTINENT_DERIVED_FROM_COORDINATES;DEPTH_MIN_MAX_SWAPPED;OCCURRENCE_STATUS_UNPARSABLE"
1271507151,"f42d2be3-1264-4b68-a3bd-39363bcc437f","1111562950","Animalia","Arthropoda","Malacostraca","Decapoda","Portunidae","Callinectes","Callinectes similis",NA,"SPECIES","Callinectes similis Williams, 1966","Callinectes similis","","US","Nueces Estuary","Texas","PRESENT",NA,"c3ad790a-d426-4ac1-8e32-da61f81f0117",27.825556,-97.341944,100,NA,NA,NA,3.55,0.15,"2005-12-02T09:35",2,12,2005,2225642,2225642,"HUMAN_OBSERVATION","TPWD","Corpus Christi Bay Trawl",NA,NA,"",NA,"CC0_1_0","","TPWD",NA,NA,2025-02-01 02:12:02.82,"","GEODETIC_DATUM_INVALID;GEODETIC_DATUM_ASSUMED_WGS84;CONTINENT_DERIVED_FROM_COORDINATES;DEPTH_MIN_MAX_SWAPPED;OCCURRENCE_STATUS_UNPARSABLE"
1271507150,"f42d2be3-1264-4b68-a3bd-39363bcc437f","1111563775","Animalia","Arthropoda","Malacostraca","Decapoda","Portunidae","Callinectes","Callinectes similis",NA,"SPECIES","Callinectes similis Williams, 1966","Callinectes similis","","US","Nueces Estuary","Texas","PRESENT",NA,"c3ad790a-d426-4ac1-8e32-da61f81f0117",27.806944,-97.188056,100,NA,NA,NA,2.85,0.15,"2006-03-20T08:23",20,3,2006,2225642,2225642,"HUMAN_OBSERVATION","TPWD","Corpus Christi Bay Trawl",NA,NA,"",NA,"CC0_1_0","","TPWD",NA,NA,2025-02-01 02:12:01.588,"","GEODETIC_DATUM_INVALID;GEODETIC_DATUM_ASSUMED_WGS84;CONTINENT_DERIVED_FROM_COORDINATES;DEPTH_MIN_MAX_SWAPPED;OCCURRENCE_STATUS_UNPARSABLE"
1271507135,"f42d2be3-1264-4b68-a3bd-39363bcc437f","1111563418","Animalia","Arthropoda","Malacostraca","Decapoda","Portunidae","Callinectes","Callinectes similis",NA,"SPECIES","Callinectes similis Williams, 1966","Callinectes similis","","US","Nueces Estuary","Texas","PRESENT",NA,"c3ad790a-d426-4ac1-8e32-da61f81f0117",27.8025,-97.321389,100,NA,NA,NA,3.2,0.2,"2005-05-02T10:22",2,5,2005,2225642,2225642,"HUMAN_OBSERVATION","TPWD","Corpus Christi Bay Trawl",NA,NA,"",NA,"CC0_1_0","","TPWD",NA,NA,2025-02-01 02:12:01.465,"","GEODETIC_DATUM_INVALID;GEODETIC_DATUM_ASSUMED_WGS84;CONTINENT_DERIVED_FROM_COORDINATES;DEPTH_MIN_MAX_SWAPPED;OCCURRENCE_STATUS_UNPARSABLE"
1271507101,"f42d2be3-1264-4b68-a3bd-39363bcc437f","1111562525","Animalia","Arthropoda","Malacostraca","Decapoda","Portunidae","Callinectes","Callinectes similis",NA,"SPECIES","Callinectes similis Williams, 1966","Callinectes similis","","US","Nueces Estuary","Texas","PRESENT",NA,"c3ad790a-d426-4ac1-8e32-da61f81f0117",27.842222,-97.342778,100,NA,NA,NA,3.05,0.05,"2008-12-09T10:11",9,12,2008,2225642,2225642,"HUMAN_OBSERVATION","TPWD","Corpus Christi Bay Trawl",NA,NA,"",NA,"CC0_1_0","","TPWD",NA,NA,2025-02-01 02:12:02.692,"","GEODETIC_DATUM_INVALID;GEODETIC_DATUM_ASSUMED_WGS84;CONTINENT_DERIVED_FROM_COORDINATES;DEPTH_MIN_MAX_SWAPPED;OCCURRENCE_STATUS_UNPARSABLE"
1271507062,"f42d2be3-1264-4b68-a3bd-39363bcc437f","1111562187","Animalia","Arthropoda","Malacostraca","Decapoda","Portunidae","Callinectes","Callinectes similis",NA,"SPECIES","Callinectes similis Williams, 1966","Callinectes similis","","US","Nueces Estuary","Texas","PRESENT",NA,"c3ad790a-d426-4ac1-8e32-da61f81f0117",27.857222,-97.326389,100,NA,NA,NA,3.2,0.2,"2006-03-02T08:49",2,3,2006,2225642,2225642,"HUMAN_OBSERVATION","TPWD","Corpus Christi Bay Trawl",NA,NA,"",NA,"CC0_1_0","","TPWD",NA,NA,2025-02-01 02:12:02.512,"","GEODETIC_DATUM_INVALID;GEODETIC_DATUM_ASSUMED_WGS84;CONTINENT_DERIVED_FROM_COORDINATES;DEPTH_MIN_MAX_SWAPPED;OCCURRENCE_STATUS_UNPARSABLE"
1271507046,"f42d2be3-1264-4b68-a3bd-39363bcc437f","1111563070","Animalia","Arthropoda","Malacostraca","Decapoda","Portunidae","Callinectes","Callinectes similis",NA,"SPECIES","Callinectes similis Williams, 1966","Callinectes similis","","US","Nueces Estuary","Texas","PRESENT",NA,"c3ad790a-d426-4ac1-8e32-da61f81f0117",27.824444,-97.292222,100,NA,NA,NA,4,0,"2007-03-29T08:48",29,3,2007,2225642,2225642,"HUMAN_OBSERVATION","TPWD","Corpus Christi Bay Trawl",NA,NA,"",NA,"CC0_1_0","","TPWD",NA,NA,2025-02-01 02:12:01.326,"","GEODETIC_DATUM_INVALID;GEODETIC_DATUM_ASSUMED_WGS84;CONTINENT_DERIVED_FROM_COORDINATES;OCCURRENCE_STATUS_UNPARSABLE"
1271507024,"f42d2be3-1264-4b68-a3bd-39363bcc437f","1111562182","Animalia","Arthropoda","Malacostraca","Decapoda","Portunidae","Callinectes","Callinectes similis",NA,"SPECIES","Callinectes similis Williams, 1966","Callinectes similis","","US","Nueces Estuary","Texas","PRESENT",NA,"c3ad790a-d426-4ac1-8e32-da61f81f0117",27.856667,-97.323333,100,NA,NA,NA,3.2,0.2,"2005-12-16T08:38",16,12,2005,2225642,2225642,"HUMAN_OBSERVATION","TPWD","Corpus Christi Bay Trawl",NA,NA,"",NA,"CC0_1_0","","TPWD",NA,NA,2025-02-01 02:12:02.515,"","GEODETIC_DATUM_INVALID;GEODETIC_DATUM_ASSUMED_WGS84;CONTINENT_DERIVED_FROM_COORDINATES;DEPTH_MIN_MAX_SWAPPED;OCCURRENCE_STATUS_UNPARSABLE"
1271507021,"f42d2be3-1264-4b68-a3bd-39363bcc437f","1111562318","Animalia","Arthropoda","Malacostraca","Decapoda","Portunidae","Callinectes","Callinectes similis",NA,"SPECIES","Callinectes similis Williams, 1966","Callinectes similis","","US","Nueces Estuary","Texas","PRESENT",NA,"c3ad790a-d426-4ac1-8e32-da61f81f0117",27.858611,-97.291944,100,NA,NA,NA,3.4,0,"2005-01-17T09:12",17,1,2005,2225642,2225642,"HUMAN_OBSERVATION","TPWD","Corpus Christi Bay Trawl",NA,NA,"",NA,"CC0_1_0","","TPWD",NA,NA,2025-02-01 02:12:02.598,"","GEODETIC_DATUM_INVALID;GEODETIC_DATUM_ASSUMED_WGS84;CONTINENT_DERIVED_FROM_COORDINATES;OCCURRENCE_STATUS_UNPARSABLE"
1271507006,"f42d2be3-1264-4b68-a3bd-39363bcc437f","1111562178","Animalia","Arthropoda","Malacostraca","Decapoda","Portunidae","Callinectes","Callinectes similis",NA,"SPECIES","Callinectes similis Williams, 1966","Callinectes similis","","US","Nueces Estuary","Texas","PRESENT",NA,"c3ad790a-d426-4ac1-8e32-da61f81f0117",27.855,-97.325278,100,NA,NA,NA,3.4,0,"2008-05-27T08:51",27,5,2008,2225642,2225642,"HUMAN_OBSERVATION","TPWD","Corpus Christi Bay Trawl",NA,NA,"",NA,"CC0_1_0","","TPWD",NA,NA,2025-02-01 02:12:02.513,"","GEODETIC_DATUM_INVALID;GEODETIC_DATUM_ASSUMED_WGS84;CONTINENT_DERIVED_FROM_COORDINATES;OCCURRENCE_STATUS_UNPARSABLE"
1271506986,"f42d2be3-1264-4b68-a3bd-39363bcc437f","1111563059","Animalia","Arthropoda","Malacostraca","Decapoda","Portunidae","Callinectes","Callinectes similis",NA,"SPECIES","Callinectes similis Williams, 1966","Callinectes similis","","US","Nueces Estuary","Texas","PRESENT",NA,"c3ad790a-d426-4ac1-8e32-da61f81f0117",27.826667,-97.308889,100,NA,NA,NA,3.7,0,"2008-06-02T09:09",2,6,2008,2225642,2225642,"HUMAN_OBSERVATION","TPWD","Corpus Christi Bay Trawl",NA,NA,"",NA,"CC0_1_0","","TPWD",NA,NA,2025-02-01 02:12:01.341,"","GEODETIC_DATUM_INVALID;GEODETIC_DATUM_ASSUMED_WGS84;CONTINENT_DERIVED_FROM_COORDINATES;OCCURRENCE_STATUS_UNPARSABLE"
1271506967,"f42d2be3-1264-4b68-a3bd-39363bcc437f","1111563055","Animalia","Arthropoda","Malacostraca","Decapoda","Portunidae","Callinectes","Callinectes similis",NA,"SPECIES","Callinectes similis Williams, 1966","Callinectes similis","","US","Nueces Estuary","Texas","PRESENT",NA,"c3ad790a-d426-4ac1-8e32-da61f81f0117",27.826389,-97.306944,100,NA,NA,NA,3.65,0.05,"2008-12-09T10:42",9,12,2008,2225642,2225642,"HUMAN_OBSERVATION","TPWD","Corpus Christi Bay Trawl",NA,NA,"",NA,"CC0_1_0","","TPWD",NA,NA,2025-02-01 02:12:01.335,"","GEODETIC_DATUM_INVALID;GEODETIC_DATUM_ASSUMED_WGS84;CONTINENT_DERIVED_FROM_COORDINATES;DEPTH_MIN_MAX_SWAPPED;OCCURRENCE_STATUS_UNPARSABLE"
1271506895,"f42d2be3-1264-4b68-a3bd-39363bcc437f","1111563050","Animalia","Arthropoda","Malacostraca","Decapoda","Portunidae","Callinectes","Callinectes similis",NA,"SPECIES","Callinectes similis Williams, 1966","Callinectes similis","","US","Nueces Estuary","Texas","PRESENT",NA,"c3ad790a-d426-4ac1-8e32-da61f81f0117",27.825,-97.309722,100,NA,NA,NA,3.4,0,"2005-11-07T08:26",7,11,2005,2225642,2225642,"HUMAN_OBSERVATION","TPWD","Corpus Christi Bay Trawl",NA,NA,"",NA,"CC0_1_0","","TPWD",NA,NA,2025-02-01 02:12:01.336,"","GEODETIC_DATUM_INVALID;GEODETIC_DATUM_ASSUMED_WGS84;CONTINENT_DERIVED_FROM_COORDINATES;OCCURRENCE_STATUS_UNPARSABLE"
1271506861,"f42d2be3-1264-4b68-a3bd-39363bcc437f","1111563158","Animalia","Arthropoda","Malacostraca","Decapoda","Portunidae","Callinectes","Callinectes similis",NA,"SPECIES","Callinectes similis Williams, 1966","Callinectes similis","","US","Nueces Estuary","Texas","PRESENT",NA,"c3ad790a-d426-4ac1-8e32-da61f81f0117",27.825278,-97.275278,100,NA,NA,NA,3.4,0,"2005-11-19T10:44",19,11,2005,2225642,2225642,"HUMAN_OBSERVATION","TPWD","Corpus Christi Bay Trawl",NA,NA,"",NA,"CC0_1_0","","TPWD",NA,NA,2025-02-01 02:12:01.299,"","GEODETIC_DATUM_INVALID;GEODETIC_DATUM_ASSUMED_WGS84;CONTINENT_DERIVED_FROM_COORDINATES;OCCURRENCE_STATUS_UNPARSABLE"
1271506835,"f42d2be3-1264-4b68-a3bd-39363bcc437f","1111563157","Animalia","Arthropoda","Malacostraca","Decapoda","Portunidae","Callinectes","Callinectes similis",NA,"SPECIES","Callinectes similis Williams, 1966","Callinectes similis","","US","Nueces Estuary","Texas","PRESENT",NA,"c3ad790a-d426-4ac1-8e32-da61f81f0117",27.825,-97.275833,100,NA,NA,NA,3.7,0,"2008-06-02T08:25",2,6,2008,2225642,2225642,"HUMAN_OBSERVATION","TPWD","Corpus Christi Bay Trawl",NA,NA,"",NA,"CC0_1_0","","TPWD",NA,NA,2025-02-01 02:12:01.299,"","GEODETIC_DATUM_INVALID;GEODETIC_DATUM_ASSUMED_WGS84;CONTINENT_DERIVED_FROM_COORDINATES;OCCURRENCE_STATUS_UNPARSABLE"
1271506813,"f42d2be3-1264-4b68-a3bd-39363bcc437f","1111562826","Animalia","Arthropoda","Malacostraca","Decapoda","Portunidae","Callinectes","Callinectes similis",NA,"SPECIES","Callinectes similis Williams, 1966","Callinectes similis","","US","Nueces Estuary","Texas","PRESENT",NA,"c3ad790a-d426-4ac1-8e32-da61f81f0117",27.823889,-97.376111,100,NA,NA,NA,3,0,"2006-10-24T10:21",24,10,2006,2225642,2225642,"HUMAN_OBSERVATION","TPWD","Corpus Christi Bay Trawl",NA,NA,"",NA,"CC0_1_0","","TPWD",NA,NA,2025-02-01 02:12:02.796,"","GEODETIC_DATUM_INVALID;GEODETIC_DATUM_ASSUMED_WGS84;CONTINENT_DERIVED_FROM_COORDINATES;OCCURRENCE_STATUS_UNPARSABLE"
1271506777,"f42d2be3-1264-4b68-a3bd-39363bcc437f","1111562670","Animalia","Arthropoda","Malacostraca","Decapoda","Portunidae","Callinectes","Callinectes similis",NA,"SPECIES","Callinectes similis Williams, 1966","Callinectes similis","","US","Nueces Estuary","Texas","PRESENT",NA,"c3ad790a-d426-4ac1-8e32-da61f81f0117",27.840556,-97.275278,100,NA,NA,NA,3,0,"2005-08-17T08:36",17,8,2005,2225642,2225642,"HUMAN_OBSERVATION","TPWD","Corpus Christi Bay Trawl",NA,NA,"",NA,"CC0_1_0","","TPWD",NA,NA,2025-02-01 02:12:02.718,"","GEODETIC_DATUM_INVALID;GEODETIC_DATUM_ASSUMED_WGS84;CONTINENT_DERIVED_FROM_COORDINATES;OCCURRENCE_STATUS_UNPARSABLE"
1271506749,"f42d2be3-1264-4b68-a3bd-39363bcc437f","1111562285","Animalia","Arthropoda","Malacostraca","Decapoda","Portunidae","Callinectes","Callinectes similis",NA,"SPECIES","Callinectes similis Williams, 1966","Callinectes similis","","US","Nueces Estuary","Texas","PRESENT",NA,"c3ad790a-d426-4ac1-8e32-da61f81f0117",27.857778,-97.288889,100,NA,NA,NA,3.7,0,"2008-05-08T08:46",8,5,2008,2225642,2225642,"HUMAN_OBSERVATION","TPWD","Corpus Christi Bay Trawl",NA,NA,"",NA,"CC0_1_0","","TPWD",NA,NA,2025-02-01 02:12:02.563,"","GEODETIC_DATUM_INVALID;GEODETIC_DATUM_ASSUMED_WGS84;CONTINENT_DERIVED_FROM_COORDINATES;OCCURRENCE_STATUS_UNPARSABLE"
1271506728,"f42d2be3-1264-4b68-a3bd-39363bcc437f","1111562278","Animalia","Arthropoda","Malacostraca","Decapoda","Portunidae","Callinectes","Callinectes similis",NA,"SPECIES","Callinectes similis Williams, 1966","Callinectes similis","","US","Nueces Estuary","Texas","PRESENT",NA,"c3ad790a-d426-4ac1-8e32-da61f81f0117",27.856111,-97.293333,100,NA,NA,NA,4.05,0.0499999999999998,"2008-10-16T09:08",16,10,2008,2225642,2225642,"HUMAN_OBSERVATION","TPWD","Corpus Christi Bay Trawl",NA,NA,"",NA,"CC0_1_0","","TPWD",NA,NA,2025-02-01 02:12:02.563,"","GEODETIC_DATUM_INVALID;GEODETIC_DATUM_ASSUMED_WGS84;CONTINENT_DERIVED_FROM_COORDINATES;DEPTH_MIN_MAX_SWAPPED;OCCURRENCE_STATUS_UNPARSABLE"
1271506702,"f42d2be3-1264-4b68-a3bd-39363bcc437f","1111562269","Animalia","Arthropoda","Malacostraca","Decapoda","Portunidae","Callinectes","Callinectes similis",NA,"SPECIES","Callinectes similis Williams, 1966","Callinectes similis","","US","Nueces Estuary","Texas","PRESENT",NA,"c3ad790a-d426-4ac1-8e32-da61f81f0117",27.858611,-97.310278,100,NA,NA,NA,3.4,0,"2006-05-01T09:13",1,5,2006,2225642,2225642,"HUMAN_OBSERVATION","TPWD","Corpus Christi Bay Trawl",NA,NA,"",NA,"CC0_1_0","","TPWD",NA,NA,2025-02-01 02:12:02.566,"","GEODETIC_DATUM_INVALID;GEODETIC_DATUM_ASSUMED_WGS84;CONTINENT_DERIVED_FROM_COORDINATES;OCCURRENCE_STATUS_UNPARSABLE"
1271506695,"f42d2be3-1264-4b68-a3bd-39363bcc437f","1111562141","Animalia","Arthropoda","Malacostraca","Decapoda","Portunidae","Callinectes","Callinectes similis",NA,"SPECIES","Callinectes similis Williams, 1966","Callinectes similis","","US","Nueces Estuary","Texas","PRESENT",NA,"c3ad790a-d426-4ac1-8e32-da61f81f0117",27.854722,-97.338889,100,NA,NA,NA,3.4,0,"2007-04-03T12:39",3,4,2007,2225642,2225642,"HUMAN_OBSERVATION","TPWD","Corpus Christi Bay Trawl",NA,NA,"",NA,"CC0_1_0","","TPWD",NA,NA,2025-02-01 02:12:02.521,"","GEODETIC_DATUM_INVALID;GEODETIC_DATUM_ASSUMED_WGS84;CONTINENT_DERIVED_FROM_COORDINATES;OCCURRENCE_STATUS_UNPARSABLE"
1271506617,"f42d2be3-1264-4b68-a3bd-39363bcc437f","1111562429","Animalia","Arthropoda","Malacostraca","Decapoda","Portunidae","Callinectes","Callinectes similis",NA,"SPECIES","Callinectes similis Williams, 1966","Callinectes similis","","US","Nueces Estuary","Texas","PRESENT",NA,"c3ad790a-d426-4ac1-8e32-da61f81f0117",27.839722,-97.358889,100,NA,NA,NA,2.55,0.15,"2006-01-18T09:28",18,1,2006,2225642,2225642,"HUMAN_OBSERVATION","TPWD","Corpus Christi Bay Trawl",NA,NA,"",NA,"CC0_1_0","","TPWD",NA,NA,2025-02-01 02:12:02.65,"","GEODETIC_DATUM_INVALID;GEODETIC_DATUM_ASSUMED_WGS84;CONTINENT_DERIVED_FROM_COORDINATES;DEPTH_MIN_MAX_SWAPPED;OCCURRENCE_STATUS_UNPARSABLE"
1271506593,"f42d2be3-1264-4b68-a3bd-39363bcc437f","1111562427","Animalia","Arthropoda","Malacostraca","Decapoda","Portunidae","Callinectes","Callinectes similis",NA,"SPECIES","Callinectes similis Williams, 1966","Callinectes similis","","US","Nueces Estuary","Texas","PRESENT",NA,"c3ad790a-d426-4ac1-8e32-da61f81f0117",27.838889,-97.358611,100,NA,NA,NA,2.4,0,"2007-06-27T10:41",27,6,2007,2225642,2225642,"HUMAN_OBSERVATION","TPWD","Corpus Christi Bay Trawl",NA,NA,"",NA,"CC0_1_0","","TPWD",NA,NA,2025-02-01 02:12:02.65,"","GEODETIC_DATUM_INVALID;GEODETIC_DATUM_ASSUMED_WGS84;CONTINENT_DERIVED_FROM_COORDINATES;OCCURRENCE_STATUS_UNPARSABLE"
1271506503,"f42d2be3-1264-4b68-a3bd-39363bcc437f","1111563007","Animalia","Arthropoda","Malacostraca","Decapoda","Portunidae","Callinectes","Callinectes similis",NA,"SPECIES","Callinectes similis Williams, 1966","Callinectes similis","","US","Nueces Estuary","Texas","PRESENT",NA,"c3ad790a-d426-4ac1-8e32-da61f81f0117",27.820556,-97.303333,100,NA,NA,NA,3.7,0,"2007-07-06T10:47",6,7,2007,2225642,2225642,"HUMAN_OBSERVATION","TPWD","Corpus Christi Bay Trawl",NA,NA,"",NA,"CC0_1_0","","TPWD",NA,NA,2025-02-01 02:12:01.241,"","GEODETIC_DATUM_INVALID;GEODETIC_DATUM_ASSUMED_WGS84;OCCURRENCE_STATUS_UNPARSABLE"
1271506457,"f42d2be3-1264-4b68-a3bd-39363bcc437f","1111562791","Animalia","Arthropoda","Malacostraca","Decapoda","Portunidae","Callinectes","Callinectes similis",NA,"SPECIES","Callinectes similis Williams, 1966","Callinectes similis","","US","Nueces Estuary","Texas","PRESENT",NA,"c3ad790a-d426-4ac1-8e32-da61f81f0117",27.840556,-97.140556,100,NA,NA,NA,2.4,0,"2006-11-27T07:55",27,11,2006,2225642,2225642,"HUMAN_OBSERVATION","TPWD","Corpus Christi Bay Trawl",NA,NA,"",NA,"CC0_1_0","","TPWD",NA,NA,2025-02-01 02:12:02.75,"","GEODETIC_DATUM_INVALID;GEODETIC_DATUM_ASSUMED_WGS84;CONTINENT_DERIVED_FROM_COORDINATES;OCCURRENCE_STATUS_UNPARSABLE"
1271506429,"f42d2be3-1264-4b68-a3bd-39363bcc437f","1111562236","Animalia","Arthropoda","Malacostraca","Decapoda","Portunidae","Callinectes","Callinectes similis",NA,"SPECIES","Callinectes similis Williams, 1966","Callinectes similis","","US","Nueces Estuary","Texas","PRESENT",NA,"c3ad790a-d426-4ac1-8e32-da61f81f0117",27.858056,-97.308056,100,NA,NA,NA,3.7,0,"2008-05-27T08:29",27,5,2008,2225642,2225642,"HUMAN_OBSERVATION","TPWD","Corpus Christi Bay Trawl",NA,NA,"",NA,"CC0_1_0","","TPWD",NA,NA,2025-02-01 02:12:02.568,"","GEODETIC_DATUM_INVALID;GEODETIC_DATUM_ASSUMED_WGS84;CONTINENT_DERIVED_FROM_COORDINATES;OCCURRENCE_STATUS_UNPARSABLE"
1271506405,"f42d2be3-1264-4b68-a3bd-39363bcc437f","1111562231","Animalia","Arthropoda","Malacostraca","Decapoda","Portunidae","Callinectes","Callinectes similis",NA,"SPECIES","Callinectes similis Williams, 1966","Callinectes similis","","US","Nueces Estuary","Texas","PRESENT",NA,"c3ad790a-d426-4ac1-8e32-da61f81f0117",27.856389,-97.308333,100,NA,NA,NA,3.7,0,"2007-06-27T09:58",27,6,2007,2225642,2225642,"HUMAN_OBSERVATION","TPWD","Corpus Christi Bay Trawl",NA,NA,"",NA,"CC0_1_0","","TPWD",NA,NA,2025-02-01 02:12:02.556,"","GEODETIC_DATUM_INVALID;GEODETIC_DATUM_ASSUMED_WGS84;CONTINENT_DERIVED_FROM_COORDINATES;OCCURRENCE_STATUS_UNPARSABLE"
1271506382,"f42d2be3-1264-4b68-a3bd-39363bcc437f","1111562585","Animalia","Arthropoda","Malacostraca","Decapoda","Portunidae","Callinectes","Callinectes similis",NA,"SPECIES","Callinectes similis Williams, 1966","Callinectes similis","","US","Nueces Estuary","Texas","PRESENT",NA,"c3ad790a-d426-4ac1-8e32-da61f81f0117",27.841667,-97.303889,100,NA,NA,NA,3.4,0,"2007-06-27T11:12",27,6,2007,2225642,2225642,"HUMAN_OBSERVATION","TPWD","Corpus Christi Bay Trawl",NA,NA,"",NA,"CC0_1_0","","TPWD",NA,NA,2025-02-01 02:12:02.69,"","GEODETIC_DATUM_INVALID;GEODETIC_DATUM_ASSUMED_WGS84;CONTINENT_DERIVED_FROM_COORDINATES;OCCURRENCE_STATUS_UNPARSABLE"
1271506354,"f42d2be3-1264-4b68-a3bd-39363bcc437f","1111562227","Animalia","Arthropoda","Malacostraca","Decapoda","Portunidae","Callinectes","Callinectes similis",NA,"SPECIES","Callinectes similis Williams, 1966","Callinectes similis","","US","Nueces Estuary","Texas","PRESENT",NA,"c3ad790a-d426-4ac1-8e32-da61f81f0117",27.858611,-97.323333,100,NA,NA,NA,3.25,0.0499999999999998,"2008-11-18T11:08",18,11,2008,2225642,2225642,"HUMAN_OBSERVATION","TPWD","Corpus Christi Bay Trawl",NA,NA,"",NA,"CC0_1_0","","TPWD",NA,NA,2025-02-01 02:12:02.556,"","GEODETIC_DATUM_INVALID;GEODETIC_DATUM_ASSUMED_WGS84;CONTINENT_DERIVED_FROM_COORDINATES;DEPTH_MIN_MAX_SWAPPED;OCCURRENCE_STATUS_UNPARSABLE"
1271506263,"f42d2be3-1264-4b68-a3bd-39363bcc437f","1111562385","Animalia","Arthropoda","Malacostraca","Decapoda","Portunidae","Callinectes","Callinectes similis",NA,"SPECIES","Callinectes similis Williams, 1966","Callinectes similis","","US","Nueces Estuary","Texas","PRESENT",NA,"c3ad790a-d426-4ac1-8e32-da61f81f0117",27.855833,-97.261111,100,NA,NA,NA,3.7,0,"2007-06-27T09:17",27,6,2007,2225642,2225642,"HUMAN_OBSERVATION","TPWD","Corpus Christi Bay Trawl",NA,NA,"",NA,"CC0_1_0","","TPWD",NA,NA,2025-02-01 02:12:02.611,"","GEODETIC_DATUM_INVALID;GEODETIC_DATUM_ASSUMED_WGS84;CONTINENT_DERIVED_FROM_COORDINATES;OCCURRENCE_STATUS_UNPARSABLE"
1271322632,"99cac79f-b9bf-42e5-88bd-68c30a595437","1112309458","Animalia","Arthropoda","Malacostraca","Decapoda","Portunidae","Callinectes","Callinectes similis",NA,"SPECIES","Callinectes similis Williams, 1966","Callinectes similis","","US","Lower Laguna Madre Estuary","Texas","PRESENT",NA,"c3ad790a-d426-4ac1-8e32-da61f81f0117",26.575278,-97.391389,100,NA,NA,NA,2.6,0,"2005-04-26T16:51",26,4,2005,2225642,2225642,"HUMAN_OBSERVATION","TPWD","Lower Laguna Madre Trawl",NA,NA,"",NA,"CC0_1_0","","TPWD",NA,NA,2025-01-31 23:41:24.666,"","GEODETIC_DATUM_INVALID;GEODETIC_DATUM_ASSUMED_WGS84;CONTINENT_DERIVED_FROM_COORDINATES;OCCURRENCE_STATUS_UNPARSABLE"
1271322614,"99cac79f-b9bf-42e5-88bd-68c30a595437","1112309425","Animalia","Arthropoda","Malacostraca","Decapoda","Portunidae","Callinectes","Callinectes similis",NA,"SPECIES","Callinectes similis Williams, 1966","Callinectes similis","","US","Lower Laguna Madre Estuary","Texas","PRESENT",NA,"c3ad790a-d426-4ac1-8e32-da61f81f0117",26.574722,-97.391944,100,NA,NA,NA,2.5,0,"2007-07-23T12:11",23,7,2007,2225642,2225642,"HUMAN_OBSERVATION","TPWD","Lower Laguna Madre Trawl",NA,NA,"",NA,"CC0_1_0","","TPWD",NA,NA,2025-01-31 23:41:24.668,"","GEODETIC_DATUM_INVALID;GEODETIC_DATUM_ASSUMED_WGS84;CONTINENT_DERIVED_FROM_COORDINATES;OCCURRENCE_STATUS_UNPARSABLE"
1271322570,"99cac79f-b9bf-42e5-88bd-68c30a595437","1112309356","Animalia","Arthropoda","Malacostraca","Decapoda","Portunidae","Callinectes","Callinectes similis",NA,"SPECIES","Callinectes similis Williams, 1966","Callinectes similis","","US","Lower Laguna Madre Estuary","Texas","PRESENT",NA,"c3ad790a-d426-4ac1-8e32-da61f81f0117",26.591944,-97.392222,100,NA,NA,NA,2.4,0,"2006-06-28T12:33",28,6,2006,2225642,2225642,"HUMAN_OBSERVATION","TPWD","Lower Laguna Madre Trawl",NA,NA,"",NA,"CC0_1_0","","TPWD",NA,NA,2025-01-31 23:41:24.843,"","GEODETIC_DATUM_INVALID;GEODETIC_DATUM_ASSUMED_WGS84;CONTINENT_DERIVED_FROM_COORDINATES;OCCURRENCE_STATUS_UNPARSABLE"
1271322557,"99cac79f-b9bf-42e5-88bd-68c30a595437","1112309357","Animalia","Arthropoda","Malacostraca","Decapoda","Portunidae","Callinectes","Callinectes similis",NA,"SPECIES","Callinectes similis Williams, 1966","Callinectes similis","","US","Lower Laguna Madre Estuary","Texas","PRESENT",NA,"c3ad790a-d426-4ac1-8e32-da61f81f0117",26.591944,-97.3925,100,NA,NA,NA,2.5,0,"2006-07-03T11:28",3,7,2006,2225642,2225642,"HUMAN_OBSERVATION","TPWD","Lower Laguna Madre Trawl",NA,NA,"",NA,"CC0_1_0","","TPWD",NA,NA,2025-01-31 23:41:24.842,"","GEODETIC_DATUM_INVALID;GEODETIC_DATUM_ASSUMED_WGS84;CONTINENT_DERIVED_FROM_COORDINATES;OCCURRENCE_STATUS_UNPARSABLE"
1271322547,"99cac79f-b9bf-42e5-88bd-68c30a595437","1112309173","Animalia","Arthropoda","Malacostraca","Decapoda","Portunidae","Callinectes","Callinectes similis",NA,"SPECIES","Callinectes similis Williams, 1966","Callinectes similis","","US","Lower Laguna Madre Estuary","Texas","PRESENT",NA,"c3ad790a-d426-4ac1-8e32-da61f81f0117",26.609167,-97.4425,100,NA,NA,NA,1.7,0,"2008-08-11T10:56",11,8,2008,2225642,2225642,"HUMAN_OBSERVATION","TPWD","Lower Laguna Madre Trawl",NA,NA,"",NA,"CC0_1_0","","TPWD",NA,NA,2025-01-31 23:41:24.778,"","GEODETIC_DATUM_INVALID;GEODETIC_DATUM_ASSUMED_WGS84;CONTINENT_DERIVED_FROM_COORDINATES;OCCURRENCE_STATUS_UNPARSABLE"
1271322538,"99cac79f-b9bf-42e5-88bd-68c30a595437","1112309139","Animalia","Arthropoda","Malacostraca","Decapoda","Portunidae","Callinectes","Callinectes similis",NA,"SPECIES","Callinectes similis Williams, 1966","Callinectes similis","","US","Lower Laguna Madre Estuary","Texas","PRESENT",NA,"c3ad790a-d426-4ac1-8e32-da61f81f0117",26.625,-97.408333,100,NA,NA,NA,2.9,0,"2007-07-23T12:49",23,7,2007,2225642,2225642,"HUMAN_OBSERVATION","TPWD","Lower Laguna Madre Trawl",NA,NA,"",NA,"CC0_1_0","","TPWD",NA,NA,2025-01-31 23:41:24.784,"","GEODETIC_DATUM_INVALID;GEODETIC_DATUM_ASSUMED_WGS84;CONTINENT_DERIVED_FROM_COORDINATES;OCCURRENCE_STATUS_UNPARSABLE"
1271322508,"99cac79f-b9bf-42e5-88bd-68c30a595437","1112309210","Animalia","Arthropoda","Malacostraca","Decapoda","Portunidae","Callinectes","Callinectes similis",NA,"SPECIES","Callinectes similis Williams, 1966","Callinectes similis","","US","Lower Laguna Madre Estuary","Texas","PRESENT",NA,"c3ad790a-d426-4ac1-8e32-da61f81f0117",26.609167,-97.426667,100,NA,NA,NA,1.5,0,"2008-05-12T17:47",12,5,2008,2225642,2225642,"HUMAN_OBSERVATION","TPWD","Lower Laguna Madre Trawl",NA,NA,"",NA,"CC0_1_0","","TPWD",NA,NA,2025-01-31 23:41:24.815,"","GEODETIC_DATUM_INVALID;GEODETIC_DATUM_ASSUMED_WGS84;CONTINENT_DERIVED_FROM_COORDINATES;OCCURRENCE_STATUS_UNPARSABLE"
1271322500,"99cac79f-b9bf-42e5-88bd-68c30a595437","1112309081","Animalia","Arthropoda","Malacostraca","Decapoda","Portunidae","Callinectes","Callinectes similis",NA,"SPECIES","Callinectes similis Williams, 1966","Callinectes similis","","US","Lower Laguna Madre Estuary","Texas","PRESENT",NA,"c3ad790a-d426-4ac1-8e32-da61f81f0117",26.625278,-97.441667,100,NA,NA,NA,1.75,0.15,"2006-06-28T13:23",28,6,2006,2225642,2225642,"HUMAN_OBSERVATION","TPWD","Lower Laguna Madre Trawl",NA,NA,"",NA,"CC0_1_0","","TPWD",NA,NA,2025-01-31 23:41:24.74,"","GEODETIC_DATUM_INVALID;GEODETIC_DATUM_ASSUMED_WGS84;CONTINENT_DERIVED_FROM_COORDINATES;OCCURRENCE_STATUS_UNPARSABLE"
1271322499,"99cac79f-b9bf-42e5-88bd-68c30a595437","1112309175","Animalia","Arthropoda","Malacostraca","Decapoda","Portunidae","Callinectes","Callinectes similis",NA,"SPECIES","Callinectes similis Williams, 1966","Callinectes similis","","US","Lower Laguna Madre Estuary","Texas","PRESENT",NA,"c3ad790a-d426-4ac1-8e32-da61f81f0117",26.606389,-97.423889,100,NA,NA,NA,1.7,0,"2005-04-11T17:33",11,4,2005,2225642,2225642,"HUMAN_OBSERVATION","TPWD","Lower Laguna Madre Trawl",NA,NA,"",NA,"CC0_1_0","","TPWD",NA,NA,2025-01-31 23:41:24.778,"","GEODETIC_DATUM_INVALID;GEODETIC_DATUM_ASSUMED_WGS84;CONTINENT_DERIVED_FROM_COORDINATES;OCCURRENCE_STATUS_UNPARSABLE"
1271322498,"99cac79f-b9bf-42e5-88bd-68c30a595437","1112309014","Animalia","Arthropoda","Malacostraca","Decapoda","Portunidae","Callinectes","Callinectes similis",NA,"SPECIES","Callinectes similis Williams, 1966","Callinectes similis","","US","Lower Laguna Madre Estuary","Texas","PRESENT",NA,"c3ad790a-d426-4ac1-8e32-da61f81f0117",26.642222,-97.4275,100,NA,NA,NA,3,0,"2008-09-02T13:00",2,9,2008,2225642,2225642,"HUMAN_OBSERVATION","TPWD","Lower Laguna Madre Trawl",NA,NA,"",NA,"CC0_1_0","","TPWD",NA,NA,2025-01-31 23:41:24.747,"","GEODETIC_DATUM_INVALID;GEODETIC_DATUM_ASSUMED_WGS84;CONTINENT_DERIVED_FROM_COORDINATES;OCCURRENCE_STATUS_UNPARSABLE"
1271322490,"99cac79f-b9bf-42e5-88bd-68c30a595437","1112308808","Animalia","Arthropoda","Malacostraca","Decapoda","Portunidae","Callinectes","Callinectes similis",NA,"SPECIES","Callinectes similis Williams, 1966","Callinectes similis","","US","Lower Laguna Madre Estuary","Texas","PRESENT",NA,"c3ad790a-d426-4ac1-8e32-da61f81f0117",26.673611,-97.449722,100,NA,NA,NA,1.7,0,"2006-05-16T16:18",16,5,2006,2225642,2225642,"HUMAN_OBSERVATION","TPWD","Lower Laguna Madre Trawl",NA,NA,"",NA,"CC0_1_0","","TPWD",NA,NA,2025-01-31 23:41:24.652,"","GEODETIC_DATUM_INVALID;GEODETIC_DATUM_ASSUMED_WGS84;CONTINENT_DERIVED_FROM_COORDINATES;OCCURRENCE_STATUS_UNPARSABLE"
1271322478,"99cac79f-b9bf-42e5-88bd-68c30a595437","1112308749","Animalia","Arthropoda","Malacostraca","Decapoda","Portunidae","Callinectes","Callinectes similis",NA,"SPECIES","Callinectes similis Williams, 1966","Callinectes similis","","US","Lower Laguna Madre Estuary","Texas","PRESENT",NA,"c3ad790a-d426-4ac1-8e32-da61f81f0117",26.693333,-97.443056,100,NA,NA,NA,3,0,"2008-09-02T14:00",2,9,2008,2225642,2225642,"HUMAN_OBSERVATION","TPWD","Lower Laguna Madre Trawl",NA,NA,"",NA,"CC0_1_0","","TPWD",NA,NA,2025-01-31 23:41:24.62,"","GEODETIC_DATUM_INVALID;GEODETIC_DATUM_ASSUMED_WGS84;CONTINENT_DERIVED_FROM_COORDINATES;OCCURRENCE_STATUS_UNPARSABLE"
1271322470,"99cac79f-b9bf-42e5-88bd-68c30a595437","1112309112","Animalia","Arthropoda","Malacostraca","Decapoda","Portunidae","Callinectes","Callinectes similis",NA,"SPECIES","Callinectes similis Williams, 1966","Callinectes similis","","US","Lower Laguna Madre Estuary","Texas","PRESENT",NA,"c3ad790a-d426-4ac1-8e32-da61f81f0117",26.625,-97.425,100,NA,NA,NA,1,0,"2005-06-07T17:46",7,6,2005,2225642,2225642,"HUMAN_OBSERVATION","TPWD","Lower Laguna Madre Trawl",NA,NA,"",NA,"CC0_1_0","","TPWD",NA,NA,2025-01-31 23:41:24.788,"","GEODETIC_DATUM_INVALID;GEODETIC_DATUM_ASSUMED_WGS84;CONTINENT_DERIVED_FROM_COORDINATES;OCCURRENCE_STATUS_UNPARSABLE"
1271322464,"99cac79f-b9bf-42e5-88bd-68c30a595437","1112308905","Animalia","Arthropoda","Malacostraca","Decapoda","Portunidae","Callinectes","Callinectes similis",NA,"SPECIES","Callinectes similis Williams, 1966","Callinectes similis","","US","Lower Laguna Madre Estuary","Texas","PRESENT",NA,"c3ad790a-d426-4ac1-8e32-da61f81f0117",26.659444,-97.442222,100,NA,NA,NA,1.4,0,"2007-05-21T17:53",21,5,2007,2225642,2225642,"HUMAN_OBSERVATION","TPWD","Lower Laguna Madre Trawl",NA,NA,"",NA,"CC0_1_0","","TPWD",NA,NA,2025-01-31 23:41:24.439,"","GEODETIC_DATUM_INVALID;GEODETIC_DATUM_ASSUMED_WGS84;CONTINENT_DERIVED_FROM_COORDINATES;OCCURRENCE_STATUS_UNPARSABLE"
1271322463,"99cac79f-b9bf-42e5-88bd-68c30a595437","1112308952","Animalia","Arthropoda","Malacostraca","Decapoda","Portunidae","Callinectes","Callinectes similis",NA,"SPECIES","Callinectes similis Williams, 1966","Callinectes similis","","US","Lower Laguna Madre Estuary","Texas","PRESENT",NA,"c3ad790a-d426-4ac1-8e32-da61f81f0117",26.659444,-97.407778,100,NA,NA,NA,1.2,0,"2008-02-18T12:34",18,2,2008,2225642,2225642,"HUMAN_OBSERVATION","TPWD","Lower Laguna Madre Trawl",NA,NA,"",NA,"CC0_1_0","","TPWD",NA,NA,2025-01-31 23:41:24.437,"","GEODETIC_DATUM_INVALID;GEODETIC_DATUM_ASSUMED_WGS84;CONTINENT_DERIVED_FROM_COORDINATES;OCCURRENCE_STATUS_UNPARSABLE"
1271322437,"99cac79f-b9bf-42e5-88bd-68c30a595437","1112308670","Animalia","Arthropoda","Malacostraca","Decapoda","Portunidae","Callinectes","Callinectes similis",NA,"SPECIES","Callinectes similis Williams, 1966","Callinectes similis","","US","Lower Laguna Madre Estuary","Texas","PRESENT",NA,"c3ad790a-d426-4ac1-8e32-da61f81f0117",26.709167,-97.442222,100,NA,NA,NA,2.8,0,"2008-04-07T11:40",7,4,2008,2225642,2225642,"HUMAN_OBSERVATION","TPWD","Lower Laguna Madre Trawl",NA,NA,"",NA,"CC0_1_0","","TPWD",NA,NA,2025-01-31 23:41:24.584,"","GEODETIC_DATUM_INVALID;GEODETIC_DATUM_ASSUMED_WGS84;CONTINENT_DERIVED_FROM_COORDINATES;OCCURRENCE_STATUS_UNPARSABLE"
1271322436,"99cac79f-b9bf-42e5-88bd-68c30a595437","1112308642","Animalia","Arthropoda","Malacostraca","Decapoda","Portunidae","Callinectes","Callinectes similis",NA,"SPECIES","Callinectes similis Williams, 1966","Callinectes similis","","US","Lower Laguna Madre Estuary","Texas","PRESENT",NA,"c3ad790a-d426-4ac1-8e32-da61f81f0117",26.708056,-97.442222,100,NA,NA,NA,2.7,0,"2006-08-02T10:13",2,8,2006,2225642,2225642,"HUMAN_OBSERVATION","TPWD","Lower Laguna Madre Trawl",NA,NA,"",NA,"CC0_1_0","","TPWD",NA,NA,2025-01-31 23:41:24.587,"","GEODETIC_DATUM_INVALID;GEODETIC_DATUM_ASSUMED_WGS84;CONTINENT_DERIVED_FROM_COORDINATES;OCCURRENCE_STATUS_UNPARSABLE"
1271322429,"99cac79f-b9bf-42e5-88bd-68c30a595437","1112308776","Animalia","Arthropoda","Malacostraca","Decapoda","Portunidae","Callinectes","Callinectes similis",NA,"SPECIES","Callinectes similis Williams, 1966","Callinectes similis","","US","Lower Laguna Madre Estuary","Texas","PRESENT",NA,"c3ad790a-d426-4ac1-8e32-da61f81f0117",26.691667,-97.426111,100,NA,NA,NA,2.6,0,"2007-05-21T18:19",21,5,2007,2225642,2225642,"HUMAN_OBSERVATION","TPWD","Lower Laguna Madre Trawl",NA,NA,"",NA,"CC0_1_0","","TPWD",NA,NA,2025-01-31 23:41:24.615,"","GEODETIC_DATUM_INVALID;GEODETIC_DATUM_ASSUMED_WGS84;CONTINENT_DERIVED_FROM_COORDINATES;OCCURRENCE_STATUS_UNPARSABLE"
1271322413,"99cac79f-b9bf-42e5-88bd-68c30a595437","1112308747","Animalia","Arthropoda","Malacostraca","Decapoda","Portunidae","Callinectes","Callinectes similis",NA,"SPECIES","Callinectes similis Williams, 1966","Callinectes similis","","US","Lower Laguna Madre Estuary","Texas","PRESENT",NA,"c3ad790a-d426-4ac1-8e32-da61f81f0117",26.691944,-97.441944,100,NA,NA,NA,2.9,0,"2007-10-02T17:16",2,10,2007,2225642,2225642,"HUMAN_OBSERVATION","TPWD","Lower Laguna Madre Trawl",NA,NA,"",NA,"CC0_1_0","","TPWD",NA,NA,2025-01-31 23:41:24.62,"","GEODETIC_DATUM_INVALID;GEODETIC_DATUM_ASSUMED_WGS84;CONTINENT_DERIVED_FROM_COORDINATES;OCCURRENCE_STATUS_UNPARSABLE"
1271322412,"99cac79f-b9bf-42e5-88bd-68c30a595437","1112308322","Animalia","Arthropoda","Malacostraca","Decapoda","Portunidae","Callinectes","Callinectes similis",NA,"SPECIES","Callinectes similis Williams, 1966","Callinectes similis","","US","Lower Laguna Madre Estuary","Texas","PRESENT",NA,"c3ad790a-d426-4ac1-8e32-da61f81f0117",26.071111,-97.175833,100,NA,NA,NA,2.4,0,"2008-08-04T14:50",4,8,2008,2225642,2225642,"HUMAN_OBSERVATION","TPWD","Lower Laguna Madre Trawl",NA,NA,"",NA,"CC0_1_0","","TPWD",NA,NA,2025-01-31 23:41:24.704,"","GEODETIC_DATUM_INVALID;GEODETIC_DATUM_ASSUMED_WGS84;CONTINENT_DERIVED_FROM_COORDINATES;OCCURRENCE_STATUS_UNPARSABLE"
1271322409,"99cac79f-b9bf-42e5-88bd-68c30a595437","1112308515","Animalia","Arthropoda","Malacostraca","Decapoda","Portunidae","Callinectes","Callinectes similis",NA,"SPECIES","Callinectes similis Williams, 1966","Callinectes similis","","US","Lower Laguna Madre Estuary","Texas","PRESENT",NA,"c3ad790a-d426-4ac1-8e32-da61f81f0117",26.741944,-97.458889,100,NA,NA,NA,2.2,0,"2006-05-16T17:16",16,5,2006,2225642,2225642,"HUMAN_OBSERVATION","TPWD","Lower Laguna Madre Trawl",NA,NA,"",NA,"CC0_1_0","","TPWD",NA,NA,2025-01-31 23:41:24.562,"","GEODETIC_DATUM_INVALID;GEODETIC_DATUM_ASSUMED_WGS84;CONTINENT_DERIVED_FROM_COORDINATES;OCCURRENCE_STATUS_UNPARSABLE"
1271322383,"99cac79f-b9bf-42e5-88bd-68c30a595437","1112308708","Animalia","Arthropoda","Malacostraca","Decapoda","Portunidae","Callinectes","Callinectes similis",NA,"SPECIES","Callinectes similis Williams, 1966","Callinectes similis","","US","Lower Laguna Madre Estuary","Texas","PRESENT",NA,"c3ad790a-d426-4ac1-8e32-da61f81f0117",26.6925,-97.457222,100,NA,NA,NA,1.3,0,"2005-04-26T17:34",26,4,2005,2225642,2225642,"HUMAN_OBSERVATION","TPWD","Lower Laguna Madre Trawl",NA,NA,"",NA,"CC0_1_0","","TPWD",NA,NA,2025-01-31 23:41:24.626,"","GEODETIC_DATUM_INVALID;GEODETIC_DATUM_ASSUMED_WGS84;CONTINENT_DERIVED_FROM_COORDINATES;OCCURRENCE_STATUS_UNPARSABLE"
1271322380,"99cac79f-b9bf-42e5-88bd-68c30a595437","1112308116","Animalia","Arthropoda","Malacostraca","Decapoda","Portunidae","Callinectes","Callinectes similis",NA,"SPECIES","Callinectes similis Williams, 1966","Callinectes similis","","US","Lower Laguna Madre Estuary","Texas","PRESENT",NA,"c3ad790a-d426-4ac1-8e32-da61f81f0117",26.091667,-97.26,100,NA,NA,NA,1.8,0,"2006-05-22T13:14",22,5,2006,2225642,2225642,"HUMAN_OBSERVATION","TPWD","Lower Laguna Madre Trawl",NA,NA,"",NA,"CC0_1_0","","TPWD",NA,NA,2025-01-31 23:41:24.666,"","GEODETIC_DATUM_INVALID;GEODETIC_DATUM_ASSUMED_WGS84;CONTINENT_DERIVED_FROM_COORDINATES;OCCURRENCE_STATUS_UNPARSABLE"
1271322364,"99cac79f-b9bf-42e5-88bd-68c30a595437","1112308548","Animalia","Arthropoda","Malacostraca","Decapoda","Portunidae","Callinectes","Callinectes similis",NA,"SPECIES","Callinectes similis Williams, 1966","Callinectes similis","","US","Lower Laguna Madre Estuary","Texas","PRESENT",NA,"c3ad790a-d426-4ac1-8e32-da61f81f0117",26.741667,-97.4425,100,NA,NA,NA,1.7,0,"2006-05-16T17:46",16,5,2006,2225642,2225642,"HUMAN_OBSERVATION","TPWD","Lower Laguna Madre Trawl",NA,NA,"",NA,"CC0_1_0","","TPWD",NA,NA,2025-01-31 23:41:24.558,"","GEODETIC_DATUM_INVALID;GEODETIC_DATUM_ASSUMED_WGS84;CONTINENT_DERIVED_FROM_COORDINATES;OCCURRENCE_STATUS_UNPARSABLE"
1271322357,"99cac79f-b9bf-42e5-88bd-68c30a595437","1112307925","Animalia","Arthropoda","Malacostraca","Decapoda","Portunidae","Callinectes","Callinectes similis",NA,"SPECIES","Callinectes similis Williams, 1966","Callinectes similis","","US","Lower Laguna Madre Estuary","Texas","PRESENT",NA,"c3ad790a-d426-4ac1-8e32-da61f81f0117",26.108333,-97.241667,100,NA,NA,NA,1.7,0,"2006-02-07T13:05",7,2,2006,2225642,2225642,"HUMAN_OBSERVATION","TPWD","Lower Laguna Madre Trawl",NA,NA,"",NA,"CC0_1_0","","TPWD",NA,NA,2025-01-31 23:41:24.545,"","GEODETIC_DATUM_INVALID;GEODETIC_DATUM_ASSUMED_WGS84;CONTINENT_DERIVED_FROM_COORDINATES;OCCURRENCE_STATUS_UNPARSABLE"
1271322353,"99cac79f-b9bf-42e5-88bd-68c30a595437","1112308086","Animalia","Arthropoda","Malacostraca","Decapoda","Portunidae","Callinectes","Callinectes similis",NA,"SPECIES","Callinectes similis Williams, 1966","Callinectes similis","","US","Lower Laguna Madre Estuary","Texas","PRESENT",NA,"c3ad790a-d426-4ac1-8e32-da61f81f0117",26.091389,-97.258056,100,NA,NA,NA,2,0,"2007-08-28T10:30",28,8,2007,2225642,2225642,"HUMAN_OBSERVATION","TPWD","Lower Laguna Madre Trawl",NA,NA,"",NA,"CC0_1_0","","TPWD",NA,NA,2025-01-31 23:41:24.837,"","GEODETIC_DATUM_INVALID;GEODETIC_DATUM_ASSUMED_WGS84;CONTINENT_DERIVED_FROM_COORDINATES;OCCURRENCE_STATUS_UNPARSABLE"
1271322343,"99cac79f-b9bf-42e5-88bd-68c30a595437","1112307961","Animalia","Arthropoda","Malacostraca","Decapoda","Portunidae","Callinectes","Callinectes similis",NA,"SPECIES","Callinectes similis Williams, 1966","Callinectes similis","","US","Lower Laguna Madre Estuary","Texas","PRESENT",NA,"c3ad790a-d426-4ac1-8e32-da61f81f0117",26.108333,-97.225,100,NA,NA,NA,1.5,0,"2005-07-11T11:39",11,7,2005,2225642,2225642,"HUMAN_OBSERVATION","TPWD","Lower Laguna Madre Trawl",NA,NA,"",NA,"CC0_1_0","","TPWD",NA,NA,2025-01-31 23:41:24.545,"","GEODETIC_DATUM_INVALID;GEODETIC_DATUM_ASSUMED_WGS84;CONTINENT_DERIVED_FROM_COORDINATES;OCCURRENCE_STATUS_UNPARSABLE"
1271322336,"99cac79f-b9bf-42e5-88bd-68c30a595437","1112308117","Animalia","Arthropoda","Malacostraca","Decapoda","Portunidae","Callinectes","Callinectes similis",NA,"SPECIES","Callinectes similis Williams, 1966","Callinectes similis","","US","Lower Laguna Madre Estuary","Texas","PRESENT",NA,"c3ad790a-d426-4ac1-8e32-da61f81f0117",26.091944,-97.258056,100,NA,NA,NA,1.9,0,"2005-08-08T10:27",8,8,2005,2225642,2225642,"HUMAN_OBSERVATION","TPWD","Lower Laguna Madre Trawl",NA,NA,"",NA,"CC0_1_0","","TPWD",NA,NA,2025-01-31 23:41:24.666,"","GEODETIC_DATUM_INVALID;GEODETIC_DATUM_ASSUMED_WGS84;CONTINENT_DERIVED_FROM_COORDINATES;OCCURRENCE_STATUS_UNPARSABLE"
1271322326,"99cac79f-b9bf-42e5-88bd-68c30a595437","1112307859","Animalia","Arthropoda","Malacostraca","Decapoda","Portunidae","Callinectes","Callinectes similis",NA,"SPECIES","Callinectes similis Williams, 1966","Callinectes similis","","US","Lower Laguna Madre Estuary","Texas","PRESENT",NA,"c3ad790a-d426-4ac1-8e32-da61f81f0117",26.1075,-97.261944,100,NA,NA,NA,1.7,0,"2007-11-12T11:35",12,11,2007,2225642,2225642,"HUMAN_OBSERVATION","TPWD","Lower Laguna Madre Trawl",NA,NA,"",NA,"CC0_1_0","","TPWD",NA,NA,2025-01-31 23:41:24.513,"","GEODETIC_DATUM_INVALID;GEODETIC_DATUM_ASSUMED_WGS84;CONTINENT_DERIVED_FROM_COORDINATES;OCCURRENCE_STATUS_UNPARSABLE"
1271322322,"99cac79f-b9bf-42e5-88bd-68c30a595437","1112307281","Animalia","Arthropoda","Malacostraca","Decapoda","Portunidae","Callinectes","Callinectes similis",NA,"SPECIES","Callinectes similis Williams, 1966","Callinectes similis","","US","Lower Laguna Madre Estuary","Texas","PRESENT",NA,"c3ad790a-d426-4ac1-8e32-da61f81f0117",26.158056,-97.275,100,NA,NA,NA,1.8,0,"2007-07-09T11:54",9,7,2007,2225642,2225642,"HUMAN_OBSERVATION","TPWD","Lower Laguna Madre Trawl",NA,NA,"",NA,"CC0_1_0","","TPWD",NA,NA,2025-01-31 23:41:24.552,"","GEODETIC_DATUM_INVALID;GEODETIC_DATUM_ASSUMED_WGS84;CONTINENT_DERIVED_FROM_COORDINATES;OCCURRENCE_STATUS_UNPARSABLE"
1271322317,"99cac79f-b9bf-42e5-88bd-68c30a595437","1112308084","Animalia","Arthropoda","Malacostraca","Decapoda","Portunidae","Callinectes","Callinectes similis",NA,"SPECIES","Callinectes similis Williams, 1966","Callinectes similis","","US","Lower Laguna Madre Estuary","Texas","PRESENT",NA,"c3ad790a-d426-4ac1-8e32-da61f81f0117",26.091111,-97.258889,100,NA,NA,NA,1.7,0,"2006-02-07T12:33",7,2,2006,2225642,2225642,"HUMAN_OBSERVATION","TPWD","Lower Laguna Madre Trawl",NA,NA,"",NA,"CC0_1_0","","TPWD",NA,NA,2025-01-31 23:41:24.837,"","GEODETIC_DATUM_INVALID;GEODETIC_DATUM_ASSUMED_WGS84;CONTINENT_DERIVED_FROM_COORDINATES;OCCURRENCE_STATUS_UNPARSABLE"
1271322311,"99cac79f-b9bf-42e5-88bd-68c30a595437","1112307929","Animalia","Arthropoda","Malacostraca","Decapoda","Portunidae","Callinectes","Callinectes similis",NA,"SPECIES","Callinectes similis Williams, 1966","Callinectes similis","","US","Lower Laguna Madre Estuary","Texas","PRESENT",NA,"c3ad790a-d426-4ac1-8e32-da61f81f0117",26.109444,-97.241944,100,NA,NA,NA,1.9,0,"2007-07-09T10:21",9,7,2007,2225642,2225642,"HUMAN_OBSERVATION","TPWD","Lower Laguna Madre Trawl",NA,NA,"",NA,"CC0_1_0","","TPWD",NA,NA,2025-01-31 23:41:24.545,"","GEODETIC_DATUM_INVALID;GEODETIC_DATUM_ASSUMED_WGS84;CONTINENT_DERIVED_FROM_COORDINATES;OCCURRENCE_STATUS_UNPARSABLE"
1271322290,"99cac79f-b9bf-42e5-88bd-68c30a595437","1112307370","Animalia","Arthropoda","Malacostraca","Decapoda","Portunidae","Callinectes","Callinectes similis",NA,"SPECIES","Callinectes similis Williams, 1966","Callinectes similis","","US","Lower Laguna Madre Estuary","Texas","PRESENT",NA,"c3ad790a-d426-4ac1-8e32-da61f81f0117",26.158333,-97.241944,100,NA,NA,NA,1.8,0,"2006-07-24T10:44",24,7,2006,2225642,2225642,"HUMAN_OBSERVATION","TPWD","Lower Laguna Madre Trawl",NA,NA,"",NA,"CC0_1_0","","TPWD",NA,NA,2025-01-31 23:41:24.581,"","GEODETIC_DATUM_INVALID;GEODETIC_DATUM_ASSUMED_WGS84;CONTINENT_DERIVED_FROM_COORDINATES;OCCURRENCE_STATUS_UNPARSABLE"
1271322288,"99cac79f-b9bf-42e5-88bd-68c30a595437","1112308029","Animalia","Arthropoda","Malacostraca","Decapoda","Portunidae","Callinectes","Callinectes similis",NA,"SPECIES","Callinectes similis Williams, 1966","Callinectes similis","","US","Lower Laguna Madre Estuary","Texas","PRESENT",NA,"c3ad790a-d426-4ac1-8e32-da61f81f0117",26.107778,-97.175,100,NA,NA,NA,1.3,0,"2006-08-07T12:22",7,8,2006,2225642,2225642,"HUMAN_OBSERVATION","TPWD","Lower Laguna Madre Trawl",NA,NA,"",NA,"CC0_1_0","","TPWD",NA,NA,2025-01-31 23:41:24.842,"","GEODETIC_DATUM_INVALID;GEODETIC_DATUM_ASSUMED_WGS84;CONTINENT_DERIVED_FROM_COORDINATES;OCCURRENCE_STATUS_UNPARSABLE"
1271322283,"99cac79f-b9bf-42e5-88bd-68c30a595437","1112307014","Animalia","Arthropoda","Malacostraca","Decapoda","Portunidae","Callinectes","Callinectes similis",NA,"SPECIES","Callinectes similis Williams, 1966","Callinectes similis","","US","Lower Laguna Madre Estuary","Texas","PRESENT",NA,"c3ad790a-d426-4ac1-8e32-da61f81f0117",26.19,-97.2425,100,NA,NA,NA,1.7,0,"2007-06-25T13:05",25,6,2007,2225642,2225642,"HUMAN_OBSERVATION","TPWD","Lower Laguna Madre Trawl",NA,NA,"",NA,"CC0_1_0","","TPWD",NA,NA,2025-01-31 23:41:24.703,"","GEODETIC_DATUM_INVALID;GEODETIC_DATUM_ASSUMED_WGS84;CONTINENT_DERIVED_FROM_COORDINATES;OCCURRENCE_STATUS_UNPARSABLE"
1271322276,"99cac79f-b9bf-42e5-88bd-68c30a595437","1112306815","Animalia","Arthropoda","Malacostraca","Decapoda","Portunidae","Callinectes","Callinectes similis",NA,"SPECIES","Callinectes similis Williams, 1966","Callinectes similis","","US","Lower Laguna Madre Estuary","Texas","PRESENT",NA,"c3ad790a-d426-4ac1-8e32-da61f81f0117",26.491667,-97.391667,100,NA,NA,NA,1.1,0,"2006-04-11T17:48",11,4,2006,2225642,2225642,"HUMAN_OBSERVATION","TPWD","Lower Laguna Madre Trawl",NA,NA,"",NA,"CC0_1_0","","TPWD",NA,NA,2025-01-31 23:41:24.239,"","GEODETIC_DATUM_INVALID;GEODETIC_DATUM_ASSUMED_WGS84;CONTINENT_DERIVED_FROM_COORDINATES;OCCURRENCE_STATUS_UNPARSABLE"
1271322272,"99cac79f-b9bf-42e5-88bd-68c30a595437","1112307213","Animalia","Arthropoda","Malacostraca","Decapoda","Portunidae","Callinectes","Callinectes similis",NA,"SPECIES","Callinectes similis Williams, 1966","Callinectes similis","","US","Lower Laguna Madre Estuary","Texas","PRESENT",NA,"c3ad790a-d426-4ac1-8e32-da61f81f0117",26.175833,-97.243333,100,NA,NA,NA,1.2,0,"2008-03-04T12:35",4,3,2008,2225642,2225642,"HUMAN_OBSERVATION","TPWD","Lower Laguna Madre Trawl",NA,NA,"",NA,"CC0_1_0","","TPWD",NA,NA,2025-01-31 23:41:24.558,"","GEODETIC_DATUM_INVALID;GEODETIC_DATUM_ASSUMED_WGS84;CONTINENT_DERIVED_FROM_COORDINATES;OCCURRENCE_STATUS_UNPARSABLE"
1271322267,"99cac79f-b9bf-42e5-88bd-68c30a595437","1112306642","Animalia","Arthropoda","Malacostraca","Decapoda","Portunidae","Callinectes","Callinectes similis",NA,"SPECIES","Callinectes similis Williams, 1966","Callinectes similis","","US","Lower Laguna Madre Estuary","Texas","PRESENT",NA,"c3ad790a-d426-4ac1-8e32-da61f81f0117",26.541944,-97.409444,100,NA,NA,NA,1,0,"2006-04-11T16:51",11,4,2006,2225642,2225642,"HUMAN_OBSERVATION","TPWD","Lower Laguna Madre Trawl",NA,NA,"",NA,"CC0_1_0","","TPWD",NA,NA,2025-01-31 23:41:24.544,"","GEODETIC_DATUM_INVALID;GEODETIC_DATUM_ASSUMED_WGS84;CONTINENT_DERIVED_FROM_COORDINATES;OCCURRENCE_STATUS_UNPARSABLE"
1271322263,"99cac79f-b9bf-42e5-88bd-68c30a595437","1112307398","Animalia","Arthropoda","Malacostraca","Decapoda","Portunidae","Callinectes","Callinectes similis",NA,"SPECIES","Callinectes similis Williams, 1966","Callinectes similis","","US","Lower Laguna Madre Estuary","Texas","PRESENT",NA,"c3ad790a-d426-4ac1-8e32-da61f81f0117",26.158611,-97.224722,100,NA,NA,NA,1.5,0,"2007-07-09T10:53",9,7,2007,2225642,2225642,"HUMAN_OBSERVATION","TPWD","Lower Laguna Madre Trawl",NA,NA,"",NA,"CC0_1_0","","TPWD",NA,NA,2025-01-31 23:41:24.58,"","GEODETIC_DATUM_INVALID;GEODETIC_DATUM_ASSUMED_WGS84;CONTINENT_DERIVED_FROM_COORDINATES;OCCURRENCE_STATUS_UNPARSABLE"
1271322259,"99cac79f-b9bf-42e5-88bd-68c30a595437","1112306823","Animalia","Arthropoda","Malacostraca","Decapoda","Portunidae","Callinectes","Callinectes similis",NA,"SPECIES","Callinectes similis Williams, 1966","Callinectes similis","","US","Lower Laguna Madre Estuary","Texas","PRESENT",NA,"c3ad790a-d426-4ac1-8e32-da61f81f0117",26.480556,-97.373889,100,NA,NA,NA,1.1,0,"2006-08-22T12:26",22,8,2006,2225642,2225642,"HUMAN_OBSERVATION","TPWD","Lower Laguna Madre Trawl",NA,NA,"",NA,"CC0_1_0","","TPWD",NA,NA,2025-01-31 23:41:24.238,"","GEODETIC_DATUM_INVALID;GEODETIC_DATUM_ASSUMED_WGS84;CONTINENT_DERIVED_FROM_COORDINATES;OCCURRENCE_STATUS_UNPARSABLE"
1271007286,"cc7cd3f8-1ff5-4273-ad34-f89351392925","1115452190","Animalia","Arthropoda","Malacostraca","Decapoda","Portunidae","Callinectes","Callinectes similis",NA,"SPECIES","Callinectes similis Williams, 1966","Callinectes similis","","US","Upper Laguna Madre Estuary","Texas","PRESENT",NA,"c3ad790a-d426-4ac1-8e32-da61f81f0117",27.175278,-97.406389,100,NA,NA,NA,1.4,0,"2008-04-28T17:16",28,4,2008,2225642,2225642,"HUMAN_OBSERVATION","TPWD","Upper Laguna Madre Trawl",NA,NA,"",NA,"CC0_1_0","","TPWD",NA,NA,2025-02-01 01:05:26.512,"","GEODETIC_DATUM_INVALID;GEODETIC_DATUM_ASSUMED_WGS84;CONTINENT_DERIVED_FROM_COORDINATES;OCCURRENCE_STATUS_UNPARSABLE"
1271007193,"cc7cd3f8-1ff5-4273-ad34-f89351392925","1115452127","Animalia","Arthropoda","Malacostraca","Decapoda","Portunidae","Callinectes","Callinectes similis",NA,"SPECIES","Callinectes similis Williams, 1966","Callinectes similis","","US","Upper Laguna Madre Estuary","Texas","PRESENT",NA,"c3ad790a-d426-4ac1-8e32-da61f81f0117",27.192222,-97.408333,100,NA,NA,NA,2.3,0,"2005-08-03T11:51",3,8,2005,2225642,2225642,"HUMAN_OBSERVATION","TPWD","Upper Laguna Madre Trawl",NA,NA,"",NA,"CC0_1_0","","TPWD",NA,NA,2025-02-01 01:05:26.514,"","GEODETIC_DATUM_INVALID;GEODETIC_DATUM_ASSUMED_WGS84;CONTINENT_DERIVED_FROM_COORDINATES;OCCURRENCE_STATUS_UNPARSABLE"
1271007181,"cc7cd3f8-1ff5-4273-ad34-f89351392925","1115452077","Animalia","Arthropoda","Malacostraca","Decapoda","Portunidae","Callinectes","Callinectes similis",NA,"SPECIES","Callinectes similis Williams, 1966","Callinectes similis","","US","Upper Laguna Madre Estuary","Texas","PRESENT",NA,"c3ad790a-d426-4ac1-8e32-da61f81f0117",27.190278,-97.420278,100,NA,NA,NA,2.2,0,"2005-04-21T11:17",21,4,2005,2225642,2225642,"HUMAN_OBSERVATION","TPWD","Upper Laguna Madre Trawl",NA,NA,"",NA,"CC0_1_0","","TPWD",NA,NA,2025-02-01 01:05:26.435,"","GEODETIC_DATUM_INVALID;GEODETIC_DATUM_ASSUMED_WGS84;CONTINENT_DERIVED_FROM_COORDINATES;OCCURRENCE_STATUS_UNPARSABLE"
1271007128,"cc7cd3f8-1ff5-4273-ad34-f89351392925","1115452100","Animalia","Arthropoda","Malacostraca","Decapoda","Portunidae","Callinectes","Callinectes similis",NA,"SPECIES","Callinectes similis Williams, 1966","Callinectes similis","","US","Upper Laguna Madre Estuary","Texas","PRESENT",NA,"c3ad790a-d426-4ac1-8e32-da61f81f0117",27.195,-97.421111,100,NA,NA,NA,2.9,0,"2007-06-18T11:07",18,6,2007,2225642,2225642,"HUMAN_OBSERVATION","TPWD","Upper Laguna Madre Trawl",NA,NA,"",NA,"CC0_1_0","","TPWD",NA,NA,2025-02-01 01:05:26.451,"","GEODETIC_DATUM_INVALID;GEODETIC_DATUM_ASSUMED_WGS84;CONTINENT_DERIVED_FROM_COORDINATES;OCCURRENCE_STATUS_UNPARSABLE"
1271007058,"cc7cd3f8-1ff5-4273-ad34-f89351392925","1115452019","Animalia","Arthropoda","Malacostraca","Decapoda","Portunidae","Callinectes","Callinectes similis",NA,"SPECIES","Callinectes similis Williams, 1966","Callinectes similis","","US","Upper Laguna Madre Estuary","Texas","PRESENT",NA,"c3ad790a-d426-4ac1-8e32-da61f81f0117",27.359444,-97.374167,100,NA,NA,NA,1.9,0,"2005-11-29T11:57",29,11,2005,2225642,2225642,"HUMAN_OBSERVATION","TPWD","Upper Laguna Madre Trawl",NA,NA,"",NA,"CC0_1_0","","TPWD",NA,NA,2025-02-01 01:05:26.436,"","GEODETIC_DATUM_INVALID;GEODETIC_DATUM_ASSUMED_WGS84;CONTINENT_DERIVED_FROM_COORDINATES;OCCURRENCE_STATUS_UNPARSABLE"
1271006998,"cc7cd3f8-1ff5-4273-ad34-f89351392925","1115451941","Animalia","Arthropoda","Malacostraca","Decapoda","Portunidae","Callinectes","Callinectes similis",NA,"SPECIES","Callinectes similis Williams, 1966","Callinectes similis","","US","Upper Laguna Madre Estuary","Texas","PRESENT",NA,"c3ad790a-d426-4ac1-8e32-da61f81f0117",27.374444,-97.359444,100,NA,NA,NA,1.2,0,"2008-11-07T14:03",7,11,2008,2225642,2225642,"HUMAN_OBSERVATION","TPWD","Upper Laguna Madre Trawl",NA,NA,"",NA,"CC0_1_0","","TPWD",NA,NA,2025-02-01 01:05:26.007,"","GEODETIC_DATUM_INVALID;GEODETIC_DATUM_ASSUMED_WGS84;CONTINENT_DERIVED_FROM_COORDINATES;OCCURRENCE_STATUS_UNPARSABLE"
1271006679,"cc7cd3f8-1ff5-4273-ad34-f89351392925","1115451614","Animalia","Arthropoda","Malacostraca","Decapoda","Portunidae","Callinectes","Callinectes similis",NA,"SPECIES","Callinectes similis Williams, 1966","Callinectes similis","","US","Upper Laguna Madre Estuary","Texas","PRESENT",NA,"c3ad790a-d426-4ac1-8e32-da61f81f0117",27.458333,-97.341667,100,NA,NA,NA,1.5,0,"2005-06-02T14:23",2,6,2005,2225642,2225642,"HUMAN_OBSERVATION","TPWD","Upper Laguna Madre Trawl",NA,NA,"",NA,"CC0_1_0","","TPWD",NA,NA,2025-02-01 01:05:26.698,"","GEODETIC_DATUM_INVALID;GEODETIC_DATUM_ASSUMED_WGS84;CONTINENT_DERIVED_FROM_COORDINATES;OCCURRENCE_STATUS_UNPARSABLE"
1271006621,"cc7cd3f8-1ff5-4273-ad34-f89351392925","1115451547","Animalia","Arthropoda","Malacostraca","Decapoda","Portunidae","Callinectes","Callinectes similis",NA,"SPECIES","Callinectes similis Williams, 1966","Callinectes similis","","US","Upper Laguna Madre Estuary","Texas","PRESENT",NA,"c3ad790a-d426-4ac1-8e32-da61f81f0117",27.477222,-97.327778,100,NA,NA,NA,1,0,"2005-07-06T14:29",6,7,2005,2225642,2225642,"HUMAN_OBSERVATION","TPWD","Upper Laguna Madre Trawl",NA,NA,"",NA,"CC0_1_0","","TPWD",NA,NA,2025-02-01 01:05:26.729,"","GEODETIC_DATUM_INVALID;GEODETIC_DATUM_ASSUMED_WGS84;CONTINENT_DERIVED_FROM_COORDINATES;OCCURRENCE_STATUS_UNPARSABLE"
1271006597,"cc7cd3f8-1ff5-4273-ad34-f89351392925","1115451545","Animalia","Arthropoda","Malacostraca","Decapoda","Portunidae","Callinectes","Callinectes similis",NA,"SPECIES","Callinectes similis Williams, 1966","Callinectes similis","","US","Upper Laguna Madre Estuary","Texas","PRESENT",NA,"c3ad790a-d426-4ac1-8e32-da61f81f0117",27.476389,-97.325556,100,NA,NA,NA,1.2,0,"2008-11-07T11:15",7,11,2008,2225642,2225642,"HUMAN_OBSERVATION","TPWD","Upper Laguna Madre Trawl",NA,NA,"",NA,"CC0_1_0","","TPWD",NA,NA,2025-02-01 01:05:26.73,"","GEODETIC_DATUM_INVALID;GEODETIC_DATUM_ASSUMED_WGS84;CONTINENT_DERIVED_FROM_COORDINATES;OCCURRENCE_STATUS_UNPARSABLE"
1271006358,"cc7cd3f8-1ff5-4273-ad34-f89351392925","1115451298","Animalia","Arthropoda","Malacostraca","Decapoda","Portunidae","Callinectes","Callinectes similis",NA,"SPECIES","Callinectes similis Williams, 1966","Callinectes similis","","US","Upper Laguna Madre Estuary","Texas","PRESENT",NA,"c3ad790a-d426-4ac1-8e32-da61f81f0117",27.561389,-97.279444,100,NA,NA,NA,2.1,0,"2007-04-11T13:52",11,4,2007,2225642,2225642,"HUMAN_OBSERVATION","TPWD","Upper Laguna Madre Trawl",NA,NA,"",NA,"CC0_1_0","","TPWD",NA,NA,2025-02-01 01:05:26.882,"","GEODETIC_DATUM_INVALID;GEODETIC_DATUM_ASSUMED_WGS84;CONTINENT_DERIVED_FROM_COORDINATES;OCCURRENCE_STATUS_UNPARSABLE"
1271006136,"cc7cd3f8-1ff5-4273-ad34-f89351392925","1115451072","Animalia","Arthropoda","Malacostraca","Decapoda","Portunidae","Callinectes","Callinectes similis",NA,"SPECIES","Callinectes similis Williams, 1966","Callinectes similis","","US","Upper Laguna Madre Estuary","Texas","PRESENT",NA,"c3ad790a-d426-4ac1-8e32-da61f81f0117",27.274722,-97.675556,100,NA,NA,NA,2.1,0,"2007-07-11T12:44",11,7,2007,2225642,2225642,"HUMAN_OBSERVATION","TPWD","Upper Laguna Madre Trawl",NA,NA,"",NA,"CC0_1_0","","TPWD",NA,NA,2025-02-01 01:05:26.818,"","GEODETIC_DATUM_INVALID;GEODETIC_DATUM_ASSUMED_WGS84;CONTINENT_DERIVED_FROM_COORDINATES;OCCURRENCE_STATUS_UNPARSABLE"
1271005879,"cc7cd3f8-1ff5-4273-ad34-f89351392925","1115450821","Animalia","Arthropoda","Malacostraca","Decapoda","Portunidae","Callinectes","Callinectes similis",NA,"SPECIES","Callinectes similis Williams, 1966","Callinectes similis","","US","Upper Laguna Madre Estuary","Texas","PRESENT",NA,"c3ad790a-d426-4ac1-8e32-da61f81f0117",27.241667,-97.525278,100,NA,NA,NA,2.9,0,"2007-08-02T14:38",2,8,2007,2225642,2225642,"HUMAN_OBSERVATION","TPWD","Upper Laguna Madre Trawl",NA,NA,"",NA,"CC0_1_0","","TPWD",NA,NA,2025-02-01 01:05:26.084,"","GEODETIC_DATUM_INVALID;GEODETIC_DATUM_ASSUMED_WGS84;CONTINENT_DERIVED_FROM_COORDINATES;OCCURRENCE_STATUS_UNPARSABLE"
1271005708,"cc7cd3f8-1ff5-4273-ad34-f89351392925","1115450628","Animalia","Arthropoda","Malacostraca","Decapoda","Portunidae","Callinectes","Callinectes similis",NA,"SPECIES","Callinectes similis Williams, 1966","Callinectes similis","","US","Upper Laguna Madre Estuary","Texas","PRESENT",NA,"c3ad790a-d426-4ac1-8e32-da61f81f0117",27.258333,-97.525,100,NA,NA,NA,2.4,0,"2007-06-19T13:02",19,6,2007,2225642,2225642,"HUMAN_OBSERVATION","TPWD","Upper Laguna Madre Trawl",NA,NA,"",NA,"CC0_1_0","","TPWD",NA,NA,2025-02-01 01:05:26.018,"","GEODETIC_DATUM_INVALID;GEODETIC_DATUM_ASSUMED_WGS84;CONTINENT_DERIVED_FROM_COORDINATES;OCCURRENCE_STATUS_UNPARSABLE"
1271005497,"cc7cd3f8-1ff5-4273-ad34-f89351392925","1115450453","Animalia","Arthropoda","Malacostraca","Decapoda","Portunidae","Callinectes","Callinectes similis",NA,"SPECIES","Callinectes similis Williams, 1966","Callinectes similis","","US","Upper Laguna Madre Estuary","Texas","PRESENT",NA,"c3ad790a-d426-4ac1-8e32-da61f81f0117",27.258333,-97.625,100,NA,NA,NA,2.3,0,"2007-05-09T12:04",9,5,2007,2225642,2225642,"HUMAN_OBSERVATION","TPWD","Upper Laguna Madre Trawl",NA,NA,"",NA,"CC0_1_0","","TPWD",NA,NA,2025-02-01 01:05:26.77,"","GEODETIC_DATUM_INVALID;GEODETIC_DATUM_ASSUMED_WGS84;CONTINENT_DERIVED_FROM_COORDINATES;OCCURRENCE_STATUS_UNPARSABLE"
1271005443,"cc7cd3f8-1ff5-4273-ad34-f89351392925","1115450366","Animalia","Arthropoda","Malacostraca","Decapoda","Portunidae","Callinectes","Callinectes similis",NA,"SPECIES","Callinectes similis Williams, 1966","Callinectes similis","","US","Upper Laguna Madre Estuary","Texas","PRESENT",NA,"c3ad790a-d426-4ac1-8e32-da61f81f0117",27.275556,-97.474167,100,NA,NA,NA,2.8,0,"2007-05-17T14:01",17,5,2007,2225642,2225642,"HUMAN_OBSERVATION","TPWD","Upper Laguna Madre Trawl",NA,NA,"",NA,"CC0_1_0","","TPWD",NA,NA,2025-02-01 01:05:26.704,"","GEODETIC_DATUM_INVALID;GEODETIC_DATUM_ASSUMED_WGS84;CONTINENT_DERIVED_FROM_COORDINATES;OCCURRENCE_STATUS_UNPARSABLE"
1271005151,"cc7cd3f8-1ff5-4273-ad34-f89351392925","1115450106","Animalia","Arthropoda","Malacostraca","Decapoda","Portunidae","Callinectes","Callinectes similis",NA,"SPECIES","Callinectes similis Williams, 1966","Callinectes similis","","US","Upper Laguna Madre Estuary","Texas","PRESENT",NA,"c3ad790a-d426-4ac1-8e32-da61f81f0117",27.291944,-97.426944,100,NA,NA,NA,3,0,"2008-07-16T11:19",16,7,2008,2225642,2225642,"HUMAN_OBSERVATION","TPWD","Upper Laguna Madre Trawl",NA,NA,"",NA,"CC0_1_0","","TPWD",NA,NA,2025-02-01 01:05:26.873,"","GEODETIC_DATUM_INVALID;GEODETIC_DATUM_ASSUMED_WGS84;CONTINENT_DERIVED_FROM_COORDINATES;OCCURRENCE_STATUS_UNPARSABLE"
1271005108,"cc7cd3f8-1ff5-4273-ad34-f89351392925","1115450031","Animalia","Arthropoda","Malacostraca","Decapoda","Portunidae","Callinectes","Callinectes similis",NA,"SPECIES","Callinectes similis Williams, 1966","Callinectes similis","","US","Upper Laguna Madre Estuary","Texas","PRESENT",NA,"c3ad790a-d426-4ac1-8e32-da61f81f0117",27.292222,-97.458333,100,NA,NA,NA,3.1,0,"2008-04-02T12:57",2,4,2008,2225642,2225642,"HUMAN_OBSERVATION","TPWD","Upper Laguna Madre Trawl",NA,NA,"",NA,"CC0_1_0","","TPWD",NA,NA,2025-02-01 01:05:26.894,"","GEODETIC_DATUM_INVALID;GEODETIC_DATUM_ASSUMED_WGS84;CONTINENT_DERIVED_FROM_COORDINATES;OCCURRENCE_STATUS_UNPARSABLE"
1271005084,"cc7cd3f8-1ff5-4273-ad34-f89351392925","1115450037","Animalia","Arthropoda","Malacostraca","Decapoda","Portunidae","Callinectes","Callinectes similis",NA,"SPECIES","Callinectes similis Williams, 1966","Callinectes similis","","US","Upper Laguna Madre Estuary","Texas","PRESENT",NA,"c3ad790a-d426-4ac1-8e32-da61f81f0117",27.291667,-97.441389,100,NA,NA,NA,2.7,0,"2008-04-02T12:17",2,4,2008,2225642,2225642,"HUMAN_OBSERVATION","TPWD","Upper Laguna Madre Trawl",NA,NA,"",NA,"CC0_1_0","","TPWD",NA,NA,2025-02-01 01:05:26.894,"","GEODETIC_DATUM_INVALID;GEODETIC_DATUM_ASSUMED_WGS84;CONTINENT_DERIVED_FROM_COORDINATES;OCCURRENCE_STATUS_UNPARSABLE"
1271005052,"cc7cd3f8-1ff5-4273-ad34-f89351392925","1115449966","Animalia","Arthropoda","Malacostraca","Decapoda","Portunidae","Callinectes","Callinectes similis",NA,"SPECIES","Callinectes similis Williams, 1966","Callinectes similis","","US","Upper Laguna Madre Estuary","Texas","PRESENT",NA,"c3ad790a-d426-4ac1-8e32-da61f81f0117",27.291944,-97.626667,100,NA,NA,NA,1.9,0,"2007-06-14T12:39",14,6,2007,2225642,2225642,"HUMAN_OBSERVATION","TPWD","Upper Laguna Madre Trawl",NA,NA,"",NA,"CC0_1_0","","TPWD",NA,NA,2025-02-01 01:05:26.049,"","GEODETIC_DATUM_INVALID;GEODETIC_DATUM_ASSUMED_WGS84;CONTINENT_DERIVED_FROM_COORDINATES;OCCURRENCE_STATUS_UNPARSABLE"
1271004921,"cc7cd3f8-1ff5-4273-ad34-f89351392925","1115449842","Animalia","Arthropoda","Malacostraca","Decapoda","Portunidae","Callinectes","Callinectes similis",NA,"SPECIES","Callinectes similis Williams, 1966","Callinectes similis","","US","Upper Laguna Madre Estuary","Texas","PRESENT",NA,"c3ad790a-d426-4ac1-8e32-da61f81f0117",27.31,-97.5425,100,NA,NA,NA,1.8,0,"2007-07-25T11:39",25,7,2007,2225642,2225642,"HUMAN_OBSERVATION","TPWD","Upper Laguna Madre Trawl",NA,NA,"",NA,"CC0_1_0","","TPWD",NA,NA,2025-02-01 01:05:26.085,"","GEODETIC_DATUM_INVALID;GEODETIC_DATUM_ASSUMED_WGS84;CONTINENT_DERIVED_FROM_COORDINATES;OCCURRENCE_STATUS_UNPARSABLE"
1270873453,"b902eee0-ecf4-4269-8af0-0e67d753b89a","1113726840","Animalia","Arthropoda","Malacostraca","Decapoda","Portunidae","Callinectes","Callinectes similis",NA,"SPECIES","Callinectes similis Williams, 1966","Callinectes similis","","US","Sabine-Neches Estuary","Texas","PRESENT",NA,"c3ad790a-d426-4ac1-8e32-da61f81f0117",29.773333,-93.898889,100,NA,NA,NA,7.6,2.4,"2007-12-18T12:01",18,12,2007,2225642,2225642,"HUMAN_OBSERVATION","TPWD","Sabine Lake Bay Trawl",3972,NA,"",NA,"CC0_1_0","","TPWD",NA,NA,2025-02-01 00:34:20.196,"","GEODETIC_DATUM_INVALID;GEODETIC_DATUM_ASSUMED_WGS84;CONTINENT_DERIVED_FROM_COORDINATES;DEPTH_MIN_MAX_SWAPPED;OCCURRENCE_STATUS_UNPARSABLE"
1270873407,"b902eee0-ecf4-4269-8af0-0e67d753b89a","1113726250","Animalia","Arthropoda","Malacostraca","Decapoda","Portunidae","Callinectes","Callinectes similis",NA,"SPECIES","Callinectes similis Williams, 1966","Callinectes similis","","US","Sabine-Neches Estuary","Texas","PRESENT",NA,"c3ad790a-d426-4ac1-8e32-da61f81f0117",29.875,-93.873056,100,NA,NA,NA,1.8,0,"2007-06-13T09:00",13,6,2007,2225642,2225642,"HUMAN_OBSERVATION","TPWD","Sabine Lake Bay Trawl",2880,NA,"",NA,"CC0_1_0","","TPWD",NA,NA,2025-02-01 00:34:20.325,"","GEODETIC_DATUM_INVALID;GEODETIC_DATUM_ASSUMED_WGS84;CONTINENT_DERIVED_FROM_COORDINATES;OCCURRENCE_STATUS_UNPARSABLE"
1270873384,"b902eee0-ecf4-4269-8af0-0e67d753b89a","1113726291","Animalia","Arthropoda","Malacostraca","Decapoda","Portunidae","Callinectes","Callinectes similis",NA,"SPECIES","Callinectes similis Williams, 1966","Callinectes similis","","US","Sabine-Neches Estuary","Texas","PRESENT",NA,"c3ad790a-d426-4ac1-8e32-da61f81f0117",29.771944,-93.897222,100,NA,NA,NA,7.95,2.45,"2007-04-16T09:14",16,4,2007,2225642,2225642,"HUMAN_OBSERVATION","TPWD","Sabine Lake Bay Trawl",3041,NA,"",NA,"CC0_1_0","","TPWD",NA,NA,2025-02-01 00:34:20.32,"","GEODETIC_DATUM_INVALID;GEODETIC_DATUM_ASSUMED_WGS84;CONTINENT_DERIVED_FROM_COORDINATES;DEPTH_MIN_MAX_SWAPPED;OCCURRENCE_STATUS_UNPARSABLE"
1268892091,"d0e9b7eb-29a9-4695-bb13-22585df648a5","1110787203","Animalia","Arthropoda","Malacostraca","Decapoda","Portunidae","Callinectes","Callinectes similis",NA,"SPECIES","Callinectes similis Williams, 1966","Callinectes similis","","US","Mission-Aransas Estuary","Texas","PRESENT",NA,"c3ad790a-d426-4ac1-8e32-da61f81f0117",28.043611,-97.143056,100,NA,NA,NA,1.5,0.1,"2008-01-22T15:00",22,1,2008,2225642,2225642,"HUMAN_OBSERVATION","TPWD","Aransas Bay Trawl",NA,NA,"",NA,"CC0_1_0","","TPWD",NA,NA,2025-02-01 01:12:51.04,"","GEODETIC_DATUM_INVALID;GEODETIC_DATUM_ASSUMED_WGS84;CONTINENT_DERIVED_FROM_COORDINATES;DEPTH_MIN_MAX_SWAPPED;OCCURRENCE_STATUS_UNPARSABLE"
1268892013,"d0e9b7eb-29a9-4695-bb13-22585df648a5","1110787123","Animalia","Arthropoda","Malacostraca","Decapoda","Portunidae","Callinectes","Callinectes similis",NA,"SPECIES","Callinectes similis Williams, 1966","Callinectes similis","","US","Mission-Aransas Estuary","Texas","PRESENT",NA,"c3ad790a-d426-4ac1-8e32-da61f81f0117",28.040278,-97.152778,100,NA,NA,NA,1.45,0.05,"2008-01-22T15:32",22,1,2008,2225642,2225642,"HUMAN_OBSERVATION","TPWD","Aransas Bay Trawl",NA,NA,"",NA,"CC0_1_0","","TPWD",NA,NA,2025-02-01 01:12:51.008,"","GEODETIC_DATUM_INVALID;GEODETIC_DATUM_ASSUMED_WGS84;CONTINENT_DERIVED_FROM_COORDINATES;DEPTH_MIN_MAX_SWAPPED;OCCURRENCE_STATUS_UNPARSABLE"
1268891943,"d0e9b7eb-29a9-4695-bb13-22585df648a5","1110787093","Animalia","Arthropoda","Malacostraca","Decapoda","Portunidae","Callinectes","Callinectes similis",NA,"SPECIES","Callinectes similis Williams, 1966","Callinectes similis","","US","Mission-Aransas Estuary","Texas","PRESENT",NA,"c3ad790a-d426-4ac1-8e32-da61f81f0117",28.059167,-97.162222,100,NA,NA,NA,1.8,0,"2006-11-01T15:16",1,11,2006,2225642,2225642,"HUMAN_OBSERVATION","TPWD","Aransas Bay Trawl",NA,NA,"",NA,"CC0_1_0","","TPWD",NA,NA,2025-02-01 01:12:50.979,"","GEODETIC_DATUM_INVALID;GEODETIC_DATUM_ASSUMED_WGS84;CONTINENT_DERIVED_FROM_COORDINATES;OCCURRENCE_STATUS_UNPARSABLE"
1268891830,"d0e9b7eb-29a9-4695-bb13-22585df648a5","1110786940","Animalia","Arthropoda","Malacostraca","Decapoda","Portunidae","Callinectes","Callinectes similis",NA,"SPECIES","Callinectes similis Williams, 1966","Callinectes similis","","US","Mission-Aransas Estuary","Texas","PRESENT",NA,"c3ad790a-d426-4ac1-8e32-da61f81f0117",28.073889,-97.126111,100,NA,NA,NA,1.8,0,"2006-11-01T15:46",1,11,2006,2225642,2225642,"HUMAN_OBSERVATION","TPWD","Aransas Bay Trawl",NA,NA,"",NA,"CC0_1_0","","TPWD",NA,NA,2025-02-01 01:12:53.988,"","GEODETIC_DATUM_INVALID;GEODETIC_DATUM_ASSUMED_WGS84;CONTINENT_DERIVED_FROM_COORDINATES;OCCURRENCE_STATUS_UNPARSABLE"
1268891805,"d0e9b7eb-29a9-4695-bb13-22585df648a5","1110786939","Animalia","Arthropoda","Malacostraca","Decapoda","Portunidae","Callinectes","Callinectes similis",NA,"SPECIES","Callinectes similis Williams, 1966","Callinectes similis","","US","Mission-Aransas Estuary","Texas","PRESENT",NA,"c3ad790a-d426-4ac1-8e32-da61f81f0117",28.073056,-97.125833,100,NA,NA,NA,1.45,0.05,"2008-12-11T14:05",11,12,2008,2225642,2225642,"HUMAN_OBSERVATION","TPWD","Aransas Bay Trawl",NA,NA,"",NA,"CC0_1_0","","TPWD",NA,NA,2025-02-01 01:12:53.989,"","GEODETIC_DATUM_INVALID;GEODETIC_DATUM_ASSUMED_WGS84;CONTINENT_DERIVED_FROM_COORDINATES;DEPTH_MIN_MAX_SWAPPED;OCCURRENCE_STATUS_UNPARSABLE"
1268891769,"d0e9b7eb-29a9-4695-bb13-22585df648a5","1110786897","Animalia","Arthropoda","Malacostraca","Decapoda","Portunidae","Callinectes","Callinectes similis",NA,"SPECIES","Callinectes similis Williams, 1966","Callinectes similis","","US","Mission-Aransas Estuary","Texas","PRESENT",NA,"c3ad790a-d426-4ac1-8e32-da61f81f0117",28.076389,-97.158056,100,NA,NA,NA,1.85,0.0499999999999999,"2007-10-24T16:16",24,10,2007,2225642,2225642,"HUMAN_OBSERVATION","TPWD","Aransas Bay Trawl",NA,NA,"",NA,"CC0_1_0","","TPWD",NA,NA,2025-02-01 01:12:53.984,"","GEODETIC_DATUM_INVALID;GEODETIC_DATUM_ASSUMED_WGS84;CONTINENT_DERIVED_FROM_COORDINATES;DEPTH_MIN_MAX_SWAPPED;OCCURRENCE_STATUS_UNPARSABLE"
1268890970,"d0e9b7eb-29a9-4695-bb13-22585df648a5","1110786121","Animalia","Arthropoda","Malacostraca","Decapoda","Portunidae","Callinectes","Callinectes similis",NA,"SPECIES","Callinectes similis Williams, 1966","Callinectes similis","","US","Mission-Aransas Estuary","Texas","PRESENT",NA,"c3ad790a-d426-4ac1-8e32-da61f81f0117",28.1075,-97.124444,100,NA,NA,NA,1.5,0,"2006-11-16T13:51",16,11,2006,2225642,2225642,"HUMAN_OBSERVATION","TPWD","Aransas Bay Trawl",NA,NA,"",NA,"CC0_1_0","","TPWD",NA,NA,2025-02-01 01:12:53.417,"","GEODETIC_DATUM_INVALID;GEODETIC_DATUM_ASSUMED_WGS84;CONTINENT_DERIVED_FROM_COORDINATES;OCCURRENCE_STATUS_UNPARSABLE"
1268890876,"d0e9b7eb-29a9-4695-bb13-22585df648a5","1110786071","Animalia","Arthropoda","Malacostraca","Decapoda","Portunidae","Callinectes","Callinectes similis",NA,"SPECIES","Callinectes similis Williams, 1966","Callinectes similis","","US","Mission-Aransas Estuary","Texas","PRESENT",NA,"c3ad790a-d426-4ac1-8e32-da61f81f0117",28.111944,-97.157222,100,NA,NA,NA,1.2,0,"2008-12-11T11:20",11,12,2008,2225642,2225642,"HUMAN_OBSERVATION","TPWD","Aransas Bay Trawl",NA,NA,"",NA,"CC0_1_0","","TPWD",NA,NA,2025-02-01 01:12:53.721,"","GEODETIC_DATUM_INVALID;GEODETIC_DATUM_ASSUMED_WGS84;CONTINENT_DERIVED_FROM_COORDINATES;OCCURRENCE_STATUS_UNPARSABLE"
1268890270,"d0e9b7eb-29a9-4695-bb13-22585df648a5","1110785366","Animalia","Arthropoda","Malacostraca","Decapoda","Portunidae","Callinectes","Callinectes similis",NA,"SPECIES","Callinectes similis Williams, 1966","Callinectes similis","","US","Mission-Aransas Estuary","Texas","PRESENT",NA,"c3ad790a-d426-4ac1-8e32-da61f81f0117",28.142778,-97.123611,100,NA,NA,NA,1.5,0,"2007-07-10T13:48",10,7,2007,2225642,2225642,"HUMAN_OBSERVATION","TPWD","Aransas Bay Trawl",NA,NA,"",NA,"CC0_1_0","","TPWD",NA,NA,2025-02-01 01:12:53,"","GEODETIC_DATUM_INVALID;GEODETIC_DATUM_ASSUMED_WGS84;CONTINENT_DERIVED_FROM_COORDINATES;OCCURRENCE_STATUS_UNPARSABLE"
1268890259,"d0e9b7eb-29a9-4695-bb13-22585df648a5","1110785372","Animalia","Arthropoda","Malacostraca","Decapoda","Portunidae","Callinectes","Callinectes similis",NA,"SPECIES","Callinectes similis Williams, 1966","Callinectes similis","","US","Mission-Aransas Estuary","Texas","PRESENT",NA,"c3ad790a-d426-4ac1-8e32-da61f81f0117",28.141111,-97.108056,100,NA,NA,NA,1.9,0,"2008-06-09T13:32",9,6,2008,2225642,2225642,"HUMAN_OBSERVATION","TPWD","Aransas Bay Trawl",NA,NA,"",NA,"CC0_1_0","","TPWD",NA,NA,2025-02-01 01:12:52.998,"","GEODETIC_DATUM_INVALID;GEODETIC_DATUM_ASSUMED_WGS84;CONTINENT_DERIVED_FROM_COORDINATES;OCCURRENCE_STATUS_UNPARSABLE"
1268890211,"d0e9b7eb-29a9-4695-bb13-22585df648a5","1110785364","Animalia","Arthropoda","Malacostraca","Decapoda","Portunidae","Callinectes","Callinectes similis",NA,"SPECIES","Callinectes similis Williams, 1966","Callinectes similis","","US","Mission-Aransas Estuary","Texas","PRESENT",NA,"c3ad790a-d426-4ac1-8e32-da61f81f0117",28.142222,-97.124722,100,NA,NA,NA,1.7,0.1,"2007-09-25T13:46",25,9,2007,2225642,2225642,"HUMAN_OBSERVATION","TPWD","Aransas Bay Trawl",NA,NA,"",NA,"CC0_1_0","","TPWD",NA,NA,2025-02-01 01:12:53,"","GEODETIC_DATUM_INVALID;GEODETIC_DATUM_ASSUMED_WGS84;CONTINENT_DERIVED_FROM_COORDINATES;DEPTH_MIN_MAX_SWAPPED;OCCURRENCE_STATUS_UNPARSABLE"
1268890171,"d0e9b7eb-29a9-4695-bb13-22585df648a5","1110785287","Animalia","Arthropoda","Malacostraca","Decapoda","Portunidae","Callinectes","Callinectes similis",NA,"SPECIES","Callinectes similis Williams, 1966","Callinectes similis","","US","Mission-Aransas Estuary","Texas","PRESENT",NA,"c3ad790a-d426-4ac1-8e32-da61f81f0117",28.159722,-97.028889,100,NA,NA,NA,1.85,0.0499999999999999,"2007-10-02T13:52",2,10,2007,2225642,2225642,"HUMAN_OBSERVATION","TPWD","Aransas Bay Trawl",NA,NA,"",NA,"CC0_1_0","","TPWD",NA,NA,2025-02-01 01:12:52.925,"","GEODETIC_DATUM_INVALID;GEODETIC_DATUM_ASSUMED_WGS84;CONTINENT_DERIVED_FROM_COORDINATES;DEPTH_MIN_MAX_SWAPPED;OCCURRENCE_STATUS_UNPARSABLE"
1268889898,"d0e9b7eb-29a9-4695-bb13-22585df648a5","1110785029","Animalia","Arthropoda","Malacostraca","Decapoda","Portunidae","Callinectes","Callinectes similis",NA,"SPECIES","Callinectes similis Williams, 1966","Callinectes similis","","US","Mission-Aransas Estuary","Texas","PRESENT",NA,"c3ad790a-d426-4ac1-8e32-da61f81f0117",28.174444,-97.026111,100,NA,NA,NA,1.65,0.15,"2008-05-19T14:50",19,5,2008,2225642,2225642,"HUMAN_OBSERVATION","TPWD","Aransas Bay Trawl",NA,NA,"",NA,"CC0_1_0","","TPWD",NA,NA,2025-02-01 01:12:52.645,"","GEODETIC_DATUM_INVALID;GEODETIC_DATUM_ASSUMED_WGS84;CONTINENT_DERIVED_FROM_COORDINATES;DEPTH_MIN_MAX_SWAPPED;OCCURRENCE_STATUS_UNPARSABLE"
1268889770,"d0e9b7eb-29a9-4695-bb13-22585df648a5","1110784928","Animalia","Arthropoda","Malacostraca","Decapoda","Portunidae","Callinectes","Callinectes similis",NA,"SPECIES","Callinectes similis Williams, 1966","Callinectes similis","","US","Mission-Aransas Estuary","Texas","PRESENT",NA,"c3ad790a-d426-4ac1-8e32-da61f81f0117",28.175,-97.057222,100,NA,NA,NA,1.8,0,"2005-11-07T13:40",7,11,2005,2225642,2225642,"HUMAN_OBSERVATION","TPWD","Aransas Bay Trawl",NA,NA,"",NA,"CC0_1_0","","TPWD",NA,NA,2025-02-01 01:12:51.534,"","GEODETIC_DATUM_INVALID;GEODETIC_DATUM_ASSUMED_WGS84;CONTINENT_DERIVED_FROM_COORDINATES;OCCURRENCE_STATUS_UNPARSABLE"
1268889731,"d0e9b7eb-29a9-4695-bb13-22585df648a5","1110784876","Animalia","Arthropoda","Malacostraca","Decapoda","Portunidae","Callinectes","Callinectes similis",NA,"SPECIES","Callinectes similis Williams, 1966","Callinectes similis","","US","Mission-Aransas Estuary","Texas","PRESENT",NA,"c3ad790a-d426-4ac1-8e32-da61f81f0117",27.859444,-97.123611,100,NA,NA,NA,2.25,0.15,"2005-10-03T07:52",3,10,2005,2225642,2225642,"HUMAN_OBSERVATION","TPWD","Aransas Bay Trawl",NA,NA,"",NA,"CC0_1_0","","TPWD",NA,NA,2025-02-01 01:12:51.5,"","GEODETIC_DATUM_INVALID;GEODETIC_DATUM_ASSUMED_WGS84;CONTINENT_DERIVED_FROM_COORDINATES;DEPTH_MIN_MAX_SWAPPED;OCCURRENCE_STATUS_UNPARSABLE"
1268889729,"d0e9b7eb-29a9-4695-bb13-22585df648a5","1110784832","Animalia","Arthropoda","Malacostraca","Decapoda","Portunidae","Callinectes","Callinectes similis",NA,"SPECIES","Callinectes similis Williams, 1966","Callinectes similis","","US","Mission-Aransas Estuary","Texas","PRESENT",NA,"c3ad790a-d426-4ac1-8e32-da61f81f0117",28.141944,-96.958333,100,NA,NA,NA,1.65,0.0499999999999999,"2007-04-23T14:35",23,4,2007,2225642,2225642,"HUMAN_OBSERVATION","TPWD","Aransas Bay Trawl",NA,NA,"",NA,"CC0_1_0","","TPWD",NA,NA,2025-02-01 01:12:51.497,"","GEODETIC_DATUM_INVALID;GEODETIC_DATUM_ASSUMED_WGS84;CONTINENT_DERIVED_FROM_COORDINATES;DEPTH_MIN_MAX_SWAPPED;OCCURRENCE_STATUS_UNPARSABLE"
1268889676,"d0e9b7eb-29a9-4695-bb13-22585df648a5","1110784828","Animalia","Arthropoda","Malacostraca","Decapoda","Portunidae","Callinectes","Callinectes similis",NA,"SPECIES","Callinectes similis Williams, 1966","Callinectes similis","","US","Mission-Aransas Estuary","Texas","PRESENT",NA,"c3ad790a-d426-4ac1-8e32-da61f81f0117",28.141667,-96.958333,100,NA,NA,NA,1.6,0,"2007-07-20T11:17",20,7,2007,2225642,2225642,"HUMAN_OBSERVATION","TPWD","Aransas Bay Trawl",NA,NA,"",NA,"CC0_1_0","","TPWD",NA,NA,2025-02-01 01:12:51.498,"","GEODETIC_DATUM_INVALID;GEODETIC_DATUM_ASSUMED_WGS84;CONTINENT_DERIVED_FROM_COORDINATES;OCCURRENCE_STATUS_UNPARSABLE"
1268889659,"d0e9b7eb-29a9-4695-bb13-22585df648a5","1110784796","Animalia","Arthropoda","Malacostraca","Decapoda","Portunidae","Callinectes","Callinectes similis",NA,"SPECIES","Callinectes similis Williams, 1966","Callinectes similis","","US","Mission-Aransas Estuary","Texas","PRESENT",NA,"c3ad790a-d426-4ac1-8e32-da61f81f0117",28.158333,-96.959167,100,NA,NA,NA,1.3,0.1,"2006-05-01T14:50",1,5,2006,2225642,2225642,"HUMAN_OBSERVATION","TPWD","Aransas Bay Trawl",NA,NA,"",NA,"CC0_1_0","","TPWD",NA,NA,2025-02-01 01:12:51.486,"","GEODETIC_DATUM_INVALID;GEODETIC_DATUM_ASSUMED_WGS84;CONTINENT_DERIVED_FROM_COORDINATES;DEPTH_MIN_MAX_SWAPPED;OCCURRENCE_STATUS_UNPARSABLE"
1268889589,"d0e9b7eb-29a9-4695-bb13-22585df648a5","1110784745","Animalia","Arthropoda","Malacostraca","Decapoda","Portunidae","Callinectes","Callinectes similis",NA,"SPECIES","Callinectes similis Williams, 1966","Callinectes similis","","US","Mission-Aransas Estuary","Texas","PRESENT",NA,"c3ad790a-d426-4ac1-8e32-da61f81f0117",28.173611,-96.955833,100,NA,NA,NA,1.7,0.1,"2008-07-21T14:16",21,7,2008,2225642,2225642,"HUMAN_OBSERVATION","TPWD","Aransas Bay Trawl",NA,NA,"",NA,"CC0_1_0","","TPWD",NA,NA,2025-02-01 01:12:52.187,"","GEODETIC_DATUM_INVALID;GEODETIC_DATUM_ASSUMED_WGS84;CONTINENT_DERIVED_FROM_COORDINATES;OCCURRENCE_STATUS_UNPARSABLE"
1268889585,"d0e9b7eb-29a9-4695-bb13-22585df648a5","1110784680","Animalia","Arthropoda","Malacostraca","Decapoda","Portunidae","Callinectes","Callinectes similis",NA,"SPECIES","Callinectes similis Williams, 1966","Callinectes similis","","US","Mission-Aransas Estuary","Texas","PRESENT",NA,"c3ad790a-d426-4ac1-8e32-da61f81f0117",28.125833,-96.893056,100,NA,NA,NA,1.05,0.15,"2007-07-18T11:35",18,7,2007,2225642,2225642,"HUMAN_OBSERVATION","TPWD","Aransas Bay Trawl",NA,NA,"",NA,"CC0_1_0","","TPWD",NA,NA,2025-02-01 01:12:52.177,"","GEODETIC_DATUM_INVALID;GEODETIC_DATUM_ASSUMED_WGS84;CONTINENT_DERIVED_FROM_COORDINATES;DEPTH_MIN_MAX_SWAPPED;OCCURRENCE_STATUS_UNPARSABLE"
1268889559,"d0e9b7eb-29a9-4695-bb13-22585df648a5","1110784656","Animalia","Arthropoda","Malacostraca","Decapoda","Portunidae","Callinectes","Callinectes similis",NA,"SPECIES","Callinectes similis Williams, 1966","Callinectes similis","","US","Mission-Aransas Estuary","Texas","PRESENT",NA,"c3ad790a-d426-4ac1-8e32-da61f81f0117",28.123889,-96.893889,100,NA,NA,NA,1.2,0,"2006-11-01T08:59",1,11,2006,2225642,2225642,"HUMAN_OBSERVATION","TPWD","Aransas Bay Trawl",NA,NA,"",NA,"CC0_1_0","","TPWD",NA,NA,2025-02-01 01:12:52.179,"","GEODETIC_DATUM_INVALID;GEODETIC_DATUM_ASSUMED_WGS84;CONTINENT_DERIVED_FROM_COORDINATES;OCCURRENCE_STATUS_UNPARSABLE"
1268889532,"d0e9b7eb-29a9-4695-bb13-22585df648a5","1110784650","Animalia","Arthropoda","Malacostraca","Decapoda","Portunidae","Callinectes","Callinectes similis",NA,"SPECIES","Callinectes similis Williams, 1966","Callinectes similis","","US","Mission-Aransas Estuary","Texas","PRESENT",NA,"c3ad790a-d426-4ac1-8e32-da61f81f0117",28.139167,-96.891389,100,NA,NA,NA,1.1,0.4,"2008-05-19T11:25",19,5,2008,2225642,2225642,"HUMAN_OBSERVATION","TPWD","Aransas Bay Trawl",NA,NA,"",NA,"CC0_1_0","","TPWD",NA,NA,2025-02-01 01:12:52.152,"","GEODETIC_DATUM_INVALID;GEODETIC_DATUM_ASSUMED_WGS84;CONTINENT_DERIVED_FROM_COORDINATES;DEPTH_MIN_MAX_SWAPPED;OCCURRENCE_STATUS_UNPARSABLE"
1268889503,"d0e9b7eb-29a9-4695-bb13-22585df648a5","1110784653","Animalia","Arthropoda","Malacostraca","Decapoda","Portunidae","Callinectes","Callinectes similis",NA,"SPECIES","Callinectes similis Williams, 1966","Callinectes similis","","US","Mission-Aransas Estuary","Texas","PRESENT",NA,"c3ad790a-d426-4ac1-8e32-da61f81f0117",28.123333,-96.892222,100,NA,NA,NA,1,0,"2007-11-26T10:13",26,11,2007,2225642,2225642,"HUMAN_OBSERVATION","TPWD","Aransas Bay Trawl",NA,NA,"",NA,"CC0_1_0","","TPWD",NA,NA,2025-02-01 01:12:52.179,"","GEODETIC_DATUM_INVALID;GEODETIC_DATUM_ASSUMED_WGS84;CONTINENT_DERIVED_FROM_COORDINATES;OCCURRENCE_STATUS_UNPARSABLE"
1268889438,"d0e9b7eb-29a9-4695-bb13-22585df648a5","1110784589","Animalia","Arthropoda","Malacostraca","Decapoda","Portunidae","Callinectes","Callinectes similis",NA,"SPECIES","Callinectes similis Williams, 1966","Callinectes similis","","US","Mission-Aransas Estuary","Texas","PRESENT",NA,"c3ad790a-d426-4ac1-8e32-da61f81f0117",27.91,-97.055833,100,NA,NA,NA,1.95,0.15,"2006-10-24T08:16",24,10,2006,2225642,2225642,"HUMAN_OBSERVATION","TPWD","Aransas Bay Trawl",NA,NA,"",NA,"CC0_1_0","","TPWD",NA,NA,2025-02-01 01:12:52.148,"","GEODETIC_DATUM_INVALID;GEODETIC_DATUM_ASSUMED_WGS84;CONTINENT_DERIVED_FROM_COORDINATES;DEPTH_MIN_MAX_SWAPPED;OCCURRENCE_STATUS_UNPARSABLE"
1268889416,"d0e9b7eb-29a9-4695-bb13-22585df648a5","1110784555","Animalia","Arthropoda","Malacostraca","Decapoda","Portunidae","Callinectes","Callinectes similis",NA,"SPECIES","Callinectes similis Williams, 1966","Callinectes similis","","US","Mission-Aransas Estuary","Texas","PRESENT",NA,"c3ad790a-d426-4ac1-8e32-da61f81f0117",27.925,-97.027222,100,NA,NA,NA,1.8,0,"2006-10-24T08:55",24,10,2006,2225642,2225642,"HUMAN_OBSERVATION","TPWD","Aransas Bay Trawl",NA,NA,"",NA,"CC0_1_0","","TPWD",NA,NA,2025-02-01 01:12:52.146,"","GEODETIC_DATUM_INVALID;GEODETIC_DATUM_ASSUMED_WGS84;CONTINENT_DERIVED_FROM_COORDINATES;OCCURRENCE_STATUS_UNPARSABLE"
1268889378,"d0e9b7eb-29a9-4695-bb13-22585df648a5","1110784521","Animalia","Arthropoda","Malacostraca","Decapoda","Portunidae","Callinectes","Callinectes similis",NA,"SPECIES","Callinectes similis Williams, 1966","Callinectes similis","","US","Mission-Aransas Estuary","Texas","PRESENT",NA,"c3ad790a-d426-4ac1-8e32-da61f81f0117",27.924167,-97.029167,100,NA,NA,NA,1.9,0,"2007-10-02T09:13",2,10,2007,2225642,2225642,"HUMAN_OBSERVATION","TPWD","Aransas Bay Trawl",NA,NA,"",NA,"CC0_1_0","","TPWD",NA,NA,2025-02-01 01:12:52.122,"","GEODETIC_DATUM_INVALID;GEODETIC_DATUM_ASSUMED_WGS84;CONTINENT_DERIVED_FROM_COORDINATES;OCCURRENCE_STATUS_UNPARSABLE"
1268889368,"d0e9b7eb-29a9-4695-bb13-22585df648a5","1110784490","Animalia","Arthropoda","Malacostraca","Decapoda","Portunidae","Callinectes","Callinectes similis",NA,"SPECIES","Callinectes similis Williams, 1966","Callinectes similis","","US","Mission-Aransas Estuary","Texas","PRESENT",NA,"c3ad790a-d426-4ac1-8e32-da61f81f0117",27.924167,-97.040833,100,NA,NA,NA,1.5,0,"2006-02-21T08:38",21,2,2006,2225642,2225642,"HUMAN_OBSERVATION","TPWD","Aransas Bay Trawl",NA,NA,"",NA,"CC0_1_0","","TPWD",NA,NA,2025-02-01 01:12:52.115,"","GEODETIC_DATUM_INVALID;GEODETIC_DATUM_ASSUMED_WGS84;CONTINENT_DERIVED_FROM_COORDINATES;OCCURRENCE_STATUS_UNPARSABLE"
1268889347,"d0e9b7eb-29a9-4695-bb13-22585df648a5","1110784481","Animalia","Arthropoda","Malacostraca","Decapoda","Portunidae","Callinectes","Callinectes similis",NA,"SPECIES","Callinectes similis Williams, 1966","Callinectes similis","","US","Mission-Aransas Estuary","Texas","PRESENT",NA,"c3ad790a-d426-4ac1-8e32-da61f81f0117",27.923889,-97.04,100,NA,NA,NA,1.2,0,"2006-01-24T08:44",24,1,2006,2225642,2225642,"HUMAN_OBSERVATION","TPWD","Aransas Bay Trawl",NA,NA,"",NA,"CC0_1_0","","TPWD",NA,NA,2025-02-01 01:12:52.116,"","GEODETIC_DATUM_INVALID;GEODETIC_DATUM_ASSUMED_WGS84;CONTINENT_DERIVED_FROM_COORDINATES;OCCURRENCE_STATUS_UNPARSABLE"
1268889334,"d0e9b7eb-29a9-4695-bb13-22585df648a5","1110784428","Animalia","Arthropoda","Malacostraca","Decapoda","Portunidae","Callinectes","Callinectes similis",NA,"SPECIES","Callinectes similis Williams, 1966","Callinectes similis","","US","Mission-Aransas Estuary","Texas","PRESENT",NA,"c3ad790a-d426-4ac1-8e32-da61f81f0117",27.924444,-97.061667,100,NA,NA,NA,2.35,0.05,"2008-11-06T14:44",6,11,2008,2225642,2225642,"HUMAN_OBSERVATION","TPWD","Aransas Bay Trawl",NA,NA,"",NA,"CC0_1_0","","TPWD",NA,NA,2025-02-01 01:12:52.113,"","GEODETIC_DATUM_INVALID;GEODETIC_DATUM_ASSUMED_WGS84;CONTINENT_DERIVED_FROM_COORDINATES;DEPTH_MIN_MAX_SWAPPED;OCCURRENCE_STATUS_UNPARSABLE"
1268889332,"d0e9b7eb-29a9-4695-bb13-22585df648a5","1110784486","Animalia","Arthropoda","Malacostraca","Decapoda","Portunidae","Callinectes","Callinectes similis",NA,"SPECIES","Callinectes similis Williams, 1966","Callinectes similis","","US","Mission-Aransas Estuary","Texas","PRESENT",NA,"c3ad790a-d426-4ac1-8e32-da61f81f0117",27.924167,-97.038889,100,NA,NA,NA,2.55,0.15,"2006-08-16T08:03",16,8,2006,2225642,2225642,"HUMAN_OBSERVATION","TPWD","Aransas Bay Trawl",NA,NA,"",NA,"CC0_1_0","","TPWD",NA,NA,2025-02-01 01:12:52.116,"","GEODETIC_DATUM_INVALID;GEODETIC_DATUM_ASSUMED_WGS84;CONTINENT_DERIVED_FROM_COORDINATES;OCCURRENCE_STATUS_UNPARSABLE"
1268889319,"d0e9b7eb-29a9-4695-bb13-22585df648a5","1110784422","Animalia","Arthropoda","Malacostraca","Decapoda","Portunidae","Callinectes","Callinectes similis",NA,"SPECIES","Callinectes similis Williams, 1966","Callinectes similis","","US","Mission-Aransas Estuary","Texas","PRESENT",NA,"c3ad790a-d426-4ac1-8e32-da61f81f0117",27.923056,-97.058889,100,NA,NA,NA,1.8,0,"2006-01-24T07:37",24,1,2006,2225642,2225642,"HUMAN_OBSERVATION","TPWD","Aransas Bay Trawl",NA,NA,"",NA,"CC0_1_0","","TPWD",NA,NA,2025-02-01 01:12:52.113,"","GEODETIC_DATUM_INVALID;GEODETIC_DATUM_ASSUMED_WGS84;CONTINENT_DERIVED_FROM_COORDINATES;OCCURRENCE_STATUS_UNPARSABLE"
1268889254,"d0e9b7eb-29a9-4695-bb13-22585df648a5","1110784344","Animalia","Arthropoda","Malacostraca","Decapoda","Portunidae","Callinectes","Callinectes similis",NA,"SPECIES","Callinectes similis Williams, 1966","Callinectes similis","","US","Mission-Aransas Estuary","Texas","PRESENT",NA,"c3ad790a-d426-4ac1-8e32-da61f81f0117",27.94,-97.015,100,NA,NA,NA,0.95,0.05,"2008-03-04T08:38",4,3,2008,2225642,2225642,"HUMAN_OBSERVATION","TPWD","Aransas Bay Trawl",NA,NA,"",NA,"CC0_1_0","","TPWD",NA,NA,2025-02-01 01:12:52.094,"","GEODETIC_DATUM_INVALID;GEODETIC_DATUM_ASSUMED_WGS84;CONTINENT_DERIVED_FROM_COORDINATES;DEPTH_MIN_MAX_SWAPPED;OCCURRENCE_STATUS_UNPARSABLE"
1268889172,"d0e9b7eb-29a9-4695-bb13-22585df648a5","1110784339","Animalia","Arthropoda","Malacostraca","Decapoda","Portunidae","Callinectes","Callinectes similis",NA,"SPECIES","Callinectes similis Williams, 1966","Callinectes similis","","US","Mission-Aransas Estuary","Texas","PRESENT",NA,"c3ad790a-d426-4ac1-8e32-da61f81f0117",27.9375,-97.013333,100,NA,NA,NA,1.2,0,"2006-01-24T09:14",24,1,2006,2225642,2225642,"HUMAN_OBSERVATION","TPWD","Aransas Bay Trawl",NA,NA,"",NA,"CC0_1_0","","TPWD",NA,NA,2025-02-01 01:12:52.092,"","GEODETIC_DATUM_INVALID;GEODETIC_DATUM_ASSUMED_WGS84;CONTINENT_DERIVED_FROM_COORDINATES;OCCURRENCE_STATUS_UNPARSABLE"
1268889169,"d0e9b7eb-29a9-4695-bb13-22585df648a5","1110784299","Animalia","Arthropoda","Malacostraca","Decapoda","Portunidae","Callinectes","Callinectes similis",NA,"SPECIES","Callinectes similis Williams, 1966","Callinectes similis","","US","Mission-Aransas Estuary","Texas","PRESENT",NA,"c3ad790a-d426-4ac1-8e32-da61f81f0117",27.935833,-97.019722,100,NA,NA,NA,1,0,"2008-03-04T08:16",4,3,2008,2225642,2225642,"HUMAN_OBSERVATION","TPWD","Aransas Bay Trawl",NA,NA,"",NA,"CC0_1_0","","TPWD",NA,NA,2025-02-01 01:12:52.263,"","GEODETIC_DATUM_INVALID;GEODETIC_DATUM_ASSUMED_WGS84;CONTINENT_DERIVED_FROM_COORDINATES;OCCURRENCE_STATUS_UNPARSABLE"
1268889153,"d0e9b7eb-29a9-4695-bb13-22585df648a5","1110784296","Animalia","Arthropoda","Malacostraca","Decapoda","Portunidae","Callinectes","Callinectes similis",NA,"SPECIES","Callinectes similis Williams, 1966","Callinectes similis","","US","Mission-Aransas Estuary","Texas","PRESENT",NA,"c3ad790a-d426-4ac1-8e32-da61f81f0117",27.946389,-97.04,100,NA,NA,NA,2.4,0,"2006-09-08T09:58",8,9,2006,2225642,2225642,"HUMAN_OBSERVATION","TPWD","Aransas Bay Trawl",NA,NA,"",NA,"CC0_1_0","","TPWD",NA,NA,2025-02-01 01:12:52.263,"","GEODETIC_DATUM_INVALID;GEODETIC_DATUM_ASSUMED_WGS84;CONTINENT_DERIVED_FROM_COORDINATES;OCCURRENCE_STATUS_UNPARSABLE"
1268889137,"d0e9b7eb-29a9-4695-bb13-22585df648a5","1110784291","Animalia","Arthropoda","Malacostraca","Decapoda","Portunidae","Callinectes","Callinectes similis",NA,"SPECIES","Callinectes similis Williams, 1966","Callinectes similis","","US","Mission-Aransas Estuary","Texas","PRESENT",NA,"c3ad790a-d426-4ac1-8e32-da61f81f0117",27.943611,-97.04,100,NA,NA,NA,1.95,0.15,"2006-11-16T07:38",16,11,2006,2225642,2225642,"HUMAN_OBSERVATION","TPWD","Aransas Bay Trawl",NA,NA,"",NA,"CC0_1_0","","TPWD",NA,NA,2025-02-01 01:12:52.263,"","GEODETIC_DATUM_INVALID;GEODETIC_DATUM_ASSUMED_WGS84;CONTINENT_DERIVED_FROM_COORDINATES;DEPTH_MIN_MAX_SWAPPED;OCCURRENCE_STATUS_UNPARSABLE"
1268889054,"d0e9b7eb-29a9-4695-bb13-22585df648a5","1110784134","Animalia","Arthropoda","Malacostraca","Decapoda","Portunidae","Callinectes","Callinectes similis",NA,"SPECIES","Callinectes similis Williams, 1966","Callinectes similis","","US","Mission-Aransas Estuary","Texas","PRESENT",NA,"c3ad790a-d426-4ac1-8e32-da61f81f0117",27.959167,-96.991944,100,NA,NA,NA,1.95,0.15,"2005-06-13T09:17",13,6,2005,2225642,2225642,"HUMAN_OBSERVATION","TPWD","Aransas Bay Trawl",NA,NA,"",NA,"CC0_1_0","","TPWD",NA,NA,2025-02-01 01:12:52.249,"","GEODETIC_DATUM_INVALID;GEODETIC_DATUM_ASSUMED_WGS84;CONTINENT_DERIVED_FROM_COORDINATES;DEPTH_MIN_MAX_SWAPPED;OCCURRENCE_STATUS_UNPARSABLE"
1268889014,"d0e9b7eb-29a9-4695-bb13-22585df648a5","1110784132","Animalia","Arthropoda","Malacostraca","Decapoda","Portunidae","Callinectes","Callinectes similis",NA,"SPECIES","Callinectes similis Williams, 1966","Callinectes similis","","US","Mission-Aransas Estuary","Texas","PRESENT",NA,"c3ad790a-d426-4ac1-8e32-da61f81f0117",27.958611,-96.994722,100,NA,NA,NA,2,0,"2008-09-02T11:24",2,9,2008,2225642,2225642,"HUMAN_OBSERVATION","TPWD","Aransas Bay Trawl",NA,NA,"",NA,"CC0_1_0","","TPWD",NA,NA,2025-02-01 01:12:52.249,"","GEODETIC_DATUM_INVALID;GEODETIC_DATUM_ASSUMED_WGS84;CONTINENT_DERIVED_FROM_COORDINATES;OCCURRENCE_STATUS_UNPARSABLE"
1268888974,"d0e9b7eb-29a9-4695-bb13-22585df648a5","1110784139","Animalia","Arthropoda","Malacostraca","Decapoda","Portunidae","Callinectes","Callinectes similis",NA,"SPECIES","Callinectes similis Williams, 1966","Callinectes similis","","US","Mission-Aransas Estuary","Texas","PRESENT",NA,"c3ad790a-d426-4ac1-8e32-da61f81f0117",27.960556,-96.993056,100,NA,NA,NA,1.8,0,"2007-05-22T09:19",22,5,2007,2225642,2225642,"HUMAN_OBSERVATION","TPWD","Aransas Bay Trawl",NA,NA,"",NA,"CC0_1_0","","TPWD",NA,NA,2025-02-01 01:12:52.242,"","GEODETIC_DATUM_INVALID;GEODETIC_DATUM_ASSUMED_WGS84;CONTINENT_DERIVED_FROM_COORDINATES;OCCURRENCE_STATUS_UNPARSABLE"
1268888962,"d0e9b7eb-29a9-4695-bb13-22585df648a5","1110784035","Animalia","Arthropoda","Malacostraca","Decapoda","Portunidae","Callinectes","Callinectes similis",NA,"SPECIES","Callinectes similis Williams, 1966","Callinectes similis","","US","Mission-Aransas Estuary","Texas","PRESENT",NA,"c3ad790a-d426-4ac1-8e32-da61f81f0117",27.9575,-97.010278,100,NA,NA,NA,2.55,0.15,"2007-06-20T08:52",20,6,2007,2225642,2225642,"HUMAN_OBSERVATION","TPWD","Aransas Bay Trawl",NA,NA,"",NA,"CC0_1_0","","TPWD",NA,NA,2025-02-01 01:12:52.216,"","GEODETIC_DATUM_INVALID;GEODETIC_DATUM_ASSUMED_WGS84;CONTINENT_DERIVED_FROM_COORDINATES;DEPTH_MIN_MAX_SWAPPED;OCCURRENCE_STATUS_UNPARSABLE"
1268888948,"d0e9b7eb-29a9-4695-bb13-22585df648a5","1110784034","Animalia","Arthropoda","Malacostraca","Decapoda","Portunidae","Callinectes","Callinectes similis",NA,"SPECIES","Callinectes similis Williams, 1966","Callinectes similis","","US","Mission-Aransas Estuary","Texas","PRESENT",NA,"c3ad790a-d426-4ac1-8e32-da61f81f0117",27.9575,-97.0075,100,NA,NA,NA,2.4,0,"2006-02-21T09:26",21,2,2006,2225642,2225642,"HUMAN_OBSERVATION","TPWD","Aransas Bay Trawl",NA,NA,"",NA,"CC0_1_0","","TPWD",NA,NA,2025-02-01 01:12:52.216,"","GEODETIC_DATUM_INVALID;GEODETIC_DATUM_ASSUMED_WGS84;CONTINENT_DERIVED_FROM_COORDINATES;OCCURRENCE_STATUS_UNPARSABLE"
1268888934,"d0e9b7eb-29a9-4695-bb13-22585df648a5","1110784073","Animalia","Arthropoda","Malacostraca","Decapoda","Portunidae","Callinectes","Callinectes similis",NA,"SPECIES","Callinectes similis Williams, 1966","Callinectes similis","","US","Mission-Aransas Estuary","Texas","PRESENT",NA,"c3ad790a-d426-4ac1-8e32-da61f81f0117",27.958333,-97.009167,100,NA,NA,NA,2.7,0,"2008-11-06T13:42",6,11,2008,2225642,2225642,"HUMAN_OBSERVATION","TPWD","Aransas Bay Trawl",NA,NA,"",NA,"CC0_1_0","","TPWD",NA,NA,2025-02-01 01:12:52.22,"","GEODETIC_DATUM_INVALID;GEODETIC_DATUM_ASSUMED_WGS84;CONTINENT_DERIVED_FROM_COORDINATES;OCCURRENCE_STATUS_UNPARSABLE"
1268888933,"d0e9b7eb-29a9-4695-bb13-22585df648a5","1110784036","Animalia","Arthropoda","Malacostraca","Decapoda","Portunidae","Callinectes","Callinectes similis",NA,"SPECIES","Callinectes similis Williams, 1966","Callinectes similis","","US","Mission-Aransas Estuary","Texas","PRESENT",NA,"c3ad790a-d426-4ac1-8e32-da61f81f0117",27.957778,-97.007222,100,NA,NA,NA,2.4,0,"2006-11-16T08:33",16,11,2006,2225642,2225642,"HUMAN_OBSERVATION","TPWD","Aransas Bay Trawl",NA,NA,"",NA,"CC0_1_0","","TPWD",NA,NA,2025-02-01 01:12:52.216,"","GEODETIC_DATUM_INVALID;GEODETIC_DATUM_ASSUMED_WGS84;CONTINENT_DERIVED_FROM_COORDINATES;OCCURRENCE_STATUS_UNPARSABLE"
1268888928,"d0e9b7eb-29a9-4695-bb13-22585df648a5","1110784082","Animalia","Arthropoda","Malacostraca","Decapoda","Portunidae","Callinectes","Callinectes similis",NA,"SPECIES","Callinectes similis Williams, 1966","Callinectes similis","","US","Mission-Aransas Estuary","Texas","PRESENT",NA,"c3ad790a-d426-4ac1-8e32-da61f81f0117",27.959722,-97.010278,100,NA,NA,NA,2.4,0,"2006-04-18T09:04",18,4,2006,2225642,2225642,"HUMAN_OBSERVATION","TPWD","Aransas Bay Trawl",NA,NA,"",NA,"CC0_1_0","","TPWD",NA,NA,2025-02-01 01:12:52.22,"","GEODETIC_DATUM_INVALID;GEODETIC_DATUM_ASSUMED_WGS84;CONTINENT_DERIVED_FROM_COORDINATES;OCCURRENCE_STATUS_UNPARSABLE"
1268888898,"d0e9b7eb-29a9-4695-bb13-22585df648a5","1110783984","Animalia","Arthropoda","Malacostraca","Decapoda","Portunidae","Callinectes","Callinectes similis",NA,"SPECIES","Callinectes similis Williams, 1966","Callinectes similis","","US","Mission-Aransas Estuary","Texas","PRESENT",NA,"c3ad790a-d426-4ac1-8e32-da61f81f0117",27.96,-97.043333,100,NA,NA,NA,2.4,0,"2006-04-18T08:32",18,4,2006,2225642,2225642,"HUMAN_OBSERVATION","TPWD","Aransas Bay Trawl",NA,NA,"",NA,"CC0_1_0","","TPWD",NA,NA,2025-02-01 01:12:50.053,"","GEODETIC_DATUM_INVALID;GEODETIC_DATUM_ASSUMED_WGS84;CONTINENT_DERIVED_FROM_COORDINATES;OCCURRENCE_STATUS_UNPARSABLE"
1268888890,"d0e9b7eb-29a9-4695-bb13-22585df648a5","1110783981","Animalia","Arthropoda","Malacostraca","Decapoda","Portunidae","Callinectes","Callinectes similis",NA,"SPECIES","Callinectes similis Williams, 1966","Callinectes similis","","US","Mission-Aransas Estuary","Texas","PRESENT",NA,"c3ad790a-d426-4ac1-8e32-da61f81f0117",27.958611,-97.041111,100,NA,NA,NA,3,0,"2007-09-25T07:55",25,9,2007,2225642,2225642,"HUMAN_OBSERVATION","TPWD","Aransas Bay Trawl",NA,NA,"",NA,"CC0_1_0","","TPWD",NA,NA,2025-02-01 01:12:50.066,"","GEODETIC_DATUM_INVALID;GEODETIC_DATUM_ASSUMED_WGS84;CONTINENT_DERIVED_FROM_COORDINATES;OCCURRENCE_STATUS_UNPARSABLE"
1268888840,"d0e9b7eb-29a9-4695-bb13-22585df648a5","1110783933","Animalia","Arthropoda","Malacostraca","Decapoda","Portunidae","Callinectes","Callinectes similis",NA,"SPECIES","Callinectes similis Williams, 1966","Callinectes similis","","US","Mission-Aransas Estuary","Texas","PRESENT",NA,"c3ad790a-d426-4ac1-8e32-da61f81f0117",27.956111,-97.044444,100,NA,NA,NA,2.65,0.05,"2008-07-01T08:48",1,7,2008,2225642,2225642,"HUMAN_OBSERVATION","TPWD","Aransas Bay Trawl",NA,NA,"",NA,"CC0_1_0","","TPWD",NA,NA,2025-02-01 01:12:50.146,"","GEODETIC_DATUM_INVALID;GEODETIC_DATUM_ASSUMED_WGS84;CONTINENT_DERIVED_FROM_COORDINATES;DEPTH_MIN_MAX_SWAPPED;OCCURRENCE_STATUS_UNPARSABLE"
1268888824,"d0e9b7eb-29a9-4695-bb13-22585df648a5","1110783885","Animalia","Arthropoda","Malacostraca","Decapoda","Portunidae","Callinectes","Callinectes similis",NA,"SPECIES","Callinectes similis Williams, 1966","Callinectes similis","","US","Mission-Aransas Estuary","Texas","PRESENT",NA,"c3ad790a-d426-4ac1-8e32-da61f81f0117",27.955833,-97.056944,100,NA,NA,NA,2.4,0,"2005-05-03T07:18",3,5,2005,2225642,2225642,"HUMAN_OBSERVATION","TPWD","Aransas Bay Trawl",NA,NA,"",NA,"CC0_1_0","","TPWD",NA,NA,2025-02-01 01:12:50.474,"","GEODETIC_DATUM_INVALID;GEODETIC_DATUM_ASSUMED_WGS84;CONTINENT_DERIVED_FROM_COORDINATES;OCCURRENCE_STATUS_UNPARSABLE"
1268888793,"d0e9b7eb-29a9-4695-bb13-22585df648a5","1110783928","Animalia","Arthropoda","Malacostraca","Decapoda","Portunidae","Callinectes","Callinectes similis",NA,"SPECIES","Callinectes similis Williams, 1966","Callinectes similis","","US","Mission-Aransas Estuary","Texas","PRESENT",NA,"c3ad790a-d426-4ac1-8e32-da61f81f0117",27.961111,-97.061389,100,NA,NA,NA,2.1,0,"2007-04-16T07:25",16,4,2007,2225642,2225642,"HUMAN_OBSERVATION","TPWD","Aransas Bay Trawl",NA,NA,"",NA,"CC0_1_0","","TPWD",NA,NA,2025-02-01 01:12:50.151,"","GEODETIC_DATUM_INVALID;GEODETIC_DATUM_ASSUMED_WGS84;CONTINENT_DERIVED_FROM_COORDINATES;OCCURRENCE_STATUS_UNPARSABLE"
1268888698,"d0e9b7eb-29a9-4695-bb13-22585df648a5","1110783808","Animalia","Arthropoda","Malacostraca","Decapoda","Portunidae","Callinectes","Callinectes similis",NA,"SPECIES","Callinectes similis Williams, 1966","Callinectes similis","","US","Mission-Aransas Estuary","Texas","PRESENT",NA,"c3ad790a-d426-4ac1-8e32-da61f81f0117",27.976111,-97.007778,100,NA,NA,NA,2.7,0,"2006-05-17T07:36",17,5,2006,2225642,2225642,"HUMAN_OBSERVATION","TPWD","Aransas Bay Trawl",NA,NA,"",NA,"CC0_1_0","","TPWD",NA,NA,2025-02-01 01:12:50.486,"","GEODETIC_DATUM_INVALID;GEODETIC_DATUM_ASSUMED_WGS84;CONTINENT_DERIVED_FROM_COORDINATES;OCCURRENCE_STATUS_UNPARSABLE"
1268888683,"d0e9b7eb-29a9-4695-bb13-22585df648a5","1110783766","Animalia","Arthropoda","Malacostraca","Decapoda","Portunidae","Callinectes","Callinectes similis",NA,"SPECIES","Callinectes similis Williams, 1966","Callinectes similis","","US","Mission-Aransas Estuary","Texas","PRESENT",NA,"c3ad790a-d426-4ac1-8e32-da61f81f0117",27.973889,-97.008611,100,NA,NA,NA,3.15,0.05,"2008-10-08T14:18",8,10,2008,2225642,2225642,"HUMAN_OBSERVATION","TPWD","Aransas Bay Trawl",NA,NA,"",NA,"CC0_1_0","","TPWD",NA,NA,2025-02-01 01:12:50.444,"","GEODETIC_DATUM_INVALID;GEODETIC_DATUM_ASSUMED_WGS84;CONTINENT_DERIVED_FROM_COORDINATES;DEPTH_MIN_MAX_SWAPPED;OCCURRENCE_STATUS_UNPARSABLE"
1268888682,"d0e9b7eb-29a9-4695-bb13-22585df648a5","1110783848","Animalia","Arthropoda","Malacostraca","Decapoda","Portunidae","Callinectes","Callinectes similis",NA,"SPECIES","Callinectes similis Williams, 1966","Callinectes similis","","US","Mission-Aransas Estuary","Texas","PRESENT",NA,"c3ad790a-d426-4ac1-8e32-da61f81f0117",27.975278,-96.994167,100,NA,NA,NA,2.25,0.15,"2006-04-18T09:33",18,4,2006,2225642,2225642,"HUMAN_OBSERVATION","TPWD","Aransas Bay Trawl",NA,NA,"",NA,"CC0_1_0","","TPWD",NA,NA,2025-02-01 01:12:50.473,"","GEODETIC_DATUM_INVALID;GEODETIC_DATUM_ASSUMED_WGS84;CONTINENT_DERIVED_FROM_COORDINATES;DEPTH_MIN_MAX_SWAPPED;OCCURRENCE_STATUS_UNPARSABLE"
1268888625,"d0e9b7eb-29a9-4695-bb13-22585df648a5","1110783763","Animalia","Arthropoda","Malacostraca","Decapoda","Portunidae","Callinectes","Callinectes similis",NA,"SPECIES","Callinectes similis Williams, 1966","Callinectes similis","","US","Mission-Aransas Estuary","Texas","PRESENT",NA,"c3ad790a-d426-4ac1-8e32-da61f81f0117",27.976111,-97.023611,100,NA,NA,NA,2.7,0,"2007-05-22T08:50",22,5,2007,2225642,2225642,"HUMAN_OBSERVATION","TPWD","Aransas Bay Trawl",NA,NA,"",NA,"CC0_1_0","","TPWD",NA,NA,2025-02-01 01:12:50.445,"","GEODETIC_DATUM_INVALID;GEODETIC_DATUM_ASSUMED_WGS84;CONTINENT_DERIVED_FROM_COORDINATES;OCCURRENCE_STATUS_UNPARSABLE"
1268888618,"d0e9b7eb-29a9-4695-bb13-22585df648a5","1110783721","Animalia","Arthropoda","Malacostraca","Decapoda","Portunidae","Callinectes","Callinectes similis",NA,"SPECIES","Callinectes similis Williams, 1966","Callinectes similis","","US","Mission-Aransas Estuary","Texas","PRESENT",NA,"c3ad790a-d426-4ac1-8e32-da61f81f0117",27.974722,-97.022778,100,NA,NA,NA,3.05,0.05,"2008-10-08T13:47",8,10,2008,2225642,2225642,"HUMAN_OBSERVATION","TPWD","Aransas Bay Trawl",NA,NA,"",NA,"CC0_1_0","","TPWD",NA,NA,2025-02-01 01:12:50.441,"","GEODETIC_DATUM_INVALID;GEODETIC_DATUM_ASSUMED_WGS84;CONTINENT_DERIVED_FROM_COORDINATES;DEPTH_MIN_MAX_SWAPPED;OCCURRENCE_STATUS_UNPARSABLE"
1268888565,"d0e9b7eb-29a9-4695-bb13-22585df648a5","1110783809","Animalia","Arthropoda","Malacostraca","Decapoda","Portunidae","Callinectes","Callinectes similis",NA,"SPECIES","Callinectes similis Williams, 1966","Callinectes similis","","US","Mission-Aransas Estuary","Texas","PRESENT",NA,"c3ad790a-d426-4ac1-8e32-da61f81f0117",27.976667,-97.006944,100,NA,NA,NA,3,0,"2008-11-06T13:14",6,11,2008,2225642,2225642,"HUMAN_OBSERVATION","TPWD","Aransas Bay Trawl",NA,NA,"",NA,"CC0_1_0","","TPWD",NA,NA,2025-02-01 01:12:50.487,"","GEODETIC_DATUM_INVALID;GEODETIC_DATUM_ASSUMED_WGS84;CONTINENT_DERIVED_FROM_COORDINATES;OCCURRENCE_STATUS_UNPARSABLE"
1268888510,"d0e9b7eb-29a9-4695-bb13-22585df648a5","1110783704","Animalia","Arthropoda","Malacostraca","Decapoda","Portunidae","Callinectes","Callinectes similis",NA,"SPECIES","Callinectes similis Williams, 1966","Callinectes similis","","US","Mission-Aransas Estuary","Texas","PRESENT",NA,"c3ad790a-d426-4ac1-8e32-da61f81f0117",27.975,-97.043056,100,NA,NA,NA,2.7,0,"2007-01-25T11:03",25,1,2007,2225642,2225642,"HUMAN_OBSERVATION","TPWD","Aransas Bay Trawl",NA,NA,"",NA,"CC0_1_0","","TPWD",NA,NA,2025-02-01 01:12:50.456,"","GEODETIC_DATUM_INVALID;GEODETIC_DATUM_ASSUMED_WGS84;CONTINENT_DERIVED_FROM_COORDINATES;OCCURRENCE_STATUS_UNPARSABLE"
1268888508,"d0e9b7eb-29a9-4695-bb13-22585df648a5","1110783644","Animalia","Arthropoda","Malacostraca","Decapoda","Portunidae","Callinectes","Callinectes similis",NA,"SPECIES","Callinectes similis Williams, 1966","Callinectes similis","","US","Mission-Aransas Estuary","Texas","PRESENT",NA,"c3ad790a-d426-4ac1-8e32-da61f81f0117",27.976667,-97.058611,100,NA,NA,NA,2.4,0,"2006-04-18T08:01",18,4,2006,2225642,2225642,"HUMAN_OBSERVATION","TPWD","Aransas Bay Trawl",NA,NA,"",NA,"CC0_1_0","","TPWD",NA,NA,2025-02-01 01:12:50.411,"","GEODETIC_DATUM_INVALID;GEODETIC_DATUM_ASSUMED_WGS84;CONTINENT_DERIVED_FROM_COORDINATES;OCCURRENCE_STATUS_UNPARSABLE"
1268888493,"d0e9b7eb-29a9-4695-bb13-22585df648a5","1110783585","Animalia","Arthropoda","Malacostraca","Decapoda","Portunidae","Callinectes","Callinectes similis",NA,"SPECIES","Callinectes similis Williams, 1966","Callinectes similis","","US","Mission-Aransas Estuary","Texas","PRESENT",NA,"c3ad790a-d426-4ac1-8e32-da61f81f0117",27.992222,-96.992222,100,NA,NA,NA,2.7,0,"2005-11-07T10:03",7,11,2005,2225642,2225642,"HUMAN_OBSERVATION","TPWD","Aransas Bay Trawl",NA,NA,"",NA,"CC0_1_0","","TPWD",NA,NA,2025-02-01 01:12:50.396,"","GEODETIC_DATUM_INVALID;GEODETIC_DATUM_ASSUMED_WGS84;CONTINENT_DERIVED_FROM_COORDINATES;OCCURRENCE_STATUS_UNPARSABLE"
1268888481,"d0e9b7eb-29a9-4695-bb13-22585df648a5","1110783650","Animalia","Arthropoda","Malacostraca","Decapoda","Portunidae","Callinectes","Callinectes similis",NA,"SPECIES","Callinectes similis Williams, 1966","Callinectes similis","","US","Mission-Aransas Estuary","Texas","PRESENT",NA,"c3ad790a-d426-4ac1-8e32-da61f81f0117",27.973333,-97.041111,100,NA,NA,NA,2.75,0.0499999999999998,"2008-09-02T10:59",2,9,2008,2225642,2225642,"HUMAN_OBSERVATION","TPWD","Aransas Bay Trawl",NA,NA,"",NA,"CC0_1_0","","TPWD",NA,NA,2025-02-01 01:12:50.41,"","GEODETIC_DATUM_INVALID;GEODETIC_DATUM_ASSUMED_WGS84;CONTINENT_DERIVED_FROM_COORDINATES;DEPTH_MIN_MAX_SWAPPED;OCCURRENCE_STATUS_UNPARSABLE"
1268888429,"d0e9b7eb-29a9-4695-bb13-22585df648a5","1110783539","Animalia","Arthropoda","Malacostraca","Decapoda","Portunidae","Callinectes","Callinectes similis",NA,"SPECIES","Callinectes similis Williams, 1966","Callinectes similis","","US","Mission-Aransas Estuary","Texas","PRESENT",NA,"c3ad790a-d426-4ac1-8e32-da61f81f0117",27.991667,-96.991111,100,NA,NA,NA,2.55,0.15,"2007-04-16T08:12",16,4,2007,2225642,2225642,"HUMAN_OBSERVATION","TPWD","Aransas Bay Trawl",NA,NA,"",NA,"CC0_1_0","","TPWD",NA,NA,2025-02-01 01:12:50.375,"","GEODETIC_DATUM_INVALID;GEODETIC_DATUM_ASSUMED_WGS84;CONTINENT_DERIVED_FROM_COORDINATES;DEPTH_MIN_MAX_SWAPPED;OCCURRENCE_STATUS_UNPARSABLE"
1268888426,"d0e9b7eb-29a9-4695-bb13-22585df648a5","1110783484","Animalia","Arthropoda","Malacostraca","Decapoda","Portunidae","Callinectes","Callinectes similis",NA,"SPECIES","Callinectes similis Williams, 1966","Callinectes similis","","US","Mission-Aransas Estuary","Texas","PRESENT",NA,"c3ad790a-d426-4ac1-8e32-da61f81f0117",27.990833,-97.010833,100,NA,NA,NA,3.3,0,"2007-07-10T08:23",10,7,2007,2225642,2225642,"HUMAN_OBSERVATION","TPWD","Aransas Bay Trawl",NA,NA,"",NA,"CC0_1_0","","TPWD",NA,NA,2025-02-01 01:12:50.348,"","GEODETIC_DATUM_INVALID;GEODETIC_DATUM_ASSUMED_WGS84;CONTINENT_DERIVED_FROM_COORDINATES;OCCURRENCE_STATUS_UNPARSABLE"
1268888423,"d0e9b7eb-29a9-4695-bb13-22585df648a5","1110783593","Animalia","Arthropoda","Malacostraca","Decapoda","Portunidae","Callinectes","Callinectes similis",NA,"SPECIES","Callinectes similis Williams, 1966","Callinectes similis","","US","Mission-Aransas Estuary","Texas","PRESENT",NA,"c3ad790a-d426-4ac1-8e32-da61f81f0117",27.973611,-97.058889,100,NA,NA,NA,2.7,0,"2006-10-24T07:37",24,10,2006,2225642,2225642,"HUMAN_OBSERVATION","TPWD","Aransas Bay Trawl",NA,NA,"",NA,"CC0_1_0","","TPWD",NA,NA,2025-02-01 01:12:50.395,"","GEODETIC_DATUM_INVALID;GEODETIC_DATUM_ASSUMED_WGS84;CONTINENT_DERIVED_FROM_COORDINATES;OCCURRENCE_STATUS_UNPARSABLE"
1268888416,"d0e9b7eb-29a9-4695-bb13-22585df648a5","1110783640","Animalia","Arthropoda","Malacostraca","Decapoda","Portunidae","Callinectes","Callinectes similis",NA,"SPECIES","Callinectes similis Williams, 1966","Callinectes similis","","US","Mission-Aransas Estuary","Texas","PRESENT",NA,"c3ad790a-d426-4ac1-8e32-da61f81f0117",27.975278,-97.058611,100,NA,NA,NA,2.4,0,"2005-12-12T07:34",12,12,2005,2225642,2225642,"HUMAN_OBSERVATION","TPWD","Aransas Bay Trawl",NA,NA,"",NA,"CC0_1_0","","TPWD",NA,NA,2025-02-01 01:12:50.401,"","GEODETIC_DATUM_INVALID;GEODETIC_DATUM_ASSUMED_WGS84;CONTINENT_DERIVED_FROM_COORDINATES;OCCURRENCE_STATUS_UNPARSABLE"
1268888408,"d0e9b7eb-29a9-4695-bb13-22585df648a5","1110783488","Animalia","Arthropoda","Malacostraca","Decapoda","Portunidae","Callinectes","Callinectes similis",NA,"SPECIES","Callinectes similis Williams, 1966","Callinectes similis","","US","Mission-Aransas Estuary","Texas","PRESENT",NA,"c3ad790a-d426-4ac1-8e32-da61f81f0117",27.991667,-97.007222,100,NA,NA,NA,3,0,"2005-08-23T08:05",23,8,2005,2225642,2225642,"HUMAN_OBSERVATION","TPWD","Aransas Bay Trawl",NA,NA,"",NA,"CC0_1_0","","TPWD",NA,NA,2025-02-01 01:12:50.365,"","GEODETIC_DATUM_INVALID;GEODETIC_DATUM_ASSUMED_WGS84;CONTINENT_DERIVED_FROM_COORDINATES;OCCURRENCE_STATUS_UNPARSABLE"
1268888404,"d0e9b7eb-29a9-4695-bb13-22585df648a5","1110783534","Animalia","Arthropoda","Malacostraca","Decapoda","Portunidae","Callinectes","Callinectes similis",NA,"SPECIES","Callinectes similis Williams, 1966","Callinectes similis","","US","Mission-Aransas Estuary","Texas","PRESENT",NA,"c3ad790a-d426-4ac1-8e32-da61f81f0117",27.990833,-96.992222,100,NA,NA,NA,2.7,0,"2006-02-21T09:54",21,2,2006,2225642,2225642,"HUMAN_OBSERVATION","TPWD","Aransas Bay Trawl",NA,NA,"",NA,"CC0_1_0","","TPWD",NA,NA,2025-02-01 01:12:50.374,"","GEODETIC_DATUM_INVALID;GEODETIC_DATUM_ASSUMED_WGS84;CONTINENT_DERIVED_FROM_COORDINATES;OCCURRENCE_STATUS_UNPARSABLE"
1268888386,"d0e9b7eb-29a9-4695-bb13-22585df648a5","1110783487","Animalia","Arthropoda","Malacostraca","Decapoda","Portunidae","Callinectes","Callinectes similis",NA,"SPECIES","Callinectes similis Williams, 1966","Callinectes similis","","US","Mission-Aransas Estuary","Texas","PRESENT",NA,"c3ad790a-d426-4ac1-8e32-da61f81f0117",27.991389,-97.009444,100,NA,NA,NA,2.7,0,"2007-03-05T08:30",5,3,2007,2225642,2225642,"HUMAN_OBSERVATION","TPWD","Aransas Bay Trawl",NA,NA,"",NA,"CC0_1_0","","TPWD",NA,NA,2025-02-01 01:12:50.365,"","GEODETIC_DATUM_INVALID;GEODETIC_DATUM_ASSUMED_WGS84;CONTINENT_DERIVED_FROM_COORDINATES;OCCURRENCE_STATUS_UNPARSABLE"
1268888377,"d0e9b7eb-29a9-4695-bb13-22585df648a5","1110783482","Animalia","Arthropoda","Malacostraca","Decapoda","Portunidae","Callinectes","Callinectes similis",NA,"SPECIES","Callinectes similis Williams, 1966","Callinectes similis","","US","Mission-Aransas Estuary","Texas","PRESENT",NA,"c3ad790a-d426-4ac1-8e32-da61f81f0117",27.990833,-97.008889,100,NA,NA,NA,3.25,0.0499999999999998,"2008-10-08T14:41",8,10,2008,2225642,2225642,"HUMAN_OBSERVATION","TPWD","Aransas Bay Trawl",NA,NA,"",NA,"CC0_1_0","","TPWD",NA,NA,2025-02-01 01:12:50.348,"","GEODETIC_DATUM_INVALID;GEODETIC_DATUM_ASSUMED_WGS84;CONTINENT_DERIVED_FROM_COORDINATES;DEPTH_MIN_MAX_SWAPPED;OCCURRENCE_STATUS_UNPARSABLE"
1268888353,"d0e9b7eb-29a9-4695-bb13-22585df648a5","1110783432","Animalia","Arthropoda","Malacostraca","Decapoda","Portunidae","Callinectes","Callinectes similis",NA,"SPECIES","Callinectes similis Williams, 1966","Callinectes similis","","US","Mission-Aransas Estuary","Texas","PRESENT",NA,"c3ad790a-d426-4ac1-8e32-da61f81f0117",27.990556,-97.028333,100,NA,NA,NA,2.7,0,"2006-12-01T08:16",1,12,2006,2225642,2225642,"HUMAN_OBSERVATION","TPWD","Aransas Bay Trawl",NA,NA,"",NA,"CC0_1_0","","TPWD",NA,NA,2025-02-01 01:12:51.281,"","GEODETIC_DATUM_INVALID;GEODETIC_DATUM_ASSUMED_WGS84;CONTINENT_DERIVED_FROM_COORDINATES;OCCURRENCE_STATUS_UNPARSABLE"
1268888345,"d0e9b7eb-29a9-4695-bb13-22585df648a5","1110783477","Animalia","Arthropoda","Malacostraca","Decapoda","Portunidae","Callinectes","Callinectes similis",NA,"SPECIES","Callinectes similis Williams, 1966","Callinectes similis","","US","Mission-Aransas Estuary","Texas","PRESENT",NA,"c3ad790a-d426-4ac1-8e32-da61f81f0117",27.9925,-97.023611,100,NA,NA,NA,3.35,0.05,"2008-10-08T15:03",8,10,2008,2225642,2225642,"HUMAN_OBSERVATION","TPWD","Aransas Bay Trawl",NA,NA,"",NA,"CC0_1_0","","TPWD",NA,NA,2025-02-01 01:12:50.35,"","GEODETIC_DATUM_INVALID;GEODETIC_DATUM_ASSUMED_WGS84;CONTINENT_DERIVED_FROM_COORDINATES;DEPTH_MIN_MAX_SWAPPED;OCCURRENCE_STATUS_UNPARSABLE"
1268888334,"d0e9b7eb-29a9-4695-bb13-22585df648a5","1110783435","Animalia","Arthropoda","Malacostraca","Decapoda","Portunidae","Callinectes","Callinectes similis",NA,"SPECIES","Callinectes similis Williams, 1966","Callinectes similis","","US","Mission-Aransas Estuary","Texas","PRESENT",NA,"c3ad790a-d426-4ac1-8e32-da61f81f0117",27.991389,-97.026111,100,NA,NA,NA,3.4,0,"2005-10-11T07:26",11,10,2005,2225642,2225642,"HUMAN_OBSERVATION","TPWD","Aransas Bay Trawl",NA,NA,"",NA,"CC0_1_0","","TPWD",NA,NA,2025-02-01 01:12:51.281,"","GEODETIC_DATUM_INVALID;GEODETIC_DATUM_ASSUMED_WGS84;CONTINENT_DERIVED_FROM_COORDINATES;OCCURRENCE_STATUS_UNPARSABLE"
1268888311,"d0e9b7eb-29a9-4695-bb13-22585df648a5","1110783414","Animalia","Arthropoda","Malacostraca","Decapoda","Portunidae","Callinectes","Callinectes similis",NA,"SPECIES","Callinectes similis Williams, 1966","Callinectes similis","","US","Mission-Aransas Estuary","Texas","PRESENT",NA,"c3ad790a-d426-4ac1-8e32-da61f81f0117",27.991667,-97.043889,100,NA,NA,NA,3.25,0.0499999999999998,"2008-10-08T15:25",8,10,2008,2225642,2225642,"HUMAN_OBSERVATION","TPWD","Aransas Bay Trawl",NA,NA,"",NA,"CC0_1_0","","TPWD",NA,NA,2025-02-01 01:12:51.283,"","GEODETIC_DATUM_INVALID;GEODETIC_DATUM_ASSUMED_WGS84;CONTINENT_DERIVED_FROM_COORDINATES;DEPTH_MIN_MAX_SWAPPED;OCCURRENCE_STATUS_UNPARSABLE"
1268888223,"d0e9b7eb-29a9-4695-bb13-22585df648a5","1110783297","Animalia","Arthropoda","Malacostraca","Decapoda","Portunidae","Callinectes","Callinectes similis",NA,"SPECIES","Callinectes similis Williams, 1966","Callinectes similis","","US","Mission-Aransas Estuary","Texas","PRESENT",NA,"c3ad790a-d426-4ac1-8e32-da61f81f0117",28.011389,-96.993889,100,NA,NA,NA,2.85,0.15,"2006-11-01T07:12",1,11,2006,2225642,2225642,"HUMAN_OBSERVATION","TPWD","Aransas Bay Trawl",NA,NA,"",NA,"CC0_1_0","","TPWD",NA,NA,2025-02-01 01:12:51.227,"","GEODETIC_DATUM_INVALID;GEODETIC_DATUM_ASSUMED_WGS84;CONTINENT_DERIVED_FROM_COORDINATES;DEPTH_MIN_MAX_SWAPPED;OCCURRENCE_STATUS_UNPARSABLE"
1268888218,"d0e9b7eb-29a9-4695-bb13-22585df648a5","1110783330","Animalia","Arthropoda","Malacostraca","Decapoda","Portunidae","Callinectes","Callinectes similis",NA,"SPECIES","Callinectes similis Williams, 1966","Callinectes similis","","US","Mission-Aransas Estuary","Texas","PRESENT",NA,"c3ad790a-d426-4ac1-8e32-da61f81f0117",28.009722,-96.981389,100,NA,NA,NA,2.7,0,"2006-10-24T10:04",24,10,2006,2225642,2225642,"HUMAN_OBSERVATION","TPWD","Aransas Bay Trawl",NA,NA,"",NA,"CC0_1_0","","TPWD",NA,NA,2025-02-01 01:12:51.273,"","GEODETIC_DATUM_INVALID;GEODETIC_DATUM_ASSUMED_WGS84;CONTINENT_DERIVED_FROM_COORDINATES;OCCURRENCE_STATUS_UNPARSABLE"
1268888217,"d0e9b7eb-29a9-4695-bb13-22585df648a5","1110783420","Animalia","Arthropoda","Malacostraca","Decapoda","Portunidae","Callinectes","Callinectes similis",NA,"SPECIES","Callinectes similis Williams, 1966","Callinectes similis","","US","Mission-Aransas Estuary","Texas","PRESENT",NA,"c3ad790a-d426-4ac1-8e32-da61f81f0117",27.9925,-97.042222,100,NA,NA,NA,3,0,"2006-12-17T07:12",17,12,2006,2225642,2225642,"HUMAN_OBSERVATION","TPWD","Aransas Bay Trawl",NA,NA,"",NA,"CC0_1_0","","TPWD",NA,NA,2025-02-01 01:12:51.283,"","GEODETIC_DATUM_INVALID;GEODETIC_DATUM_ASSUMED_WGS84;CONTINENT_DERIVED_FROM_COORDINATES;OCCURRENCE_STATUS_UNPARSABLE"
1268888210,"d0e9b7eb-29a9-4695-bb13-22585df648a5","1110783334","Animalia","Arthropoda","Malacostraca","Decapoda","Portunidae","Callinectes","Callinectes similis",NA,"SPECIES","Callinectes similis Williams, 1966","Callinectes similis","","US","Mission-Aransas Estuary","Texas","PRESENT",NA,"c3ad790a-d426-4ac1-8e32-da61f81f0117",28.012222,-96.980833,100,NA,NA,NA,2.95,0.05,"2008-10-16T14:23",16,10,2008,2225642,2225642,"HUMAN_OBSERVATION","TPWD","Aransas Bay Trawl",NA,NA,"",NA,"CC0_1_0","","TPWD",NA,NA,2025-02-01 01:12:51.274,"","GEODETIC_DATUM_INVALID;GEODETIC_DATUM_ASSUMED_WGS84;CONTINENT_DERIVED_FROM_COORDINATES;DEPTH_MIN_MAX_SWAPPED;OCCURRENCE_STATUS_UNPARSABLE"
1268888168,"d0e9b7eb-29a9-4695-bb13-22585df648a5","1110783345","Animalia","Arthropoda","Malacostraca","Decapoda","Portunidae","Callinectes","Callinectes similis",NA,"SPECIES","Callinectes similis Williams, 1966","Callinectes similis","","US","Mission-Aransas Estuary","Texas","PRESENT",NA,"c3ad790a-d426-4ac1-8e32-da61f81f0117",27.990278,-97.057222,100,NA,NA,NA,2.5,0.1,"2008-05-09T09:39",9,5,2008,2225642,2225642,"HUMAN_OBSERVATION","TPWD","Aransas Bay Trawl",NA,NA,"",NA,"CC0_1_0","","TPWD",NA,NA,2025-02-01 01:12:51.271,"","GEODETIC_DATUM_INVALID;GEODETIC_DATUM_ASSUMED_WGS84;CONTINENT_DERIVED_FROM_COORDINATES;DEPTH_MIN_MAX_SWAPPED;OCCURRENCE_STATUS_UNPARSABLE"
1268888160,"d0e9b7eb-29a9-4695-bb13-22585df648a5","1110783244","Animalia","Arthropoda","Malacostraca","Decapoda","Portunidae","Callinectes","Callinectes similis",NA,"SPECIES","Callinectes similis Williams, 1966","Callinectes similis","","US","Mission-Aransas Estuary","Texas","PRESENT",NA,"c3ad790a-d426-4ac1-8e32-da61f81f0117",28.009167,-97.008056,100,NA,NA,NA,3.1,0,"2007-02-20T07:33",20,2,2007,2225642,2225642,"HUMAN_OBSERVATION","TPWD","Aransas Bay Trawl",NA,NA,"",NA,"CC0_1_0","","TPWD",NA,NA,2025-02-01 01:12:51.235,"","GEODETIC_DATUM_INVALID;GEODETIC_DATUM_ASSUMED_WGS84;CONTINENT_DERIVED_FROM_COORDINATES;OCCURRENCE_STATUS_UNPARSABLE"
1268888155,"d0e9b7eb-29a9-4695-bb13-22585df648a5","1110783254","Animalia","Arthropoda","Malacostraca","Decapoda","Portunidae","Callinectes","Callinectes similis",NA,"SPECIES","Callinectes similis Williams, 1966","Callinectes similis","","US","Mission-Aransas Estuary","Texas","PRESENT",NA,"c3ad790a-d426-4ac1-8e32-da61f81f0117",28.006944,-96.991389,100,NA,NA,NA,3,0,"2005-05-16T07:36",16,5,2005,2225642,2225642,"HUMAN_OBSERVATION","TPWD","Aransas Bay Trawl",NA,NA,"",NA,"CC0_1_0","","TPWD",NA,NA,2025-02-01 01:12:51.245,"","GEODETIC_DATUM_INVALID;GEODETIC_DATUM_ASSUMED_WGS84;CONTINENT_DERIVED_FROM_COORDINATES;OCCURRENCE_STATUS_UNPARSABLE"
1268888153,"d0e9b7eb-29a9-4695-bb13-22585df648a5","1110783300","Animalia","Arthropoda","Malacostraca","Decapoda","Portunidae","Callinectes","Callinectes similis",NA,"SPECIES","Callinectes similis Williams, 1966","Callinectes similis","","US","Mission-Aransas Estuary","Texas","PRESENT",NA,"c3ad790a-d426-4ac1-8e32-da61f81f0117",28.007222,-96.978611,100,NA,NA,NA,1.5,0.6,"2006-03-24T09:31",24,3,2006,2225642,2225642,"HUMAN_OBSERVATION","TPWD","Aransas Bay Trawl",NA,NA,"",NA,"CC0_1_0","","TPWD",NA,NA,2025-02-01 01:12:51.248,"","GEODETIC_DATUM_INVALID;GEODETIC_DATUM_ASSUMED_WGS84;CONTINENT_DERIVED_FROM_COORDINATES;DEPTH_MIN_MAX_SWAPPED;OCCURRENCE_STATUS_UNPARSABLE"
1268888141,"d0e9b7eb-29a9-4695-bb13-22585df648a5","1110783249","Animalia","Arthropoda","Malacostraca","Decapoda","Portunidae","Callinectes","Callinectes similis",NA,"SPECIES","Callinectes similis Williams, 1966","Callinectes similis","","US","Mission-Aransas Estuary","Texas","PRESENT",NA,"c3ad790a-d426-4ac1-8e32-da61f81f0117",28.01,-97.007222,100,NA,NA,NA,2.7,0,"2008-12-04T14:33",4,12,2008,2225642,2225642,"HUMAN_OBSERVATION","TPWD","Aransas Bay Trawl",NA,NA,"",NA,"CC0_1_0","","TPWD",NA,NA,2025-02-01 01:12:51.245,"","GEODETIC_DATUM_INVALID;GEODETIC_DATUM_ASSUMED_WGS84;CONTINENT_DERIVED_FROM_COORDINATES;OCCURRENCE_STATUS_UNPARSABLE"
1268888120,"d0e9b7eb-29a9-4695-bb13-22585df648a5","1110783260","Animalia","Arthropoda","Malacostraca","Decapoda","Portunidae","Callinectes","Callinectes similis",NA,"SPECIES","Callinectes similis Williams, 1966","Callinectes similis","","US","Mission-Aransas Estuary","Texas","PRESENT",NA,"c3ad790a-d426-4ac1-8e32-da61f81f0117",28.008056,-96.991111,100,NA,NA,NA,2.7,0,"2006-05-17T08:05",17,5,2006,2225642,2225642,"HUMAN_OBSERVATION","TPWD","Aransas Bay Trawl",NA,NA,"",NA,"CC0_1_0","","TPWD",NA,NA,2025-02-01 01:12:51.244,"","GEODETIC_DATUM_INVALID;GEODETIC_DATUM_ASSUMED_WGS84;CONTINENT_DERIVED_FROM_COORDINATES;OCCURRENCE_STATUS_UNPARSABLE"
1268888095,"d0e9b7eb-29a9-4695-bb13-22585df648a5","1110783214","Animalia","Arthropoda","Malacostraca","Decapoda","Portunidae","Callinectes","Callinectes similis",NA,"SPECIES","Callinectes similis Williams, 1966","Callinectes similis","","US","Mission-Aransas Estuary","Texas","PRESENT",NA,"c3ad790a-d426-4ac1-8e32-da61f81f0117",28.008056,-97.008056,100,NA,NA,NA,3.1,0,"2008-08-18T11:48",18,8,2008,2225642,2225642,"HUMAN_OBSERVATION","TPWD","Aransas Bay Trawl",NA,NA,"",NA,"CC0_1_0","","TPWD",NA,NA,2025-02-01 01:12:51.241,"","GEODETIC_DATUM_INVALID;GEODETIC_DATUM_ASSUMED_WGS84;CONTINENT_DERIVED_FROM_COORDINATES;OCCURRENCE_STATUS_UNPARSABLE"
1268888074,"d0e9b7eb-29a9-4695-bb13-22585df648a5","1110783207","Animalia","Arthropoda","Malacostraca","Decapoda","Portunidae","Callinectes","Callinectes similis",NA,"SPECIES","Callinectes similis Williams, 1966","Callinectes similis","","US","Mission-Aransas Estuary","Texas","PRESENT",NA,"c3ad790a-d426-4ac1-8e32-da61f81f0117",28.006944,-97.008333,100,NA,NA,NA,2.65,0.65,"2007-06-20T09:30",20,6,2007,2225642,2225642,"HUMAN_OBSERVATION","TPWD","Aransas Bay Trawl",NA,NA,"",NA,"CC0_1_0","","TPWD",NA,NA,2025-02-01 01:12:51.242,"","GEODETIC_DATUM_INVALID;GEODETIC_DATUM_ASSUMED_WGS84;CONTINENT_DERIVED_FROM_COORDINATES;DEPTH_MIN_MAX_SWAPPED;OCCURRENCE_STATUS_UNPARSABLE"
1268888049,"d0e9b7eb-29a9-4695-bb13-22585df648a5","1110783206","Animalia","Arthropoda","Malacostraca","Decapoda","Portunidae","Callinectes","Callinectes similis",NA,"SPECIES","Callinectes similis Williams, 1966","Callinectes similis","","US","Mission-Aransas Estuary","Texas","PRESENT",NA,"c3ad790a-d426-4ac1-8e32-da61f81f0117",28.005278,-97.011111,100,NA,NA,NA,3.35,0.05,"2008-09-17T08:09",17,9,2008,2225642,2225642,"HUMAN_OBSERVATION","TPWD","Aransas Bay Trawl",NA,NA,"",NA,"CC0_1_0","","TPWD",NA,NA,2025-02-01 01:12:51.241,"","GEODETIC_DATUM_INVALID;GEODETIC_DATUM_ASSUMED_WGS84;CONTINENT_DERIVED_FROM_COORDINATES;DEPTH_MIN_MAX_SWAPPED;OCCURRENCE_STATUS_UNPARSABLE"
1268888009,"d0e9b7eb-29a9-4695-bb13-22585df648a5","1110783203","Animalia","Arthropoda","Malacostraca","Decapoda","Portunidae","Callinectes","Callinectes similis",NA,"SPECIES","Callinectes similis Williams, 1966","Callinectes similis","","US","Mission-Aransas Estuary","Texas","PRESENT",NA,"c3ad790a-d426-4ac1-8e32-da61f81f0117",28.01,-97.026667,100,NA,NA,NA,3,0,"2005-04-27T07:01",27,4,2005,2225642,2225642,"HUMAN_OBSERVATION","TPWD","Aransas Bay Trawl",NA,NA,"",NA,"CC0_1_0","","TPWD",NA,NA,2025-02-01 01:12:51.241,"","GEODETIC_DATUM_INVALID;GEODETIC_DATUM_ASSUMED_WGS84;CONTINENT_DERIVED_FROM_COORDINATES;OCCURRENCE_STATUS_UNPARSABLE"
1268888004,"d0e9b7eb-29a9-4695-bb13-22585df648a5","1110783139","Animalia","Arthropoda","Malacostraca","Decapoda","Portunidae","Callinectes","Callinectes similis",NA,"SPECIES","Callinectes similis Williams, 1966","Callinectes similis","","US","Mission-Aransas Estuary","Texas","PRESENT",NA,"c3ad790a-d426-4ac1-8e32-da61f81f0117",28.008611,-97.042778,100,NA,NA,NA,3.1,0,"2007-04-02T07:40",2,4,2007,2225642,2225642,"HUMAN_OBSERVATION","TPWD","Aransas Bay Trawl",NA,NA,"",NA,"CC0_1_0","","TPWD",NA,NA,2025-02-01 01:12:51.207,"","GEODETIC_DATUM_INVALID;GEODETIC_DATUM_ASSUMED_WGS84;CONTINENT_DERIVED_FROM_COORDINATES;OCCURRENCE_STATUS_UNPARSABLE"
1268887980,"d0e9b7eb-29a9-4695-bb13-22585df648a5","1110783103","Animalia","Arthropoda","Malacostraca","Decapoda","Portunidae","Callinectes","Callinectes similis",NA,"SPECIES","Callinectes similis Williams, 1966","Callinectes similis","","US","Mission-Aransas Estuary","Texas","PRESENT",NA,"c3ad790a-d426-4ac1-8e32-da61f81f0117",28.028333,-96.973611,100,NA,NA,NA,2.4,0,"2008-12-04T13:18",4,12,2008,2225642,2225642,"HUMAN_OBSERVATION","TPWD","Aransas Bay Trawl",NA,NA,"",NA,"CC0_1_0","","TPWD",NA,NA,2025-02-01 01:12:51.2,"","GEODETIC_DATUM_INVALID;GEODETIC_DATUM_ASSUMED_WGS84;CONTINENT_DERIVED_FROM_COORDINATES;OCCURRENCE_STATUS_UNPARSABLE"
1268887936,"d0e9b7eb-29a9-4695-bb13-22585df648a5","1110783062","Animalia","Arthropoda","Malacostraca","Decapoda","Portunidae","Callinectes","Callinectes similis",NA,"SPECIES","Callinectes similis Williams, 1966","Callinectes similis","","US","Mission-Aransas Estuary","Texas","PRESENT",NA,"c3ad790a-d426-4ac1-8e32-da61f81f0117",28.023889,-96.976389,100,NA,NA,NA,2.7,0,"2007-04-02T09:15",2,4,2007,2225642,2225642,"HUMAN_OBSERVATION","TPWD","Aransas Bay Trawl",NA,NA,"",NA,"CC0_1_0","","TPWD",NA,NA,2025-02-01 01:12:51.144,"","GEODETIC_DATUM_INVALID;GEODETIC_DATUM_ASSUMED_WGS84;CONTINENT_DERIVED_FROM_COORDINATES;OCCURRENCE_STATUS_UNPARSABLE"
1268887893,"d0e9b7eb-29a9-4695-bb13-22585df648a5","1110783014","Animalia","Arthropoda","Malacostraca","Decapoda","Portunidae","Callinectes","Callinectes similis",NA,"SPECIES","Callinectes similis Williams, 1966","Callinectes similis","","US","Mission-Aransas Estuary","Texas","PRESENT",NA,"c3ad790a-d426-4ac1-8e32-da61f81f0117",28.024167,-96.992778,100,NA,NA,NA,2.85,0.15,"2007-04-02T08:44",2,4,2007,2225642,2225642,"HUMAN_OBSERVATION","TPWD","Aransas Bay Trawl",NA,NA,"",NA,"CC0_1_0","","TPWD",NA,NA,2025-02-01 01:12:51.162,"","GEODETIC_DATUM_INVALID;GEODETIC_DATUM_ASSUMED_WGS84;CONTINENT_DERIVED_FROM_COORDINATES;OCCURRENCE_STATUS_UNPARSABLE"
1268887854,"d0e9b7eb-29a9-4695-bb13-22585df648a5","1110782966","Animalia","Arthropoda","Malacostraca","Decapoda","Portunidae","Callinectes","Callinectes similis",NA,"SPECIES","Callinectes similis Williams, 1966","Callinectes similis","","US","Mission-Aransas Estuary","Texas","PRESENT",NA,"c3ad790a-d426-4ac1-8e32-da61f81f0117",28.025,-97.005,100,NA,NA,NA,2.9,0.1,"2008-05-19T07:03",19,5,2008,2225642,2225642,"HUMAN_OBSERVATION","TPWD","Aransas Bay Trawl",NA,NA,"",NA,"CC0_1_0","","TPWD",NA,NA,2025-02-01 01:12:53.149,"","GEODETIC_DATUM_INVALID;GEODETIC_DATUM_ASSUMED_WGS84;CONTINENT_DERIVED_FROM_COORDINATES;DEPTH_MIN_MAX_SWAPPED;OCCURRENCE_STATUS_UNPARSABLE"
1268887838,"d0e9b7eb-29a9-4695-bb13-22585df648a5","1110782962","Animalia","Arthropoda","Malacostraca","Decapoda","Portunidae","Callinectes","Callinectes similis",NA,"SPECIES","Callinectes similis Williams, 1966","Callinectes similis","","US","Mission-Aransas Estuary","Texas","PRESENT",NA,"c3ad790a-d426-4ac1-8e32-da61f81f0117",28.023889,-97.009722,100,NA,NA,NA,2.7,0,"2005-11-21T07:16",21,11,2005,2225642,2225642,"HUMAN_OBSERVATION","TPWD","Aransas Bay Trawl",NA,NA,"",NA,"CC0_1_0","","TPWD",NA,NA,2025-02-01 01:12:53.149,"","GEODETIC_DATUM_INVALID;GEODETIC_DATUM_ASSUMED_WGS84;CONTINENT_DERIVED_FROM_COORDINATES;OCCURRENCE_STATUS_UNPARSABLE"
1268887833,"d0e9b7eb-29a9-4695-bb13-22585df648a5","1110782963","Animalia","Arthropoda","Malacostraca","Decapoda","Portunidae","Callinectes","Callinectes similis",NA,"SPECIES","Callinectes similis Williams, 1966","Callinectes similis","","US","Mission-Aransas Estuary","Texas","PRESENT",NA,"c3ad790a-d426-4ac1-8e32-da61f81f0117",28.024444,-97.005833,100,NA,NA,NA,1.6,0.4,"2007-04-02T08:20",2,4,2007,2225642,2225642,"HUMAN_OBSERVATION","TPWD","Aransas Bay Trawl",NA,NA,"",NA,"CC0_1_0","","TPWD",NA,NA,2025-02-01 01:12:53.149,"","GEODETIC_DATUM_INVALID;GEODETIC_DATUM_ASSUMED_WGS84;CONTINENT_DERIVED_FROM_COORDINATES;DEPTH_MIN_MAX_SWAPPED;OCCURRENCE_STATUS_UNPARSABLE"
1268887830,"d0e9b7eb-29a9-4695-bb13-22585df648a5","1110782958","Animalia","Arthropoda","Malacostraca","Decapoda","Portunidae","Callinectes","Callinectes similis",NA,"SPECIES","Callinectes similis Williams, 1966","Callinectes similis","","US","Mission-Aransas Estuary","Texas","PRESENT",NA,"c3ad790a-d426-4ac1-8e32-da61f81f0117",28.021389,-97.006944,100,NA,NA,NA,3,0,"2006-10-09T07:31",9,10,2006,2225642,2225642,"HUMAN_OBSERVATION","TPWD","Aransas Bay Trawl",NA,NA,"",NA,"CC0_1_0","","TPWD",NA,NA,2025-02-01 01:12:53.149,"","GEODETIC_DATUM_INVALID;GEODETIC_DATUM_ASSUMED_WGS84;CONTINENT_DERIVED_FROM_COORDINATES;OCCURRENCE_STATUS_UNPARSABLE"
1268887823,"d0e9b7eb-29a9-4695-bb13-22585df648a5","1110782959","Animalia","Arthropoda","Malacostraca","Decapoda","Portunidae","Callinectes","Callinectes similis",NA,"SPECIES","Callinectes similis Williams, 1966","Callinectes similis","","US","Mission-Aransas Estuary","Texas","PRESENT",NA,"c3ad790a-d426-4ac1-8e32-da61f81f0117",28.023056,-97.003056,100,NA,NA,NA,2.4,0,"2008-12-04T14:11",4,12,2008,2225642,2225642,"HUMAN_OBSERVATION","TPWD","Aransas Bay Trawl",NA,NA,"",NA,"CC0_1_0","","TPWD",NA,NA,2025-02-01 01:12:53.149,"","GEODETIC_DATUM_INVALID;GEODETIC_DATUM_ASSUMED_WGS84;CONTINENT_DERIVED_FROM_COORDINATES;OCCURRENCE_STATUS_UNPARSABLE"
1268887809,"d0e9b7eb-29a9-4695-bb13-22585df648a5","1110782960","Animalia","Arthropoda","Malacostraca","Decapoda","Portunidae","Callinectes","Callinectes similis",NA,"SPECIES","Callinectes similis Williams, 1966","Callinectes similis","","US","Mission-Aransas Estuary","Texas","PRESENT",NA,"c3ad790a-d426-4ac1-8e32-da61f81f0117",28.023056,-97.010833,100,NA,NA,NA,2.85,0.15,"2005-05-16T07:12",16,5,2005,2225642,2225642,"HUMAN_OBSERVATION","TPWD","Aransas Bay Trawl",NA,NA,"",NA,"CC0_1_0","","TPWD",NA,NA,2025-02-01 01:12:53.149,"","GEODETIC_DATUM_INVALID;GEODETIC_DATUM_ASSUMED_WGS84;CONTINENT_DERIVED_FROM_COORDINATES;DEPTH_MIN_MAX_SWAPPED;OCCURRENCE_STATUS_UNPARSABLE"
1268887710,"d0e9b7eb-29a9-4695-bb13-22585df648a5","1110782817","Animalia","Arthropoda","Malacostraca","Decapoda","Portunidae","Callinectes","Callinectes similis",NA,"SPECIES","Callinectes similis Williams, 1966","Callinectes similis","","US","Mission-Aransas Estuary","Texas","PRESENT",NA,"c3ad790a-d426-4ac1-8e32-da61f81f0117",28.041944,-96.976389,100,NA,NA,NA,2.85,0.05,"2008-10-16T14:55",16,10,2008,2225642,2225642,"HUMAN_OBSERVATION","TPWD","Aransas Bay Trawl",NA,NA,"",NA,"CC0_1_0","","TPWD",NA,NA,2025-02-01 01:12:53.137,"","GEODETIC_DATUM_INVALID;GEODETIC_DATUM_ASSUMED_WGS84;CONTINENT_DERIVED_FROM_COORDINATES;DEPTH_MIN_MAX_SWAPPED;OCCURRENCE_STATUS_UNPARSABLE"
1268887682,"d0e9b7eb-29a9-4695-bb13-22585df648a5","1110782818","Animalia","Arthropoda","Malacostraca","Decapoda","Portunidae","Callinectes","Callinectes similis",NA,"SPECIES","Callinectes similis Williams, 1966","Callinectes similis","","US","Mission-Aransas Estuary","Texas","PRESENT",NA,"c3ad790a-d426-4ac1-8e32-da61f81f0117",28.043056,-96.973333,100,NA,NA,NA,2.55,0.15,"2007-05-22T10:13",22,5,2007,2225642,2225642,"HUMAN_OBSERVATION","TPWD","Aransas Bay Trawl",NA,NA,"",NA,"CC0_1_0","","TPWD",NA,NA,2025-02-01 01:12:53.136,"","GEODETIC_DATUM_INVALID;GEODETIC_DATUM_ASSUMED_WGS84;CONTINENT_DERIVED_FROM_COORDINATES;OCCURRENCE_STATUS_UNPARSABLE"
1268887652,"d0e9b7eb-29a9-4695-bb13-22585df648a5","1110782783","Animalia","Arthropoda","Malacostraca","Decapoda","Portunidae","Callinectes","Callinectes similis",NA,"SPECIES","Callinectes similis Williams, 1966","Callinectes similis","","US","Mission-Aransas Estuary","Texas","PRESENT",NA,"c3ad790a-d426-4ac1-8e32-da61f81f0117",28.041667,-96.973889,100,NA,NA,NA,2.7,0,"2005-10-17T07:52",17,10,2005,2225642,2225642,"HUMAN_OBSERVATION","TPWD","Aransas Bay Trawl",NA,NA,"",NA,"CC0_1_0","","TPWD",NA,NA,2025-02-01 01:12:53.122,"","GEODETIC_DATUM_INVALID;GEODETIC_DATUM_ASSUMED_WGS84;CONTINENT_DERIVED_FROM_COORDINATES;OCCURRENCE_STATUS_UNPARSABLE"
1268887590,"d0e9b7eb-29a9-4695-bb13-22585df648a5","1110782714","Animalia","Arthropoda","Malacostraca","Decapoda","Portunidae","Callinectes","Callinectes similis",NA,"SPECIES","Callinectes similis Williams, 1966","Callinectes similis","","US","Mission-Aransas Estuary","Texas","PRESENT",NA,"c3ad790a-d426-4ac1-8e32-da61f81f0117",28.036389,-96.994167,100,NA,NA,NA,2.7,0,"2007-08-20T09:42",20,8,2007,2225642,2225642,"HUMAN_OBSERVATION","TPWD","Aransas Bay Trawl",NA,NA,"",NA,"CC0_1_0","","TPWD",NA,NA,2025-02-01 01:12:53.13,"","GEODETIC_DATUM_INVALID;GEODETIC_DATUM_ASSUMED_WGS84;CONTINENT_DERIVED_FROM_COORDINATES;OCCURRENCE_STATUS_UNPARSABLE"
1268887583,"d0e9b7eb-29a9-4695-bb13-22585df648a5","1110782718","Animalia","Arthropoda","Malacostraca","Decapoda","Portunidae","Callinectes","Callinectes similis",NA,"SPECIES","Callinectes similis Williams, 1966","Callinectes similis","","US","Mission-Aransas Estuary","Texas","PRESENT",NA,"c3ad790a-d426-4ac1-8e32-da61f81f0117",28.039167,-96.99,100,NA,NA,NA,2.1,0,"2008-12-04T13:49",4,12,2008,2225642,2225642,"HUMAN_OBSERVATION","TPWD","Aransas Bay Trawl",NA,NA,"",NA,"CC0_1_0","","TPWD",NA,NA,2025-02-01 01:12:53.13,"","GEODETIC_DATUM_INVALID;GEODETIC_DATUM_ASSUMED_WGS84;CONTINENT_DERIVED_FROM_COORDINATES;OCCURRENCE_STATUS_UNPARSABLE"
1268887568,"d0e9b7eb-29a9-4695-bb13-22585df648a5","1110782665","Animalia","Arthropoda","Malacostraca","Decapoda","Portunidae","Callinectes","Callinectes similis",NA,"SPECIES","Callinectes similis Williams, 1966","Callinectes similis","","US","Mission-Aransas Estuary","Texas","PRESENT",NA,"c3ad790a-d426-4ac1-8e32-da61f81f0117",28.041389,-97.010278,100,NA,NA,NA,2.7,0,"2007-07-10T09:06",10,7,2007,2225642,2225642,"HUMAN_OBSERVATION","TPWD","Aransas Bay Trawl",NA,NA,"",NA,"CC0_1_0","","TPWD",NA,NA,2025-02-01 01:12:53.107,"","GEODETIC_DATUM_INVALID;GEODETIC_DATUM_ASSUMED_WGS84;CONTINENT_DERIVED_FROM_COORDINATES;OCCURRENCE_STATUS_UNPARSABLE"
1268887538,"d0e9b7eb-29a9-4695-bb13-22585df648a5","1110782662","Animalia","Arthropoda","Malacostraca","Decapoda","Portunidae","Callinectes","Callinectes similis",NA,"SPECIES","Callinectes similis Williams, 1966","Callinectes similis","","US","Mission-Aransas Estuary","Texas","PRESENT",NA,"c3ad790a-d426-4ac1-8e32-da61f81f0117",28.041389,-97.006389,100,NA,NA,NA,2.4,0,"2006-11-16T09:28",16,11,2006,2225642,2225642,"HUMAN_OBSERVATION","TPWD","Aransas Bay Trawl",NA,NA,"",NA,"CC0_1_0","","TPWD",NA,NA,2025-02-01 01:12:53.107,"","GEODETIC_DATUM_INVALID;GEODETIC_DATUM_ASSUMED_WGS84;CONTINENT_DERIVED_FROM_COORDINATES;OCCURRENCE_STATUS_UNPARSABLE"
1268887513,"d0e9b7eb-29a9-4695-bb13-22585df648a5","1110782629","Animalia","Arthropoda","Malacostraca","Decapoda","Portunidae","Callinectes","Callinectes similis",NA,"SPECIES","Callinectes similis Williams, 1966","Callinectes similis","","US","Mission-Aransas Estuary","Texas","PRESENT",NA,"c3ad790a-d426-4ac1-8e32-da61f81f0117",28.059444,-96.944444,100,NA,NA,NA,1.6,0.1,"2008-09-17T09:54",17,9,2008,2225642,2225642,"HUMAN_OBSERVATION","TPWD","Aransas Bay Trawl",NA,NA,"",NA,"CC0_1_0","","TPWD",NA,NA,2025-02-01 01:12:53.112,"","GEODETIC_DATUM_INVALID;GEODETIC_DATUM_ASSUMED_WGS84;CONTINENT_DERIVED_FROM_COORDINATES;DEPTH_MIN_MAX_SWAPPED;OCCURRENCE_STATUS_UNPARSABLE"
1268887413,"d0e9b7eb-29a9-4695-bb13-22585df648a5","1110782505","Animalia","Arthropoda","Malacostraca","Decapoda","Portunidae","Callinectes","Callinectes similis",NA,"SPECIES","Callinectes similis Williams, 1966","Callinectes similis","","US","Mission-Aransas Estuary","Texas","PRESENT",NA,"c3ad790a-d426-4ac1-8e32-da61f81f0117",28.058056,-96.973611,100,NA,NA,NA,2.4,0,"2006-02-02T08:19",2,2,2006,2225642,2225642,"HUMAN_OBSERVATION","TPWD","Aransas Bay Trawl",NA,NA,"",NA,"CC0_1_0","","TPWD",NA,NA,2025-02-01 01:12:53.217,"","GEODETIC_DATUM_INVALID;GEODETIC_DATUM_ASSUMED_WGS84;CONTINENT_DERIVED_FROM_COORDINATES;OCCURRENCE_STATUS_UNPARSABLE"
1268887408,"d0e9b7eb-29a9-4695-bb13-22585df648a5","1110782538","Animalia","Arthropoda","Malacostraca","Decapoda","Portunidae","Callinectes","Callinectes similis",NA,"SPECIES","Callinectes similis Williams, 1966","Callinectes similis","","US","Mission-Aransas Estuary","Texas","PRESENT",NA,"c3ad790a-d426-4ac1-8e32-da61f81f0117",28.058611,-96.975,100,NA,NA,NA,2.1,0,"2006-07-19T07:55",19,7,2006,2225642,2225642,"HUMAN_OBSERVATION","TPWD","Aransas Bay Trawl",NA,NA,"",NA,"CC0_1_0","","TPWD",NA,NA,2025-02-01 01:12:53.213,"","GEODETIC_DATUM_INVALID;GEODETIC_DATUM_ASSUMED_WGS84;CONTINENT_DERIVED_FROM_COORDINATES;OCCURRENCE_STATUS_UNPARSABLE"
1268887394,"d0e9b7eb-29a9-4695-bb13-22585df648a5","1110782509","Animalia","Arthropoda","Malacostraca","Decapoda","Portunidae","Callinectes","Callinectes similis",NA,"SPECIES","Callinectes similis Williams, 1966","Callinectes similis","","US","Mission-Aransas Estuary","Texas","PRESENT",NA,"c3ad790a-d426-4ac1-8e32-da61f81f0117",28.058333,-96.974444,100,NA,NA,NA,2.1,0,"2006-04-04T10:39",4,4,2006,2225642,2225642,"HUMAN_OBSERVATION","TPWD","Aransas Bay Trawl",NA,NA,"",NA,"CC0_1_0","","TPWD",NA,NA,2025-02-01 01:12:53.218,"","GEODETIC_DATUM_INVALID;GEODETIC_DATUM_ASSUMED_WGS84;CONTINENT_DERIVED_FROM_COORDINATES;OCCURRENCE_STATUS_UNPARSABLE"
1268887375,"d0e9b7eb-29a9-4695-bb13-22585df648a5","1110782497","Animalia","Arthropoda","Malacostraca","Decapoda","Portunidae","Callinectes","Callinectes similis",NA,"SPECIES","Callinectes similis Williams, 1966","Callinectes similis","","US","Mission-Aransas Estuary","Texas","PRESENT",NA,"c3ad790a-d426-4ac1-8e32-da61f81f0117",28.051667,-96.970278,100,NA,NA,NA,1.8,0,"2008-12-04T12:42",4,12,2008,2225642,2225642,"HUMAN_OBSERVATION","TPWD","Aransas Bay Trawl",NA,NA,"",NA,"CC0_1_0","","TPWD",NA,NA,2025-02-01 01:12:53.207,"","GEODETIC_DATUM_INVALID;GEODETIC_DATUM_ASSUMED_WGS84;CONTINENT_DERIVED_FROM_COORDINATES;OCCURRENCE_STATUS_UNPARSABLE"
1268887372,"d0e9b7eb-29a9-4695-bb13-22585df648a5","1110782495","Animalia","Arthropoda","Malacostraca","Decapoda","Portunidae","Callinectes","Callinectes similis",NA,"SPECIES","Callinectes similis Williams, 1966","Callinectes similis","","US","Mission-Aransas Estuary","Texas","PRESENT",NA,"c3ad790a-d426-4ac1-8e32-da61f81f0117",28.06,-96.991111,100,NA,NA,NA,2.4,0,"2006-05-17T08:39",17,5,2006,2225642,2225642,"HUMAN_OBSERVATION","TPWD","Aransas Bay Trawl",NA,NA,"",NA,"CC0_1_0","","TPWD",NA,NA,2025-02-01 01:12:53.211,"","GEODETIC_DATUM_INVALID;GEODETIC_DATUM_ASSUMED_WGS84;CONTINENT_DERIVED_FROM_COORDINATES;OCCURRENCE_STATUS_UNPARSABLE"
1268887247,"d0e9b7eb-29a9-4695-bb13-22585df648a5","1110782362","Animalia","Arthropoda","Malacostraca","Decapoda","Portunidae","Callinectes","Callinectes similis",NA,"SPECIES","Callinectes similis Williams, 1966","Callinectes similis","","US","Mission-Aransas Estuary","Texas","PRESENT",NA,"c3ad790a-d426-4ac1-8e32-da61f81f0117",28.055833,-97.023056,100,NA,NA,NA,2.4,0,"2008-11-06T12:23",6,11,2008,2225642,2225642,"HUMAN_OBSERVATION","TPWD","Aransas Bay Trawl",NA,NA,"",NA,"CC0_1_0","","TPWD",NA,NA,2025-02-01 01:12:53.188,"","GEODETIC_DATUM_INVALID;GEODETIC_DATUM_ASSUMED_WGS84;CONTINENT_DERIVED_FROM_COORDINATES;OCCURRENCE_STATUS_UNPARSABLE"
1268887073,"d0e9b7eb-29a9-4695-bb13-22585df648a5","1110782195","Animalia","Arthropoda","Malacostraca","Decapoda","Portunidae","Callinectes","Callinectes similis",NA,"SPECIES","Callinectes similis Williams, 1966","Callinectes similis","","US","Mission-Aransas Estuary","Texas","PRESENT",NA,"c3ad790a-d426-4ac1-8e32-da61f81f0117",28.073889,-96.9925,100,NA,NA,NA,2.1,0,"2006-05-17T09:05",17,5,2006,2225642,2225642,"HUMAN_OBSERVATION","TPWD","Aransas Bay Trawl",NA,NA,"",NA,"CC0_1_0","","TPWD",NA,NA,2025-02-01 01:12:53.159,"","GEODETIC_DATUM_INVALID;GEODETIC_DATUM_ASSUMED_WGS84;CONTINENT_DERIVED_FROM_COORDINATES;OCCURRENCE_STATUS_UNPARSABLE"
1268887057,"d0e9b7eb-29a9-4695-bb13-22585df648a5","1110782191","Animalia","Arthropoda","Malacostraca","Decapoda","Portunidae","Callinectes","Callinectes similis",NA,"SPECIES","Callinectes similis Williams, 1966","Callinectes similis","","US","Mission-Aransas Estuary","Texas","PRESENT",NA,"c3ad790a-d426-4ac1-8e32-da61f81f0117",28.072222,-96.993889,100,NA,NA,NA,2.25,0.15,"2007-03-27T08:55",27,3,2007,2225642,2225642,"HUMAN_OBSERVATION","TPWD","Aransas Bay Trawl",NA,NA,"",NA,"CC0_1_0","","TPWD",NA,NA,2025-02-01 01:12:53.159,"","GEODETIC_DATUM_INVALID;GEODETIC_DATUM_ASSUMED_WGS84;CONTINENT_DERIVED_FROM_COORDINATES;DEPTH_MIN_MAX_SWAPPED;OCCURRENCE_STATUS_UNPARSABLE"
1268887023,"d0e9b7eb-29a9-4695-bb13-22585df648a5","1110782144","Animalia","Arthropoda","Malacostraca","Decapoda","Portunidae","Callinectes","Callinectes similis",NA,"SPECIES","Callinectes similis Williams, 1966","Callinectes similis","","US","Mission-Aransas Estuary","Texas","PRESENT",NA,"c3ad790a-d426-4ac1-8e32-da61f81f0117",28.075833,-97.024444,100,NA,NA,NA,2.65,0.05,"2008-10-08T16:03",8,10,2008,2225642,2225642,"HUMAN_OBSERVATION","TPWD","Aransas Bay Trawl",NA,NA,"",NA,"CC0_1_0","","TPWD",NA,NA,2025-02-01 01:12:53.157,"","GEODETIC_DATUM_INVALID;GEODETIC_DATUM_ASSUMED_WGS84;CONTINENT_DERIVED_FROM_COORDINATES;DEPTH_MIN_MAX_SWAPPED;OCCURRENCE_STATUS_UNPARSABLE"
1268887003,"d0e9b7eb-29a9-4695-bb13-22585df648a5","1110782146","Animalia","Arthropoda","Malacostraca","Decapoda","Portunidae","Callinectes","Callinectes similis",NA,"SPECIES","Callinectes similis Williams, 1966","Callinectes similis","","US","Mission-Aransas Estuary","Texas","PRESENT",NA,"c3ad790a-d426-4ac1-8e32-da61f81f0117",28.076944,-97.028056,100,NA,NA,NA,2.25,0.15,"2006-06-19T16:28",19,6,2006,2225642,2225642,"HUMAN_OBSERVATION","TPWD","Aransas Bay Trawl",NA,NA,"",NA,"CC0_1_0","","TPWD",NA,NA,2025-02-01 01:12:53.157,"","GEODETIC_DATUM_INVALID;GEODETIC_DATUM_ASSUMED_WGS84;CONTINENT_DERIVED_FROM_COORDINATES;DEPTH_MIN_MAX_SWAPPED;OCCURRENCE_STATUS_UNPARSABLE"
1268886923,"d0e9b7eb-29a9-4695-bb13-22585df648a5","1110782026","Animalia","Arthropoda","Malacostraca","Decapoda","Portunidae","Callinectes","Callinectes similis",NA,"SPECIES","Callinectes similis Williams, 1966","Callinectes similis","","US","Mission-Aransas Estuary","Texas","PRESENT",NA,"c3ad790a-d426-4ac1-8e32-da61f81f0117",28.088889,-96.940833,100,NA,NA,NA,1.2,0,"2008-11-16T09:34",16,11,2008,2225642,2225642,"HUMAN_OBSERVATION","TPWD","Aransas Bay Trawl",NA,NA,"",NA,"CC0_1_0","","TPWD",NA,NA,2025-02-01 01:12:53.824,"","GEODETIC_DATUM_INVALID;GEODETIC_DATUM_ASSUMED_WGS84;CONTINENT_DERIVED_FROM_COORDINATES;OCCURRENCE_STATUS_UNPARSABLE"
1268886889,"d0e9b7eb-29a9-4695-bb13-22585df648a5","1110782030","Animalia","Arthropoda","Malacostraca","Decapoda","Portunidae","Callinectes","Callinectes similis",NA,"SPECIES","Callinectes similis Williams, 1966","Callinectes similis","","US","Mission-Aransas Estuary","Texas","PRESENT",NA,"c3ad790a-d426-4ac1-8e32-da61f81f0117",28.090556,-96.943333,100,NA,NA,NA,1.05,0.15,"2006-03-24T10:29",24,3,2006,2225642,2225642,"HUMAN_OBSERVATION","TPWD","Aransas Bay Trawl",NA,NA,"",NA,"CC0_1_0","","TPWD",NA,NA,2025-02-01 01:12:53.822,"","GEODETIC_DATUM_INVALID;GEODETIC_DATUM_ASSUMED_WGS84;CONTINENT_DERIVED_FROM_COORDINATES;OCCURRENCE_STATUS_UNPARSABLE"
1268886885,"d0e9b7eb-29a9-4695-bb13-22585df648a5","1110782022","Animalia","Arthropoda","Malacostraca","Decapoda","Portunidae","Callinectes","Callinectes similis",NA,"SPECIES","Callinectes similis Williams, 1966","Callinectes similis","","US","Mission-Aransas Estuary","Texas","PRESENT",NA,"c3ad790a-d426-4ac1-8e32-da61f81f0117",28.093056,-96.958611,100,NA,NA,NA,1.65,0.15,"2007-08-06T13:40",6,8,2007,2225642,2225642,"HUMAN_OBSERVATION","TPWD","Aransas Bay Trawl",NA,NA,"",NA,"CC0_1_0","","TPWD",NA,NA,2025-02-01 01:12:53.823,"","GEODETIC_DATUM_INVALID;GEODETIC_DATUM_ASSUMED_WGS84;CONTINENT_DERIVED_FROM_COORDINATES;DEPTH_MIN_MAX_SWAPPED;OCCURRENCE_STATUS_UNPARSABLE"
1268886859,"d0e9b7eb-29a9-4695-bb13-22585df648a5","1110781981","Animalia","Arthropoda","Malacostraca","Decapoda","Portunidae","Callinectes","Callinectes similis",NA,"SPECIES","Callinectes similis Williams, 1966","Callinectes similis","","US","Mission-Aransas Estuary","Texas","PRESENT",NA,"c3ad790a-d426-4ac1-8e32-da61f81f0117",28.090833,-96.960278,100,NA,NA,NA,1.5,0,"2006-11-01T11:44",1,11,2006,2225642,2225642,"HUMAN_OBSERVATION","TPWD","Aransas Bay Trawl",NA,NA,"",NA,"CC0_1_0","","TPWD",NA,NA,2025-02-01 01:12:52.567,"","GEODETIC_DATUM_INVALID;GEODETIC_DATUM_ASSUMED_WGS84;CONTINENT_DERIVED_FROM_COORDINATES;OCCURRENCE_STATUS_UNPARSABLE"
1268886852,"d0e9b7eb-29a9-4695-bb13-22585df648a5","1110781972","Animalia","Arthropoda","Malacostraca","Decapoda","Portunidae","Callinectes","Callinectes similis",NA,"SPECIES","Callinectes similis Williams, 1966","Callinectes similis","","US","Mission-Aransas Estuary","Texas","PRESENT",NA,"c3ad790a-d426-4ac1-8e32-da61f81f0117",28.091667,-96.976111,100,NA,NA,NA,1.8,0,"2006-02-24T09:27",24,2,2006,2225642,2225642,"HUMAN_OBSERVATION","TPWD","Aransas Bay Trawl",NA,NA,"",NA,"CC0_1_0","","TPWD",NA,NA,2025-02-01 01:12:52.566,"","GEODETIC_DATUM_INVALID;GEODETIC_DATUM_ASSUMED_WGS84;CONTINENT_DERIVED_FROM_COORDINATES;OCCURRENCE_STATUS_UNPARSABLE"
1268886837,"d0e9b7eb-29a9-4695-bb13-22585df648a5","1110781978","Animalia","Arthropoda","Malacostraca","Decapoda","Portunidae","Callinectes","Callinectes similis",NA,"SPECIES","Callinectes similis Williams, 1966","Callinectes similis","","US","Mission-Aransas Estuary","Texas","PRESENT",NA,"c3ad790a-d426-4ac1-8e32-da61f81f0117",28.093056,-96.976111,100,NA,NA,NA,1.8,0,"2006-04-04T15:16",4,4,2006,2225642,2225642,"HUMAN_OBSERVATION","TPWD","Aransas Bay Trawl",NA,NA,"",NA,"CC0_1_0","","TPWD",NA,NA,2025-02-01 01:12:52.566,"","GEODETIC_DATUM_INVALID;GEODETIC_DATUM_ASSUMED_WGS84;CONTINENT_DERIVED_FROM_COORDINATES;OCCURRENCE_STATUS_UNPARSABLE"
1268886801,"d0e9b7eb-29a9-4695-bb13-22585df648a5","1110781903","Animalia","Arthropoda","Malacostraca","Decapoda","Portunidae","Callinectes","Callinectes similis",NA,"SPECIES","Callinectes similis Williams, 1966","Callinectes similis","","US","Mission-Aransas Estuary","Texas","PRESENT",NA,"c3ad790a-d426-4ac1-8e32-da61f81f0117",28.091389,-96.992778,100,NA,NA,NA,1.95,0.15,"2006-03-24T13:31",24,3,2006,2225642,2225642,"HUMAN_OBSERVATION","TPWD","Aransas Bay Trawl",NA,NA,"",NA,"CC0_1_0","","TPWD",NA,NA,2025-02-01 01:12:52.547,"","GEODETIC_DATUM_INVALID;GEODETIC_DATUM_ASSUMED_WGS84;CONTINENT_DERIVED_FROM_COORDINATES;OCCURRENCE_STATUS_UNPARSABLE"
1268886800,"d0e9b7eb-29a9-4695-bb13-22585df648a5","1110781930","Animalia","Arthropoda","Malacostraca","Decapoda","Portunidae","Callinectes","Callinectes similis",NA,"SPECIES","Callinectes similis Williams, 1966","Callinectes similis","","US","Mission-Aransas Estuary","Texas","PRESENT",NA,"c3ad790a-d426-4ac1-8e32-da61f81f0117",28.092222,-96.989444,100,NA,NA,NA,1.9,0,"2007-12-17T14:30",17,12,2007,2225642,2225642,"HUMAN_OBSERVATION","TPWD","Aransas Bay Trawl",NA,NA,"",NA,"CC0_1_0","","TPWD",NA,NA,2025-02-01 01:12:52.546,"","GEODETIC_DATUM_INVALID;GEODETIC_DATUM_ASSUMED_WGS84;CONTINENT_DERIVED_FROM_COORDINATES;OCCURRENCE_STATUS_UNPARSABLE"
1268886673,"d0e9b7eb-29a9-4695-bb13-22585df648a5","1110781791","Animalia","Arthropoda","Malacostraca","Decapoda","Portunidae","Callinectes","Callinectes similis",NA,"SPECIES","Callinectes similis Williams, 1966","Callinectes similis","","US","Mission-Aransas Estuary","Texas","PRESENT",NA,"c3ad790a-d426-4ac1-8e32-da61f81f0117",28.103611,-96.9075,100,NA,NA,NA,1.05,0.15,"2007-09-06T10:26",6,9,2007,2225642,2225642,"HUMAN_OBSERVATION","TPWD","Aransas Bay Trawl",NA,NA,"",NA,"CC0_1_0","","TPWD",NA,NA,2025-02-01 01:12:52.51,"","GEODETIC_DATUM_INVALID;GEODETIC_DATUM_ASSUMED_WGS84;CONTINENT_DERIVED_FROM_COORDINATES;DEPTH_MIN_MAX_SWAPPED;OCCURRENCE_STATUS_UNPARSABLE"
1268886622,"d0e9b7eb-29a9-4695-bb13-22585df648a5","1110781751","Animalia","Arthropoda","Malacostraca","Decapoda","Portunidae","Callinectes","Callinectes similis",NA,"SPECIES","Callinectes similis Williams, 1966","Callinectes similis","","US","Mission-Aransas Estuary","Texas","PRESENT",NA,"c3ad790a-d426-4ac1-8e32-da61f81f0117",28.106667,-96.924167,100,NA,NA,NA,0.9,0,"2006-03-24T11:42",24,3,2006,2225642,2225642,"HUMAN_OBSERVATION","TPWD","Aransas Bay Trawl",NA,NA,"",NA,"CC0_1_0","","TPWD",NA,NA,2025-02-01 01:12:52.519,"","GEODETIC_DATUM_INVALID;GEODETIC_DATUM_ASSUMED_WGS84;CONTINENT_DERIVED_FROM_COORDINATES;OCCURRENCE_STATUS_UNPARSABLE"
1268886597,"d0e9b7eb-29a9-4695-bb13-22585df648a5","1110781700","Animalia","Arthropoda","Malacostraca","Decapoda","Portunidae","Callinectes","Callinectes similis",NA,"SPECIES","Callinectes similis Williams, 1966","Callinectes similis","","US","Mission-Aransas Estuary","Texas","PRESENT",NA,"c3ad790a-d426-4ac1-8e32-da61f81f0117",28.108056,-96.9425,100,NA,NA,NA,1.2,0,"2007-05-08T11:11",8,5,2007,2225642,2225642,"HUMAN_OBSERVATION","TPWD","Aransas Bay Trawl",NA,NA,"",NA,"CC0_1_0","","TPWD",NA,NA,2025-02-01 01:12:52.515,"","GEODETIC_DATUM_INVALID;GEODETIC_DATUM_ASSUMED_WGS84;CONTINENT_DERIVED_FROM_COORDINATES;OCCURRENCE_STATUS_UNPARSABLE"
1268886551,"d0e9b7eb-29a9-4695-bb13-22585df648a5","1110781652","Animalia","Arthropoda","Malacostraca","Decapoda","Portunidae","Callinectes","Callinectes similis",NA,"SPECIES","Callinectes similis Williams, 1966","Callinectes similis","","US","Mission-Aransas Estuary","Texas","PRESENT",NA,"c3ad790a-d426-4ac1-8e32-da61f81f0117",28.106389,-96.955278,100,NA,NA,NA,1.95,0.75,"2006-07-19T13:05",19,7,2006,2225642,2225642,"HUMAN_OBSERVATION","TPWD","Aransas Bay Trawl",NA,NA,"",NA,"CC0_1_0","","TPWD",NA,NA,2025-02-01 01:12:52.371,"","GEODETIC_DATUM_INVALID;GEODETIC_DATUM_ASSUMED_WGS84;CONTINENT_DERIVED_FROM_COORDINATES;DEPTH_MIN_MAX_SWAPPED;OCCURRENCE_STATUS_UNPARSABLE"
1268886534,"d0e9b7eb-29a9-4695-bb13-22585df648a5","1110781647","Animalia","Arthropoda","Malacostraca","Decapoda","Portunidae","Callinectes","Callinectes similis",NA,"SPECIES","Callinectes similis Williams, 1966","Callinectes similis","","US","Mission-Aransas Estuary","Texas","PRESENT",NA,"c3ad790a-d426-4ac1-8e32-da61f81f0117",28.109444,-96.974444,100,NA,NA,NA,1.65,0.0499999999999999,"2008-08-01T12:00",1,8,2008,2225642,2225642,"HUMAN_OBSERVATION","TPWD","Aransas Bay Trawl",NA,NA,"",NA,"CC0_1_0","","TPWD",NA,NA,2025-02-01 01:12:52.374,"","GEODETIC_DATUM_INVALID;GEODETIC_DATUM_ASSUMED_WGS84;CONTINENT_DERIVED_FROM_COORDINATES;DEPTH_MIN_MAX_SWAPPED;OCCURRENCE_STATUS_UNPARSABLE"
1268886524,"d0e9b7eb-29a9-4695-bb13-22585df648a5","1110781640","Animalia","Arthropoda","Malacostraca","Decapoda","Portunidae","Callinectes","Callinectes similis",NA,"SPECIES","Callinectes similis Williams, 1966","Callinectes similis","","US","Mission-Aransas Estuary","Texas","PRESENT",NA,"c3ad790a-d426-4ac1-8e32-da61f81f0117",28.108611,-96.974722,100,NA,NA,NA,1.35,0.15,"2007-02-20T14:57",20,2,2007,2225642,2225642,"HUMAN_OBSERVATION","TPWD","Aransas Bay Trawl",NA,NA,"",NA,"CC0_1_0","","TPWD",NA,NA,2025-02-01 01:12:52.373,"","GEODETIC_DATUM_INVALID;GEODETIC_DATUM_ASSUMED_WGS84;CONTINENT_DERIVED_FROM_COORDINATES;DEPTH_MIN_MAX_SWAPPED;OCCURRENCE_STATUS_UNPARSABLE"
1268886389,"d0e9b7eb-29a9-4695-bb13-22585df648a5","1110781522","Animalia","Arthropoda","Malacostraca","Decapoda","Portunidae","Callinectes","Callinectes similis",NA,"SPECIES","Callinectes similis Williams, 1966","Callinectes similis","","US","Mission-Aransas Estuary","Texas","PRESENT",NA,"c3ad790a-d426-4ac1-8e32-da61f81f0117",28.1075,-97.008611,100,NA,NA,NA,2.4,0,"2007-07-10T10:35",10,7,2007,2225642,2225642,"HUMAN_OBSERVATION","TPWD","Aransas Bay Trawl",NA,NA,"",NA,"CC0_1_0","","TPWD",NA,NA,2025-02-01 01:12:52.349,"","GEODETIC_DATUM_INVALID;GEODETIC_DATUM_ASSUMED_WGS84;CONTINENT_DERIVED_FROM_COORDINATES;OCCURRENCE_STATUS_UNPARSABLE"
